2707,2416,2559,2512,2707,2511,2707,2707,2594,2707,2707,2562,2707,2560,2707,2707,2416,2707,2594,2707,2610,2511,2707,2416,2416,2511,2594,2707,2707,2416,2512,2560,2707,2707,2707,2561,2707,2707,2562,2707,2707,2707,2707,2707,2512,2512,2707,2594,2561,2707
2606,2361,2512,2561,2707,2487,2707,2623,2411,2361,2361,2417,2368,2655,2487,2487,2361,3000,2305,2417,2368,2361,2707,2561,2411,2305,2613,2561,2459,2487,2361,2417,2411,2459,2305,2417,2411,2655,2487,2361,2595,2512,2368,2305,2707,2606,2707,2411,2606,2707
2455,2515,2368,2590,2411,2361,2609,2318,2238,2361,2459,2318,2607,2397,2556,2397,2397,2368,2334,2318,2361,2334,2459,2334,2238,2334,2334,2238,2334,2710,2543,2543,2334,2238,2309,2412,2309,2459,2412,2397,2459,2512,2605,2459,2397,2411,2309,2361,2361,2334
2158,2461,2158,2396,2279,2463,2281,2361,2279,2197,2361,2197,2364,2318,2253,2396,2281,2197,2462,2253,2216,2329,2341,2329,2253,2318,2253,2461,2279,2364,2361,2509,2396,2253,2608,2216,2606,2318,2361,2341,2281,2216,2318,2253,2396,2253,2396,2197,2329,2279
2120,2238,2295,2238,2494,2357,2367,2183,2302,2211,2256,2309,2309,2238,2345,2178,2365,2315,2211,2238,2338,2315,2314,2269,2314,2367,2178,2238,2485,2211,2120,2256,2120,2309,2120,2256,2120,2238,2362,2302,2238,2178,2338,2238,2315,2309,2530,2269,2120,2238
2084,2396,2259,2259,2259,2259,2259,2240,2158,2084,2006,2158,2084,2303,2259,2303,2344,2169,2166,2259,2223,2084,1981,2259,2223,2259,2240,2166,2216,2084,2231,2166,2231,2259,2362,1981,2362,2006,2223,2158,2212,2172,2312,2216,2259,2166,2259,1981,2270,2259
2120,2246,2100,2081,2120,2120,2120,2176,2120,2120,2120,2120,2120,2120,2122,2122,2120,2120,2081,2310,2100,1721,2120,2120,2200,2182,2120,2310,2120,2120,2120,2176,2173,2081,2261,2120,2081,2120,2120,2120,2120,2120,2120,2120,2120,2120,1721,2120,2120,2173
1960,2218,1960,2120,1913,2104,2259,1913,2275,2140,2006,2142,1913,2140,1953,2250,2051,2104,2140,2206,2259,2259,2070,2216,2051,2142,2070,1913,2218,1953,2006,2070,1913,1913,1960,2187,2140,2104,2120,2006,2070,1913,2140,2104,2250,2242,2259,2006,1953,2070
2200,2071,2071,2120,2071,2071,1721,2074,2071,2095,1721,2006,1852,2183,1721,2071,2006,2200,2067,1721,1721,2200,2071,2071,2070,1721,2071,1948,2119,2006,1976,2120,2120,1721,2095,2071,1976,1721,1721,1721,2074,2071,1721,2074,2006,1721,2070,1721,1721,2095
1720,1864,1720,1864,1960,1485,1720,1928,1913,1913,1870,1913,1864,1870,1870,1821,1485,1774,1987,1737,1720,2038,1913,1913,1774,1821,1485,1928,1987,1485,2140,2140,1870,1913,1913,1737,1913,1913,1913,1720,1870,1913,1913,1913,1913,1737,1820,1864,1820,1870
1721,2110,1923,1721,2015,2071,1796,1722,1917,1391,1391,1725,1921,1796,1721,1721,2062,1722,2063,2005,1721,2067,1391,2062,2071,1725,1722,2071,2071,2071,1923,1796,1391,1721,1391,2022,1391,2017,1725,1905,2017,1391,1905,2071,1391,1921,2022,2017,2071,1391
1825,1626,1913,2001,2120,1971,1737,1737,1913,1737,1913,1870,2003,1737,2120,1668,1913,2113,1668,1668,2140,1913,1580,1913,1668,1737,1668,1913,1913,1987,1668,1668,1913,1913,2083,1668,1913,1913,2120,1580,1737,1668,1870,2081,2001,1668,1913,1737,1913,2050
1530,1842,1752,1772,1391,1772,1391,1933,1821,1391,2013,1796,1893,1752,1391,1721,1818,2022,1893,2020,1893,2071,1818,1391,1933,1893,1933,1391,2022,1530,1625,1796,1721,1391,1391,1900,1530,1391,1823,1391,1818,1757,1752,1971,2013,1391,1625,1757,1391,1757
1737,1637,1805,1580,1805,1948,1580,1928,2047,1737,1488,1737,1802,1594,1828,1676,1580,1580,1805,1488,1580,1580,1737,1907,1805,1881,1802,1775,1580,1580,1580,1737,1737,1668,1580,1953,1594,2030,1805,1580,1668,2069,1488,1580,1775,1737,1580,2047,1676,1488
1640,1623,1752,1757,1640,1623,1581,1752,1752,1581,1640,1581,1752,1757,1640,1623,1752,1673,1757,1623,1757,1665,1893,1640,1752,1665,1665,1581,1752,1893,1893,1665,1821,1673,1625,1665,1625,1684,1752,1625,1943,1893,1673,1581,1757,1817,1817,1623,1893,1927
1850,1560,1805,1560,1778,1663,1560,1805,1580,1580,1805,1580,1560,1805,1580,1580,1805,1963,1778,1698,1580,1963,1580,1560,1753,1580,1733,1805,2005,1827,1580,1580,1805,1733,1805,1560,1560,1963,1733,1663,1805,1580,1580,1805,1805,1580,1580,1580,1580,1580
1735,1752,1710,1665,1636,1752,1735,1710,1710,1616,1616,1735,1665,1703,1752,1703,1735,1636,1703,1857,1616,1735,1826,1710,1665,1752,1735,1710,1636,1616,1823,1735,1735,1636,1752,1735,1665,1752,1752,1735,1752,1703,1752,1703,1616,1636,1703,1735,1703,1826
1560,1740,1670,1560,1560,1560,1560,1560,1560,1881,1560,1560,1560,1560,1560,1560,1560,1560,1976,1560,1560,1805,1560,1560,2005,1560,1685,1560,1805,1560,1738,1882,1881,1612,1787,1560,1560,1805,1560,1882,1560,1881,1560,1560,1916,1560,1560,1881,1560,1612
1590,1735,1678,1735,1710,1735,1710,1652,1590,1710,1735,1710,1678,1735,1537,1710,1735,1590,1678,1469,1452,1565,1593,1519,1735,1735,1735,1665,1678,1469,1735,1735,1735,1735,1652,1469,1710,1469,1735,1735,1735,1537,1678,1593,1665,1537,1678,1710,1735,1710
1560,1560,1561,1891,1560,1560,1560,1462,1454,1560,1560,1454,1811,1560,1454,1560,1560,1560,1881,1560,1560,1560,1462,1560,1703,1560,1462,1828,1560,1560,1560,1560,1454,1560,1560,1560,1560,1560,1560,1560,1560,1560,1560,1560,1454,1560,1560,1560,1560,1560
1604,1604,1295,1641,1735,1735,1641,1735,1735,1735,1604,1582,1295,1735,1735,1572,1735,1710,1295,1735,1376,1604,1376,1735,1735,1295,1376,1735,1641,1710,1735,1735,1735,1735,1572,1735,1572,1376,1735,1572,1735,1720,1641,1735,1572,1735,1735,1735,1295,1735
1560,1370,1196,1454,1560,1196,1560,1454,1560,1454,1560,1454,1370,1560,1454,1454,1196,1560,1560,1196,1196,1560,1560,1454,1403,1196,1560,1505,1560,1196,1560,1560,1560,1454,1560,1560,1560,1370,1403,1560,1560,1560,1403,1560,1560,1505,1560,1560,1560,1454
1572,1242,1735,1487,1604,1577,1604,1499,1604,1604,1735,1499,1499,1702,1707,1735,1499,1499,1604,1487,1499,1242,1735,1604,1604,1499,1499,1499,1604,1242,1577,1604,1487,1242,1242,1242,1499,1604,1735,1604,1499,1735,1499,1577,1572,1499,1242,1604,1499,1499
1454,1454,1196,1196,1303,1196,1196,1303,1196,1454,1196,1426,1196,1196,1196,1196,1196,1196,1196,1196,1454,1196,1196,1196,1196,1454,1454,1196,1196,1196,1196,1196,1196,1196,1196,1196,1196,1196,1196,1454,1196,1196,1196,1196,1196,1505,1196,1454,1454,1196
1499,1314,1499,1325,1499,1499,1325,1344,1325,1335,1499,1499,1499,1499,1499,1445,1314,1314,1335,1508,1499,1268,1499,1499,1499,1268,1499,1398,1326,1268,1499,1445,1499,1499,1499,1268,1499,1325,1499,1268,1499,1499,1335,1499,1314,1268,1499,1499,1499,1314
1196,1191,1196,1196,1303,1196,1196,1196,1196,1196,1191,1191,1196,1196,1196,1196,1196,1196,1196,1191,1196,1196,1196,1191,1196,1196,1196,1196,1191,1196,1132,1191,1196,1196,1196,1196,1196,1196,1196,1196,1196,1196,1196,1196,1196,1196,1196,1196,1351,1196
1499,1181,1466,1388,1466,1269,1388,1499,1209,1181,1466,1466,1466,1209,1466,1269,1209,1451,1209,1209,1388,1499,1181,1265,1499,1402,1209,1269,1499,1499,1499,1388,1435,1269,1499,1499,1466,1209,1466,1209,1402,1466,1388,1466,1209,1402,1466,1265,1620,1499
1191,1191,1191,1196,1191,1196,1196,1191,1191,1191,1191,1435,1191,1196,1191,1191,1191,1196,1728,1196,1196,1196,1060,1191,1060,1196,1191,1191,1083,1191,1739,1191,1375,1196,1196,1196,1191,1191,1060,1060,1191,1083,1191,1191,1060,1330,1191,1060,1196,1448
1096,1181,1300,1298,1466,1143,1378,1378,1342,1466,1096,1181,1443,1466,1357,1181,1143,1266,1298,1286,1413,1181,1466,1286,1239,1239,1266,1181,1239,1499,1378,1148,1466,1378,1342,1096,1181,1266,1266,1266,1413,1239,1466,1298,1466,1266,1298,1266,1335,1413
1463,1463,1191,1191,1191,1196,1422,1191,1373,1439,1196,1191,1191,1196,1191,1422,1368,1439,1191,1368,1191,1191,1191,1569,1562,1488,1303,1303,1373,1488,1191,1345,1630,1191,1191,1303,1345,1191,1373,1196,1191,1191,1495,1518,1463,1191,1630,1630,1191,1191
1096,1096,1466,1335,1298,1460,1096,1466,1466,1412,1096,1443,1466,1466,1466,1491,1096,1298,1415,1096,1443,1438,1096,1403,1298,1298,1096,1096,1096,1443,1287,1298,1518,1096,1298,1443,1298,1443,1335,1315,1451,1298,1096,1460,1412,1295,1412,1096,1460,1096
1463,1191,1191,1056,1191,1006,1191,1191,1463,1191,1463,1463,1511,1463,1263,1463,1263,1056,1562,1463,1191,1538,1006,1006,1191,1191,1191,1056,1191,1463,1463,1463,1463,1263,1385,1551,1191,1191,1463,1191,1191,1191,1191,1463,1463,1056,1056,1191,1191,1191
1096,1096,1377,1342,1096,1295,1096,1096,1096,1096,1096,1096,1096,1466,1096,1096,1096,1096,1096,1096,1377,1096,1096,1096,1096,1096,1096,1113,1096,1342,1096,1096,1113,1096,1096,1270,1182,1096,1295,1353,1169,1377,1096,1169,1096,1096,1096,1096,1096,1096
1400,1303,1221,1148,1056,1200,1221,1200,1056,1056,1133,1133,1333,1148,1056,1133,1056,1056,1285,1221,1108,1056,1404,1056,1133,1420,1200,1108,1056,1463,1148,1285,1420,1400,1095,1201,1133,1191,1191,1440,1390,1108,1463,1440,1221,1201,1221,1108,1221,1456
1204,1096,1096,1377,1377,1377,1386,1096,1096,1096,1096,1609,1096,999,1096,1191,1191,1377,1377,1307,1374,1402,1191,1377,1096,1402,1365,1374,1374,1096,1096,1410,1096,1096,1292,999,1096,1377,1240,1374,1377,1307,999,1096,1204,1096,1096,1365,1386,1204
1249,1133,1056,1463,1463,1436,1311,1056,1056,1056,1434,1056,1056,1370,1150,1150,1463,1056,1056,1056,1056,1056,1056,1056,1133,1436,1056,1293,1215,1056,1311,1056,1463,1215,1133,1434,1056,1293,1215,1056,1056,1056,1326,1056,1056,1056,1133,1056,1133,1056
1251,999,1251,1377,1103,1096,999,1333,1377,1096,1168,1251,1377,1096,1313,1145,1377,1377,1096,1377,1096,1096,999,1096,1377,1313,1377,1096,1040,999,1377,1096,999,999,1145,1377,1145,999,1040,1264,1096,999,1096,1280,1096,1096,999,999,1096,1377
1056,1056,1056,1056,1402,1056,1056,1056,1056,1215,1215,1215,1056,1056,1056,1215,1056,1056,1056,1056,1215,1056,1056,1215,1389,1056,1056,1215,1215,1113,1056,1056,1156,1215,1056,1056,1247,1461,1056,1056,1461,1056,1056,1461,1332,1056,1056,1056,1056,1056
1900,1377,999,999,999,1306,1145,999,999,999,999,1145,1042,999,1377,999,999,999,999,999,1226,1377,999,999,999,999,999,1377,999,1377,1077,1306,1377,999,999,999,1077,1377,999,999,1189,999,1279,1189,999,999,999,999,999,999
1056,1056,1056,979,1056,1056,1215,979,979,1215,1159,1056,1215,1215,979,1056,1056,1056,1056,1215,1056,979,1182,1056,1056,1215,1172,1056,1159,1215,1215,979,1215,1056,1056,1215,1056,1056,1215,1056,1056,1056,1159,1056,1215,1056,979,1039,1215,1056
1055,999,999,999,999,1377,999,999,999,1216,999,999,1055,999,1377,999,999,1377,999,1096,999,999,999,999,999,999,999,999,999,999,1096,1055,1377,999,999,1096,1216,999,999,1210,999,999,999,1114,999,999,999,999,1096,999
1056,1215,1189,1162,1215,1215,1056,1056,1134,1056,1056,1106,1139,1056,1178,1215,1134,1170,1215,1056,1056,1151,1215,1056,1215,1215,1170,1169,1056,1215,1056,1136,1134,1056,1056,1215,1136,1215,1151,1106,1215,1056,1215,1151,1056,1056,1151,1215,1056,1187
999,1377,999,1186,999,1377,999,999,999,999,1203,999,999,999,1226,999,1291,999,1186,1203,999,999,999,999,999,999,1377,1226,999,1368,999,999,999,999,999,999,1317,1504,999,999,999,999,999,1320,999,999,999,999,999,999
1056,1208,1060,1215,1215,1215,1215,1215,1215,1215,1056,1060,1056,1182,1215,1060,1215,1136,1182,1215,1056,1182,1215,1215,1215,1208,1215,1215,1215,1060,1215,1182,1056,1182,1123,1215,1182,1215,1060,1215,1215,1197,1215,1215,1056,1215,1215,1182,1060,1060
1278,924,956,924,999,999,999,999,905,999,999,999,999,956,999,924,999,999,924,999,999,924,924,999,924,1278,905,999,999,1368,999,999,999,999,956,999,999,999,999,999,1278,999,999,999,999,999,999,956,956,999
1107,1107,1215,1200,1500,1215,1215,1136,1093,1215,1185,1200,1215,1215,1107,1215,1314,1215,1093,1185,1215,1215,1200,1136,1211,1215,1215,1200,1215,1215,1215,1200,1215,1215,1093,1215,1215,1200,1215,1093,1215,1200,1215,1215,1347,1215,1215,1185,1185,1215
1324,999,999,999,999,999,999,999,999,999,999,999,1256,1464,999,924,999,999,999,999,999,999,999,924,999,1322,999,999,999,999,999,999,999,999,999,1455,999,950,999,999,999,999,999,950,1285,999,999,999,924,999
1215,1215,1215,1215,1215,1215,1215,1215,1133,1215,1215,1215,1215,1215,1215,1215,1215,1023,1215,1215,1261,1215,1215,1215,1215,1133,1023,1215,1215,1023,1215,1023,1215,1215,1215,1215,1215,1487,1215,1133,1133,1215,1215,1133,1215,1023,1215,1215,1215,1215
999,999,999,999,999,999,999,999,999,999,999,999,999,999,999,999,999,999,999,999,999,999,999,1375,999,999,999,999,999,999,999,999,999,999,999,999,999,999,999,999,999,999,999,999,999,999,999,999,999,999
1123,1133,1215,1215,1215,1133,1052,1123,1052,1002,1215,1215,1215,1215,1002,1133,1215,1215,1215,1215,1215,1215,1215,1215,1146,1052,1002,1133,1215,1052,1215,1215,1215,1215,1215,1215,1215,1215,1123,1133,1052,1133,1215,1215,1146,1215,1215,1215,1215,1215
999,999,999,999,1375,999,999,999,999,999,999,999,999,999,999,999,999,1230,999,999,999,999,999,999,999,999,1177,999,999,999,999,999,999,999,999,999,999,999,999,999,999,999,999,999,1304,999,999,999,999,999
1002,1215,1215,1215,1002,1215,1215,1215,1215,1215,1002,1002,1215,1215,1002,1215,1215,1215,1158,1215,1133,1215,1215,1133,1002,1133,1215,1215,1215,1215,1215,1215,1215,1215,1133,1215,1215,1158,1215,1158,997,1215,1002,1215,1215,1215,1215,1215,1215,1215
999,999,999,999,999,991,999,999,999,999,999,999,999,999,999,999,999,991,999,991,999,991,991,999,999,999,991,999,999,999,999,999,999,999,999,999,999,999,999,999,991,999,999,999,999,999,999,999,1230,999
1215,1147,1215,1185,1215,1215,1167,1185,1215,1215,1002,1167,1215,1215,1167,1002,1167,1215,1215,1215,1215,1147,1215,1215,1167,1215,1002,1147,1215,1215,1167,1215,1066,1215,1215,1185,1215,1215,1215,1215,1215,1185,1185,1215,1215,1215,1215,1215,1147,1215
999,999,999,999,999,999,999,999,999,999,999,999,1239,999,999,999,999,999,999,999,999,999,999,999,999,999,999,999,999,999,999,999,999,999,999,999,999,999,999,1145,999,999,999,999,999,999,999,999,999,999
1215,1215,1215,1215,1215,1215,1178,1215,1170,1152,1167,1170,1215,1053,1053,1152,1215,1167,1178,1215,1053,1215,1178,1215,1215,1215,1215,1053,1215,1215,1178,1215,1215,1215,1215,1215,1178,1178,1152,1167,1152,1215,1215,1215,1215,1215,1152,1215,1215,1215
999,999,999,999,999,999,1154,999,1432,999,999,1360,999,1399,999,999,999,999,999,999,999,999,999,999,999,999,999,999,999,999,999,999,999,999,999,999,999,999,999,999,1360,999,999,999,999,1575,999,999,999,1432
1215,1215,1206,1206,1028,991,1215,1206,1215,1028,1196,1215,1215,1210,991,1215,991,1215,1028,1215,1215,1215,1215,1119,1215,1028,1215,1215,1210,1028,1215,1215,1028,1028,1215,1215,1206,1215,991,1119,1028,991,1215,991,1196,1215,1215,1215,1206,1215
999,999,999,999,1154,999,999,1377,999,999,999,999,1082,999,999,1154,999,999,1154,1597,999,999,999,999,1447,1402,999,999,999,999,999,999,999,999,999,999,999,999,999,1157,999,999,999,999,999,999,999,999,999,999
1215,1215,1028,1188,1211,1215,1215,1215,1210,1215,1215,1071,1215,1071,1071,1215,887,1210,1028,1215,1210,1215,1211,1188,1188,1215,1215,1215,1215,1211,1206,1215,1210,1215,1215,1215,1215,1071,1215,1215,1215,1215,1210,1215,1215,1215,1215,1215,1210,1215
999,999,1358,999,1154,999,999,999,999,999,999,999,999,1154,999,999,999,999,999,999,999,999,999,999,999,999,999,999,999,999,999,999,999,999,999,999,999,999,999,999,999,999,999,999,999,999,999,999,999,999
1210,1036,1036,1215,1215,1036,1215,1215,1210,1210,1210,1215,1215,1215,1215,1215,1215,1210,1215,1215,1215,1215,1215,1210,1215,1215,1215,1215,1210,1215,1210,1210,1215,1210,1215,1210,1036,1215,1215,1215,1215,1036,1036,1215,1210,1210,1215,1215,1215,1215
999,1154,999,999,999,999,999,999,1154,999,999,999,1154,999,999,1154,999,999,999,999,999,999,999,999,999,1154,999,999,1142,999,999,999,999,999,999,999,999,1154,999,999,999,999,999,1154,999,999,999,1154,999,999
1215,1210,1210,1210,1210,1210,1215,1210,1215,1215,1215,1215,1210,1049,1215,1215,1215,1210,1215,1215,1210,1215,1049,1210,1215,1210,1210,1215,1215,1215,1210,1215,1049,1210,1215,1215,1215,1215,1215,1210,1210,1215,1049,1215,1215,1049,1210,1215,1210,1215
999,999,999,999,999,1154,999,999,999,999,999,999,1154,999,999,999,999,999,999,999,999,999,999,999,999,999,999,999,999,999,999,999,999,999,999,999,999,999,1154,999,999,1154,999,999,999,999,999,999,999,999
1215,1210,1215,1210,1215,1210,1103,1175,1215,1117,1215,1215,1210,1117,1187,1117,1187,1215,1215,1175,1210,1215,1210,1215,1215,1215,1210,1103,1103,1215,1215,1175,1215,1210,1215,1215,1175,1215,1215,1215,1215,1210,1215,1215,1215,1215,1210,1210,1215,1103
999,999,999,999,999,999,1154,1154,999,999,999,999,999,999,999,999,1154,999,999,999,999,999,999,999,999,999,1154,999,999,999,999,1154,1147,999,999,999,999,999,999,999,999,999,999,999,999,999,999,999,999,999
1215,1215,1210,1215,1186,1204,1204,1210,1215,1145,1186,1210,1210,1215,1210,1145,1215,1215,1210,1215,1204,1215,1145,1210,1004,1200,1215,1210,1215,1210,1210,1215,1027,1204,1145,1210,1210,1186,1186,1145,1210,1210,1215,1004,1215,1215,1204,1215,1004,1145
1154,1154,999,977,1332,999,999,977,1297,1086,999,999,1154,999,999,999,1154,999,999,999,999,999,999,999,999,999,999,1086,999,999,999,999,977,999,999,1154,999,1154,999,1154,999,999,1016,1214,999,999,999,999,1086,1204
1201,1215,1215,1180,1210,1215,1210,1215,1060,1215,1215,1215,1215,1210,1210,1201,1210,1215,1215,1201,1210,1215,1201,1210,1204,1210,1081,1210,1215,1210,1215,1210,1210,1081,1060,1215,1201,1210,1215,1210,1215,1060,1201,1215,1210,1060,1215,1215,1215,1215
1154,999,1154,1154,999,942,999,999,999,999,999,999,999,999,999,999,999,999,999,999,999,999,942,942,999,1154,1047,999,999,999,999,942,1202,942,999,999,999,999,999,999,999,999,999,999,999,999,999,999,999,999
1107,1215,1215,1167,1194,1210,1194,1167,1107,1210,1215,1215,1215,1215,1210,1215,1107,1215,1210,1215,1210,1167,1215,1215,1210,1215,1194,1107,1194,1215,1167,1215,1215,1154,1215,1215,1215,1215,1107,1215,1210,1215,1215,1215,1215,1210,1215,1167,1194,1215
999,999,999,999,999,999,999,1154,999,999,999,999,999,999,999,999,999,999,1154,999,999,999,999,999,999,999,999,999,1154,999,999,999,999,999,999,1110,999,999,1154,999,999,999,999,999,999,999,999,999,1154,999
1210,1211,1086,1215,1210,1086,1210,1215,1215,1210,1086,1215,1210,1210,1215,1085,1215,1215,1215,1210,1215,1211,1211,1215,1210,1215,1215,1215,1215,1215,1210,1210,1215,1210,1215,1086,1085,1085,1215,1215,1210,1215,1210,1210,1215,1215,1215,1215,1086,1215
999,1137,999,999,1117,999,999,999,999,999,999,999,999,999,999,999,999,999,999,999,1117,999,999,999,999,999,999,999,999,999,999,999,999,999,999,999,999,999,999,999,999,999,999,1156,999,999,999,999,999,999
1215,1215,1215,1215,1202,1215,1155,1215,1215,1173,1215,1215,1215,1215,1215,1173,1173,1202,1215,1215,1191,1173,1215,1202,1215,1215,1215,1215,1215,1215,1215,1173,1215,1215,1215,1194,1215,1215,1215,1155,1215,1164,1155,1215,1191,1215,1215,1215,1191,1215
999,999,999,999,999,999,999,999,999,999,999,999,999,999,999,999,999,999,1170,999,999,999,999,999,999,999,999,999,999,999,999,999,999,999,999,999,999,999,999,999,999,999,999,999,999,1253,999,999,999,999
1215,1207,1196,1215,1215,1215,1215,1207,1215,1215,1215,1050,1215,1215,1215,1215,1215,1215,1196,1215,1215,1215,1215,1141,1215,1196,1215,1215,1141,1215,1141,1215,1215,1215,1215,1215,1215,1215,1215,1215,1207,1215,1215,1215,1215,1050,1215,1215,1215,1215
999,999,999,999,934,999,999,999,999,934,999,934,934,999,999,999,999,999,999,999,999,999,999,999,999,999,999,999,999,999,999,934,999,999,999,934,999,934,999,934,999,999,999,999,999,999,999,934,999,999
1215,1191,1165,1165,1179,1215,1146,1215,1215,1134,1098,1215,1165,1212,1191,1179,1165,1215,1215,1215,1215,1179,1165,1165,1215,1215,1215,1191,1179,1215,1215,1134,1291,1179,1215,1215,1215,1165,1098,1215,1215,1136,1146,1134,1136,1215,1179,1179,1136,1215
999,999,999,999,999,999,1335,999,999,1490,999,999,999,900,1438,1316,999,999,999,999,999,900,1380,999,1490,999,999,999,999,999,900,999,1380,999,999,900,999,999,1308,999,900,999,1420,900,999,999,999,999,999,999
1215,1215,1098,1215,1215,1215,1215,1215,1129,1111,1215,1129,1165,1098,973,1215,1165,973,1129,1165,1111,1165,1215,1215,1215,1215,1215,1098,1215,1215,1215,1215,1215,1215,1146,1111,1215,1215,1165,1215,973,1215,1215,1247,973,1215,1146,1111,1129,1215
999,999,999,999,999,999,999,999,999,999,999,999,999,999,999,999,999,999,999,999,999,999,999,999,999,999,999,999,999,999,999,999,999,999,999,999,999,999,1380,999,999,999,999,1117,999,999,999,999,999,999
848,848,1215,1215,1215,1213,1215,848,1215,1215,848,1215,1215,1213,1215,1215,1215,848,1215,1151,1215,848,1215,1146,1215,1215,848,1215,1213,1215,1215,1215,1146,1215,1215,848,1215,1215,1215,1215,1215,1215,1215,1215,1215,1215,1215,1215,1215,1215
999,999,999,999,999,999,999,999,999,999,999,999,999,999,999,999,999,999,999,999,999,999,999,999,999,999,999,999,999,999,999,999,999,999,999,999,999,999,999,999,999,999,999,999,999,999,999,999,999,999
1215,1215,1201,1215,1215,1215,1158,1215,1061,1061,1215,1215,1188,1215,1194,1215,1215,1215,1215,1215,1061,1201,1201,1215,1215,1533,1188,1215,1215,1148,1215,1215,1215,1194,1215,1158,1148,1148,1061,1201,1215,1215,1148,1215,1215,1215,1215,1215,1215,1215
999,999,999,999,999,999,999,999,999,999,999,999,999,999,1453,999,999,999,999,999,999,999,999,999,999,999,994,999,999,999,999,1530,999,999,999,999,999,999,999,1084,999,999,994,999,999,999,999,999,999,999
1061,1196,1215,1196,1215,1119,1164,1164,1215,1215,1215,1215,1215,1215,1196,1196,1061,1215,1080,1080,1106,1119,1215,1215,1196,1215,1196,1215,1061,1215,1061,1215,1215,1061,1164,1215,1215,1215,1215,1080,1215,1196,1215,1215,1196,1061,1215,1061,1080,1106
972,999,972,1530,999,999,999,999,999,999,999,1507,999,972,999,999,999,999,972,999,999,999,999,972,1285,999,972,999,999,999,999,999,999,999,999,999,999,999,999,999,999,999,999,999,999,999,999,999,999,999
1215,1215,1149,1061,1147,1106,1215,1215,1061,1215,1061,1061,1161,1215,1215,1215,1215,1215,1149,1051,1134,1147,1051,1147,1192,1106,1149,1215,1051,1061,1215,1161,1215,1192,1215,1215,1215,1215,1129,1215,1215,1161,1215,1134,1215,1192,1215,1134,1106,1215
999,1310,999,999,999,1530,999,999,999,999,999,999,999,999,999,999,999,999,999,999,999,999,1315,999,999,1310,999,999,999,999,999,999,999,999,999,999,1310,999,999,999,999,999,999,999,999,999,999,999,999,1310
1061,1215,1004,1061,1215,1215,1061,1215,1215,1004,1061,1215,1215,1134,1061,1004,1134,1134,1215,1134,1215,1134,1215,1215,1061,1061,1215,1215,1215,1215,1215,1215,1215,1215,1215,1215,1215,1215,1134,1134,1215,1215,1134,1215,1134,1061,1215,1215,1134,1215
999,999,999,999,999,999,999,999,999,999,999,999,1310,999,999,1310,999,999,999,999,999,999,999,1226,999,999,999,999,999,999,999,999,999,999,999,999,999,999,999,999,999,999,999,999,999,999,999,999,999,999
1215,1099,1134,1215,1014,1215,1215,1215,1134,1215,1099,1099,1134,1014,1215,1103,1215,1215,1099,1215,1099,1215,1215,1215,1215,1215,1203,1215,1014,1215,1215,1361,1134,1215,1099,1103,1215,1215,1215,1203,1215,1215,1215,1215,1203,1215,1215,1215,1215,1215
1719,999,999,999,999,999,999,999,999,999,999,999,999,999,999,999,999,999,999,999,999,999,999,999,999,999,999,999,999,999,999,999,999,999,999,999,999,999,999,999,999,999,1245,999,999,999,999,999,999,999
1215,1215,1198,1215,1198,1069,1190,1215,1215,1215,1190,1215,1124,1198,1198,1215,1215,1207,1190,1198,1215,1190,1215,1215,1124,1198,1215,1198,1215,1124,1215,1069,1215,1215,1215,1124,1207,1069,1198,1215,1198,1207,1215,1215,1207,1215,1215,1215,1069,1215
999,999,999,1150,999,999,999,999,999,1260,999,1079,999,999,999,999,999,999,999,1268,999,999,999,1150,999,999,999,999,999,999,999,999,999,999,999,1119,999,999,999,999,999,999,999,999,999,999,999,999,999,999
1147,1215,1215,1215,1215,1215,1215,1215,1215,1215,1215,1215,1215,1166,1215,1215,1215,1147,1215,1215,1166,1215,1215,1215,1215,1215,1215,1215,1152,1166,1194,1194,1215,1215,1215,1215,1194,1215,1215,1147,1215,1215,1215,1215,1215,1152,1166,1215,1147,1166
999,999,999,1370,999,999,999,999,999,999,999,999,999,999,999,999,999,999,999,999,999,999,999,999,999,999,999,999,999,999,999,999,999,999,999,999,999,999,999,999,999,999,999,999,999,999,999,999,999,999
1215,1165,1215,1215,1215,1215,1215,1049,1215,1215,1215,1207,1215,1215,1215,1165,1215,1207,1215,1215,1215,1215,1207,1049,1215,1215,1215,1215,1215,1215,1215,1215,1215,1049,1215,1215,1215,1215,1215,1215,1049,1215,1165,1215,1215,1049,1215,1215,1215,1207
