1900,2409,2505,2325,2325,1900,2081,2718,2517,2505,2448,2214,2214,2447,2409,1900,1987,1900,2548,2643,2409,2548,2409,2517,2325,2448,2448,2325,2716,1900,2447,2214,2409,2214,2625,2132,2081,2325,2010,2409,2132,2609,2448,2689,1900,2325,2447,2409,2673,2132
2466,2050,2172,2050,2268,2090,1942,2218,2007,2050,2143,2050,2121,2251,2050,1942,2050,2050,2088,2050,2131,2220,2050,2088,2466,2059,2097,2054,2059,2050,2340,2050,2122,2088,2050,2185,2050,2050,2333,2340,2143,2131,2050,2059,2121,2456,2459,2172,2050,2090
2023,1900,2112,2098,1900,1980,1900,1900,1900,1900,1900,1900,1900,1896,1900,1900,1900,1900,1900,1979,1900,1900,1900,1900,1900,2115,1900,1900,1980,2115,1900,2081,1900,1900,1900,1900,1900,1900,1900,2023,1900,1900,1900,1900,1979,1900,1900,1900,1964,1900
1737,2050,1933,2050,2035,1982,1972,1982,1922,1933,1966,2050,2035,1737,2050,2002,1922,1933,2050,1737,1966,1935,2050,2050,1901,2048,1961,1933,1961,1901,1935,2050,1985,1982,1737,1935,1986,1935,1935,1935,1901,2035,2050,2002,1922,1963,1961,1901,1985,1935
1669,2020,1768,1985,1862,1669,1900,1900,1900,1669,1847,1900,1900,1847,1900,1862,1900,1900,1663,1930,1845,1900,1768,1995,1845,2086,1900,1976,1900,1985,1900,1669,1900,1900,1900,1900,1845,1900,1900,1900,1845,2014,1669,1893,1930,1768,1976,1930,1847,1768
1851,1737,1947,1848,1737,1933,1737,2041,1737,1863,2016,1818,1933,1852,1852,1737,1818,1851,1727,1901,2004,1808,1727,1904,2016,2048,1578,1737,1808,1851,1996,1727,1962,1808,1808,2050,1737,1578,1578,1852,1863,1901,1727,1578,1997,1737,1737,1737,1737,1727
1798,1798,1711,1701,1798,1730,1629,1663,1798,1899,1930,1732,1798,1798,1629,1629,1663,1701,1873,1685,1711,1798,1685,1663,1798,1663,1772,1798,1629,1730,1901,1930,1845,1930,1930,1732,1711,1772,1845,1701,1772,1711,1629,1701,1685,1629,1930,1685,1772,1701
1727,1727,1681,1920,1727,1737,1828,1737,1727,1809,1727,1828,1737,1727,1727,1816,1727,1727,1727,1727,1737,1727,1794,1727,1727,1737,1828,1727,1727,1681,1828,1727,1727,1727,1737,1727,1737,1824,1727,1737,1851,1727,1737,1727,1794,1740,1790,1727,1727,1727
1584,1629,1715,1584,1770,1505,1798,1693,1550,1663,1505,1505,1770,1648,1798,1584,1629,1779,1798,1732,1798,1629,1584,1663,1663,1798,1798,1796,1584,1648,1629,1629,1629,1681,1681,1584,1550,1584,1584,1798,1505,1715,1715,1693,1550,1796,1732,1550,1629,1693
1660,1660,1639,1770,1713,1727,1713,1713,1639,1715,1518,1634,1518,1660,1593,1715,1660,1778,1713,1639,1713,1518,1660,1715,1634,1545,1545,1769,1660,1639,1727,1828,1711,1727,1639,1727,1769,1660,1770,1711,1660,1545,1727,1711,1545,1715,1711,1634,1828,1713
1518,1518,1505,1617,1505,1505,1505,1648,1505,1518,1505,1505,1505,1560,1505,1550,1543,1505,1770,1518,1518,1505,1518,1799,1550,1505,1505,1505,1550,1518,1714,1505,1505,1642,1505,1505,1505,1755,1550,1505,1543,1505,1505,1505,1505,1505,1505,1618,1518,1543
1611,1490,1518,1610,1610,1518,1518,1638,1518,1660,1638,1638,1518,1518,1490,1518,1518,1638,1518,1518,1518,1660,1518,1518,1518,1632,1518,1660,1660,1518,1518,1518,1610,1518,1660,1518,1518,1518,1518,1518,1518,1648,1660,1660,1518,1610,1518,1660,1660,1518
1518,1518,1505,1518,1518,1518,1518,1505,1505,1416,1505,1500,1505,1611,1611,1505,1505,1518,1505,1518,1505,1505,1500,1505,1505,1500,1505,1518,1505,1628,1518,1505,1505,1505,1500,1500,1505,1518,1518,1505,1505,1505,1518,1505,1505,1505,1518,1518,1505,1505
1518,1518,1518,1518,1599,1611,1570,1599,1518,1518,1518,1518,1518,1518,1741,1518,1518,1518,1518,1660,1570,1660,1518,1518,1518,1660,1518,1611,1518,1518,1635,1518,1518,1518,1518,1518,1518,1518,1631,1518,1653,1518,1518,1518,1518,1518,1518,1518,1518,1518
1518,1518,1518,1505,1518,1518,1518,1518,1500,1518,1518,1518,1518,1518,1500,1518,1518,1518,1505,1518,1518,1518,1518,1518,1500,1505,1518,1500,1518,1518,1518,1518,1518,1505,1505,1518,1518,1518,1518,1518,1505,1518,1505,1518,1505,1518,1518,1518,1518,1505
1518,1518,1518,1518,1518,1518,1518,1518,1518,1443,1518,1518,1518,1518,1518,1518,1518,1518,1518,1518,1518,1460,1518,1518,1518,1443,1460,1518,1443,1443,1518,1518,1518,1518,1518,1518,1518,1518,1518,1518,1443,1518,1460,1518,1518,1518,1518,1518,1518,1518
1518,1518,1518,1518,1487,1518,1518,1518,1487,1518,1518,1534,1518,1518,1518,1518,1518,1518,1518,1518,1518,1518,1487,1518,1518,1518,1487,1518,1518,1518,1518,1518,1518,1518,1518,1518,1518,1518,1518,1518,1518,1518,1518,1518,1518,1518,1518,1518,1487,1518
1518,1518,1518,1518,1518,1518,1518,1518,1518,1518,1518,1518,1518,1518,1518,1518,1518,1518,1518,1518,1518,1518,1518,1518,1518,1518,1518,1518,1518,1518,1518,1518,1518,1518,1518,1518,1518,1518,1518,1518,1518,1518,1518,1518,1518,1518,1518,1518,1518,1518
1518,1518,1518,1518,1518,1518,1518,1518,1518,1518,1492,1518,1518,1518,1518,1492,1518,1518,1518,1518,1518,1518,1518,1518,1518,1518,1518,1518,1518,1518,1518,1518,1518,1518,1518,1518,1518,1518,1518,1518,1518,1518,1518,1518,1492,1518,1518,1492,1518,1492
1518,1518,1518,1490,1518,1518,1518,1518,1518,1518,1518,1518,1518,1518,1518,1518,1518,1518,1518,1518,1518,1518,1518,1518,1518,1518,1518,1448,1518,1518,1490,1518,1518,1518,1518,1490,1490,1518,1448,1518,1490,1518,1518,1518,1448,1518,1518,1518,1518,1518
1518,1518,1518,1518,1518,1518,1518,1518,1518,1518,1518,1518,1518,1518,1518,1518,1518,1518,1518,1390,1518,1518,1518,1518,1518,1518,1390,1518,1390,1539,1518,1518,1518,1390,1518,1518,1518,1518,1518,1518,1518,1518,1518,1518,1518,1518,1518,1518,1518,1518
1696,1518,1518,1518,1518,1518,1518,1518,1518,1491,1518,1518,1518,1518,1518,1518,1518,1518,1518,1518,1518,1518,1518,1518,1518,1518,1518,1518,1518,1408,1518,1491,1518,1518,1518,1518,1518,1518,1518,1491,1518,1518,1518,1518,1408,1518,1491,1518,1518,1518
1518,1518,1518,1518,1518,1518,1518,1518,1518,1518,1518,1518,1518,1518,1518,1518,1518,1518,1518,1518,1518,1484,1518,1518,1518,1518,1518,1518,1518,1484,1727,1518,1518,1518,1518,1518,1518,1518,1518,1518,1518,1518,1518,1518,1484,1484,1777,1518,1518,1518
1518,1518,1518,1518,1518,1518,1518,1518,1518,1518,1518,1518,1518,1518,1518,1518,1518,1518,1518,1518,1518,1518,1518,1518,1518,1518,1518,1518,1518,1518,1518,1518,1518,1518,1518,1518,1518,1518,1518,1518,1518,1518,1518,1518,1518,1518,1518,1518,1518,1518
1518,1518,1518,1518,1518,1518,1518,1518,1518,1518,1518,1429,1518,1518,1518,1518,1518,1518,1518,1518,1518,1518,1518,1518,1518,1518,1518,1518,1518,1518,1518,1518,1518,1518,1518,1518,1518,1518,1518,1518,1518,1518,1518,1518,1518,1518,1518,1518,1518,1518
1518,1518,1518,1518,1518,1518,1518,1518,1518,1487,1518,1518,1518,1518,1518,1518,1518,1498,1518,1518,1518,1518,1487,1518,1518,1487,1518,1518,1518,1498,1518,1518,1518,1518,1518,1498,1518,1518,1518,1518,1457,1518,1487,1518,1518,1518,1518,1457,1498,1518
1518,1518,1518,1514,1518,1518,1518,1518,1518,1518,1514,1518,1518,1518,1518,1518,1518,1518,1518,1518,1518,1518,1518,1514,1518,1518,1518,1518,1518,1518,1514,1518,1518,1518,1518,1518,1518,1518,1518,1518,1518,1518,1518,1518,1518,1518,1518,1518,1518,1518
1514,1518,1518,1518,1518,1518,1518,1518,1366,1480,1518,1366,1518,1518,1514,1518,1518,1514,1366,1514,1518,1518,1518,1514,1518,1514,1514,1518,1366,1480,1518,1514,1514,1518,1518,1518,1518,1514,1518,1518,1518,1518,1366,1514,1514,1518,1518,1518,1518,1518
1518,1514,1518,1514,1514,1514,1514,1518,1514,1518,1518,1514,1514,1514,1514,1514,1514,1514,1518,1514,1518,1518,1518,1514,1514,1518,1514,1518,1518,1518,1518,1518,1514,1518,1514,1514,1518,1514,1514,1518,1514,1518,1514,1514,1518,1514,1514,1514,1518,1514
1514,1437,1514,1514,1518,1514,1514,1514,1514,1514,1514,1514,1514,1514,1514,1514,1514,1501,1514,1514,1518,1514,1514,1437,1514,1514,1514,1514,1437,1501,1437,1514,1514,1514,1514,1514,1514,1514,1514,1514,1514,1514,1501,1514,1514,1514,1518,1514,1437,1514
1394,1514,1394,1514,1514,1514,1514,1437,1514,1514,1514,1514,1514,1514,1514,1514,1514,1514,1514,1514,1437,1536,1514,1514,1514,1514,1514,1514,1514,1514,1514,1514,1514,1514,1514,1514,1514,1514,1437,1514,1514,1514,1514,1514,1490,1514,1437,1514,1394,1514
1514,1514,1407,1514,1514,1514,1458,1487,1514,1514,1405,1407,1514,1407,1514,1514,1487,1514,1514,1514,1514,1514,1405,1458,1514,1509,1405,1514,1509,1514,1514,1487,1514,1514,1514,1514,1514,1500,1407,1514,1500,1514,1458,1514,1405,1514,1458,1500,1407,1514
1489,1514,1417,1514,1514,1514,1514,1494,1417,1489,1514,1514,1586,1514,1514,1417,1514,1417,1514,1403,1417,1489,1514,1436,1403,1436,1514,1417,1417,1417,1417,1514,1436,1514,1514,1417,1403,1417,1514,1417,1417,1417,1417,1417,1514,1514,1417,1417,1514,1514
1405,1405,1405,1334,1405,1405,1405,1405,1405,1405,1334,1334,1405,1405,1405,1405,1757,1405,1514,1405,1405,1405,1405,1405,1334,1405,1405,1405,1405,1405,1405,1334,1514,1405,1405,1514,1405,1405,1405,1405,1405,1514,1405,1405,1405,1405,1456,1405,1405,1405
1271,1417,1417,1329,1417,1417,1271,1417,1417,1417,1417,1417,1271,1271,1417,1417,1417,1417,1417,1417,1417,1417,1417,1417,1417,1417,1417,1417,1417,1271,1417,1329,1417,1417,1417,1329,1417,1417,1417,1329,1417,1514,1417,1269,1329,1417,1417,1417,1269,1271
1405,1247,1405,1371,1405,1405,1405,1405,1405,1350,1405,1350,1166,1405,1405,1247,1371,1405,1405,1350,1350,1405,1405,1405,1405,1405,1405,1371,1166,1405,1405,1166,1350,1247,1405,1247,1405,1166,1166,1405,1405,1405,1405,1405,1405,1405,1166,1247,1405,1247
1417,1355,1417,1417,1355,1417,1355,1417,1631,1417,1355,1417,1355,1417,1422,1417,1221,1355,1417,1355,1417,1355,1417,1355,1355,1355,1417,1355,1417,1355,1355,1417,1417,1355,1417,1417,1355,1355,1355,1417,1417,1355,1417,1417,1221,1355,1417,1417,1355,1355
1247,1349,1247,1247,1247,1247,1247,1247,1247,1247,1247,1247,1212,1247,1247,1247,1247,1247,1128,1405,1405,1128,1247,1247,1247,1212,1212,1128,1128,1247,1247,1405,1247,1247,1247,1247,1247,1247,1247,1247,1247,1247,1247,1247,1247,1247,1247,1247,1247,1128
1355,1355,1355,1355,1355,1355,1355,1355,1355,1355,1355,1293,1355,1355,1355,1355,1340,1355,1355,1355,1355,1340,1355,1355,1355,1355,1355,1340,1355,1355,1355,1355,1355,1355,1355,1355,1355,1355,1355,1355,1293,1355,1355,1355,1355,1355,1355,1355,1340,1355
1247,1247,1247,1247,1247,1247,1247,1247,1247,1247,1247,1247,1247,1247,1247,1247,1247,1247,1246,1247,1247,1247,1247,1247,1247,1247,1247,1247,1247,1247,1247,1247,1247,1247,1247,1247,1247,1247,1247,1246,1247,1247,1247,1247,1247,1247,1247,1247,1247,1247
1355,1355,1231,1231,1355,1355,1355,1355,1355,1397,1355,1355,1355,1355,1355,1355,1355,1355,1245,1245,1355,1355,1355,1231,1355,1231,1355,1355,1355,1231,1355,1355,1355,1355,1355,1355,1355,1355,1245,1355,1355,1355,1355,1231,1355,1355,1355,1231,1355,1231
1228,1247,1247,1247,1247,1247,1247,1228,1247,1247,1247,1173,1247,1228,1247,1247,1247,1247,1247,1247,1247,1247,1247,1247,1173,1247,1247,1247,1247,1173,1247,1247,1247,1247,1247,1247,1247,1247,1247,1247,1247,1247,1247,1247,1247,1247,1247,1247,1247,1247
1358,1355,1355,1355,1355,1355,1355,1355,1355,1355,1355,1355,1355,1355,1339,1355,1355,1355,1355,1355,1355,1355,1355,1355,1355,1355,1355,1355,1355,1355,1355,1355,1355,1355,1355,1355,1339,1355,1339,1355,1355,1355,1355,1355,1355,1355,1339,1355,1355,1355
1247,1247,1247,1247,1247,1247,1247,1247,1247,1247,1247,1247,1247,1247,1247,1247,1247,1247,1247,1247,1247,1247,1247,1247,1247,1247,1247,1247,1247,1247,1247,1247,1247,1247,1247,1247,1247,1247,1247,1247,1247,1247,1247,1247,1247,1247,1247,1247,1562,1247
1349,1355,1355,1355,1355,1355,1355,1355,1349,1355,1355,1355,1349,1355,1355,1355,1355,1355,1355,1355,1355,1339,1355,1355,1355,1355,1355,1355,1355,1355,1355,1355,1355,1355,1355,1355,1349,1355,1217,1355,1217,1355,1355,1355,1355,1355,1355,1355,1349,1339
1247,1247,1247,1247,1247,1247,1216,1247,1216,1247,1247,1247,1247,1247,1247,1247,1247,1247,1247,1216,1247,1247,1247,1247,1247,1247,1247,1216,1247,1247,1247,1247,1216,1247,1247,1247,1247,1247,1247,1247,1247,1247,1247,1433,1247,1247,1247,1247,1247,1247
1354,1355,1339,1355,1355,1355,1354,1355,1350,1282,1355,1355,1350,1350,1355,1355,1355,1355,1355,1355,1355,1355,1354,1355,1355,1355,1355,1350,1355,1355,1355,1355,1350,1339,1355,1355,1355,1355,1350,1355,1354,1355,1339,1350,1354,1355,1355,1339,1355,1355
1247,1247,1247,1247,1247,1247,1247,1247,1247,1247,1247,1247,1247,1247,1247,1247,1247,1247,1247,1231,1247,1247,1247,1247,1247,1247,1247,1247,1247,1247,1247,1247,1553,1247,1247,1247,1247,1247,1247,1247,1247,1247,1247,1247,1247,1247,1247,1247,1247,1247
1292,1292,1287,1292,1324,1287,1355,1342,1355,1355,1355,1350,1287,1355,1355,1355,1350,1355,1355,1292,1355,1287,1355,1350,1287,1324,1355,1355,1355,1287,1355,1355,1355,1287,1355,1355,1350,1355,1350,1352,1355,1355,1355,1342,1352,1324,1355,1287,1355,1352
1247,1387,1247,1247,1247,1247,1247,1247,1247,1247,1247,1247,1247,1262,1247,1247,1247,1521,1247,1247,1247,1247,1247,1247,1247,1247,1247,1387,1247,1247,1247,1247,1247,1247,1247,1247,1247,1247,1247,1247,1247,1247,1247,1247,1247,1553,1247,1247,1247,1247
1244,1233,1314,1355,1355,1314,1355,1350,1341,1244,1355,1355,1355,1355,1341,1355,1350,1233,1349,1233,1355,1192,1355,1192,1355,1355,1244,1355,1355,1355,1355,1314,1355,1355,1355,1314,1355,1355,1355,1355,1355,1314,1355,1192,1355,1355,1355,1355,1349,1355
1247,1247,1247,1247,1247,1488,1247,1247,1247,1247,1247,1247,1247,1247,1247,1247,1247,1247,1247,1247,1247,1247,1247,1247,1247,1247,1247,1247,1247,1247,1247,1247,1247,1247,1247,1247,1247,1247,1247,1247,1247,1247,1247,1247,1247,1156,1247,1247,1247,1247
1355,1355,1355,1328,1355,1355,1355,1355,1355,1355,1355,1163,1328,1355,1355,1355,1355,1329,1163,1355,1355,1355,1355,1355,1355,1273,1328,1355,1163,1355,1328,1355,1355,1355,1163,1355,1355,1355,1163,1355,1355,1355,1163,1355,1355,1163,1355,1355,1355,1355
1247,1247,1247,1247,1247,1247,1247,1247,1247,1247,1247,1247,1247,1247,1247,1247,1247,1247,1247,1247,1247,1247,1247,1247,1247,1247,1247,1247,1247,1247,1247,1247,1247,1247,1247,1247,1247,1247,1247,1247,1536,1247,1247,1247,1247,1247,1247,1247,1247,1247
1355,1355,1355,1355,1342,1355,1355,1355,1355,1355,1355,1355,1355,1355,1355,1355,1355,1355,1355,1355,1355,1355,1355,1355,1355,1355,1355,1355,1355,1355,1355,1355,1355,1355,1301,1355,1355,1355,1355,1301,1355,1355,1355,1355,1355,1355,1355,1355,1355,1355
1247,1247,1237,1247,1247,1247,1247,1247,1247,1247,1247,1247,1247,1247,1247,1247,1247,1247,1247,1237,1247,1247,1247,1247,1247,1247,1247,1247,1247,1247,1247,1247,1247,1247,1247,1247,1247,1247,1247,1247,1247,1247,1247,1247,1247,1247,1247,1247,1247,1247
1354,1354,1355,1355,1355,1355,1354,1355,1355,1355,1355,1355,1354,1355,1355,1301,1301,1355,1355,1355,1355,1355,1355,1355,1355,1355,1355,1355,1355,1354,1355,1355,1330,1355,1355,1355,1355,1355,1355,1301,1355,1355,1355,1355,1301,1355,1355,1355,1355,1330
1247,1106,1247,1247,1247,1247,1247,1247,1247,1054,1247,1247,1247,1106,1247,1247,1247,1247,1247,1247,1247,1247,1106,1106,1247,1247,1247,1247,1247,1247,1247,1247,1247,1247,1247,1247,1247,1247,1247,1247,1247,1247,1247,1247,1247,1247,1247,1247,1106,1247
1355,1301,1167,1355,1341,1301,1355,1264,1301,1167,1355,1301,1355,1355,1355,1355,1301,1167,1315,1355,1355,1342,1355,1355,1301,1301,1355,1355,1355,1355,1301,1301,1355,1355,1341,1355,1355,1355,1301,1355,1264,1167,1355,1355,1355,1355,1342,1167,1355,1301
1247,1156,1247,1033,1247,1247,1106,1247,1144,1033,1033,1106,1106,1106,1106,1106,1106,1106,1247,1106,1247,1106,1106,1033,1106,1106,1106,1247,1106,1106,1106,1247,1106,1106,1106,1247,1106,1247,1144,1106,1247,1106,1106,1106,1106,1247,1106,1106,1106,1106
1301,1301,1301,1301,1301,1139,1301,1301,1301,1185,1301,1139,1185,1301,1301,1301,1185,1301,1301,1225,1301,1301,1301,1301,1139,1301,1301,1301,1234,1301,1301,1301,1139,1301,1355,1301,1301,1310,1301,1301,1301,1301,1301,1301,1355,1225,1234,1139,1301,1225
1106,1106,986,1106,1106,1106,1106,1106,1106,1106,1106,1106,1106,1106,1001,1106,1106,1106,1106,1265,1106,1106,1106,1106,1106,1106,1106,1106,1106,1106,1106,1106,1106,1106,1106,986,1106,1106,1106,1106,1106,1106,1106,1106,1106,1106,1001,1106,986,986
1156,1301,1071,1301,1046,1301,1301,1301,1301,1301,1147,1301,1301,1046,1301,1301,1301,1301,1272,1147,1301,1301,1071,1272,1301,1301,1301,1301,1147,1301,1147,1285,1301,1301,1056,1147,1156,1301,1056,1046,1056,1056,1046,1046,1056,1050,1301,1285,1071,1056
1106,1106,1106,1204,1001,1001,1001,1106,1106,1001,1106,1106,1106,1106,1038,1106,1106,1001,1106,1106,1110,1106,1106,1309,1106,1106,1001,1001,1038,1106,1106,1106,1106,1001,1106,1001,1106,1106,1001,1001,1001,1106,1001,1106,1106,1106,1001,1001,1106,1106
1125,1147,1147,1147,1141,1136,1147,1147,1147,1136,1299,1147,1136,1154,1147,1154,1256,1147,1141,1301,1141,1301,995,1147,1141,995,1147,1147,1147,995,1147,1230,1147,1147,1125,1147,1289,1114,1141,1114,995,1147,1147,1147,1147,1147,1147,1147,1147,1147
1001,1001,1001,1001,1001,1001,1296,1001,1001,1001,1001,1001,1001,1001,1237,1001,1001,1001,1001,1001,1001,1001,1001,1331,1253,1001,1001,1106,1001,1083,1001,1001,1001,1001,1001,1001,1001,1001,1001,1001,1001,1001,1001,1001,1001,1001,1001,1001,1001,1001
1147,1147,1147,1147,1184,1147,1118,1118,1147,1147,1147,963,963,1147,1118,1147,1132,1147,1132,1147,1147,1147,963,1147,1147,1147,1147,1147,1147,1147,1147,1132,1147,1147,1147,1147,1147,1147,1147,1147,1147,1147,1147,1147,1132,1147,1147,1147,1147,1118
1001,992,1001,1001,1001,1001,1001,1001,1001,1001,1001,1001,1001,1001,1001,1001,1001,1001,1001,1001,1001,1001,992,1001,1001,1001,1001,992,1001,1001,1001,1001,1001,1001,992,1001,1001,1001,1001,1001,992,1001,1001,1001,1359,1001,1001,1001,1001,1001
1112,1147,1147,1147,1147,1147,1147,1147,1147,1147,1112,1147,1147,1112,1147,1147,1147,1147,1147,1095,1095,1095,1147,1147,1095,1147,1147,1147,1147,1147,1147,1147,1095,1147,1147,1147,1147,1147,1147,1147,1147,1147,1147,1147,1147,1147,1147,1095,1095,1147
1001,1001,1001,1001,1001,1001,1001,1001,1001,1001,1001,1001,1163,1001,1001,1001,1001,1001,1001,1001,1001,1001,1001,1001,1001,1001,1001,1001,1001,1001,1001,1001,1001,1001,1001,1001,1001,1001,1001,1082,1001,1001,1001,1001,1001,1001,1001,1001,1001,1001
1147,1112,1147,1147,1112,1147,1147,1147,1147,1005,1005,1147,1147,1147,1147,1147,1147,1147,1147,1147,1147,1147,1112,1142,1147,1147,1112,1112,1112,1142,1147,1147,1112,1147,1147,1147,1147,1005,1147,1147,1147,1147,1147,1147,1147,1147,1147,1112,1147,1147
1001,1001,1001,1001,1001,1001,1001,1001,1001,1001,1001,1001,1001,1001,1001,1001,1001,1001,1001,1001,1001,1001,1001,1001,1001,1001,1001,1001,1001,1001,1001,1001,1001,1001,1001,1001,1001,1001,1001,1001,1001,1001,1001,1001,1001,1001,1495,1001,1001,1001
1147,1147,1147,1147,1147,1147,1147,1147,1147,1147,1147,1147,1147,1147,1147,1147,1147,1147,1147,1147,1147,1147,1147,1147,1147,1168,1147,1147,1147,1147,1147,1147,1147,1147,1147,1147,1147,1147,1147,1147,1147,1147,1147,1147,1147,1147,1147,1147,1147,1147
1001,1001,1001,1001,1001,1001,1001,1001,1001,1001,951,1001,1001,1001,1001,951,1001,1001,1001,1001,1001,1001,1001,1001,1001,1001,1001,1001,1001,1001,1001,1001,951,1001,1001,1001,1001,1001,1001,1001,1001,1001,1001,1001,1001,1001,1001,1001,1001,1001
1147,1147,1038,1147,1147,1147,1147,1147,1038,937,1147,1147,1147,1147,1147,1147,1147,1147,1147,1147,1147,1147,1147,1147,1147,1147,1147,1147,1147,1147,1038,1113,1038,1147,1147,1147,1147,1147,1113,1147,1147,1147,1147,1147,1147,1147,1147,1147,1147,1147
1001,1001,1001,1001,1001,1001,1001,1001,1001,1001,1001,1001,1001,1001,1001,1001,1001,1001,1001,1001,1001,1001,1001,1001,1001,1001,1001,1001,1001,1001,1001,1001,1001,1001,1001,1001,1001,1001,1001,1001,1001,1001,1001,1001,1001,1001,1001,1001,1001,1001
1147,1147,1147,1147,1147,1147,1147,1147,1147,1147,1147,1147,1147,1147,1147,1147,1147,1147,1147,1030,1147,1147,1147,1147,1147,1147,1147,1661,1147,1147,1147,1147,1147,1147,1147,1147,1147,1147,1147,1030,1147,1147,1147,1147,1147,1147,1147,1147,1030,1147
1001,942,1001,1001,1001,1001,1001,1001,1001,1001,1001,1001,1001,1001,1001,1001,1001,1001,1001,1001,1001,910,1001,1001,1001,1001,1001,1001,910,1001,1001,1001,1001,1001,1001,1001,1001,1001,942,1001,1001,1001,1001,1001,1001,1001,1001,942,1001,1001
1147,1147,1147,1147,1135,1147,1135,1147,1147,1147,1147,1147,1147,1147,1143,1046,1147,1147,1147,1147,1147,1135,1147,1147,1147,1135,1147,1147,1147,1147,1147,1147,1147,1147,1147,1147,1046,1147,1147,1147,1147,1147,1135,1147,1147,1147,1147,1147,1147,1147
1001,1001,1001,1001,1001,1001,1001,1056,1001,1001,1001,1001,1001,1001,1001,1001,1001,1001,1001,1001,1001,1001,1001,1001,1001,1001,1001,1001,1001,1001,1001,1001,1001,1001,1001,1001,1001,1001,1001,1001,1001,1001,1001,1001,1001,1001,1001,1001,1001,1001
1147,1147,1147,1050,1147,1147,1147,1147,1147,1147,1147,1147,1147,1147,1147,1147,1147,1147,1147,1050,1114,1147,1050,1147,1147,1147,1147,1147,1147,1147,1114,1114,1147,1147,1147,1147,1147,1050,1147,1147,1050,1147,1147,1147,1050,1147,1147,1147,1147,1147
1001,1001,1001,947,1001,1001,1001,1001,1001,1001,1001,1001,1001,1001,1001,1001,1001,947,1001,1001,1001,1001,1001,1001,1001,1001,1001,1001,1001,1001,1001,1001,1001,1001,1001,1001,1001,1001,1001,1001,1001,1001,1001,1001,947,1001,1001,1001,1001,1001
1147,1147,1147,1147,1147,1147,1147,1147,1147,1147,1147,1147,1147,1147,1147,1147,1147,1147,1147,1147,1147,1147,1147,1147,1147,1147,1147,1147,1147,1147,1140,1147,1147,1147,1147,1140,1134,1147,1147,1147,1147,1147,1147,1147,1140,1147,1147,1134,1147,1134
1001,966,1001,1001,1001,1001,1001,1001,1001,1001,1001,1001,1001,1001,1001,1001,1001,1001,1001,1001,1001,1001,1001,1001,1001,1001,1001,1001,966,1001,1001,1001,1001,1001,1001,1001,1001,1001,1001,1001,966,1001,1001,1001,1001,1001,1001,966,1001,1001
1147,1147,1147,1147,1147,1147,1147,1147,1147,1147,1147,1147,1147,1147,1147,1147,1147,1147,1147,1147,1147,1147,1143,1147,1147,1147,1147,1147,1147,1147,1147,1147,1147,1147,1147,1147,1143,1147,1147,1147,1147,1147,1147,1147,1147,1147,1106,1147,1147,1106
1001,1001,1001,1001,1001,1001,1001,1001,1001,1001,1001,1001,1001,1001,1001,1001,1001,1001,1001,1001,1001,1001,1001,1001,1001,1001,1001,1001,1001,1001,1001,1001,1001,1001,1001,1001,1001,1001,1001,1001,1001,1001,1001,1001,1001,1001,1001,1001,1001,1001
1147,1147,1111,1111,1147,1147,1147,1048,1147,1147,1111,1048,1048,1007,1073,1147,1147,1108,1007,1108,1102,1147,1048,1108,1108,1147,1048,1147,1147,1102,1088,1147,1147,1073,1108,1147,1102,1147,1147,1147,1147,1147,1147,1147,1147,1147,1048,1147,1108,1147
1001,1001,1001,1001,1001,1001,1001,1001,1001,1001,1001,1001,1001,1001,1001,1001,1001,1001,1001,1001,1001,1001,1001,1001,1001,1466,1001,1001,1001,1001,1001,1001,1001,1001,1001,1229,1001,1001,1001,1317,1001,1001,1001,1001,1001,1001,1001,1001,1001,1001
1190,1147,1147,1094,1147,1147,1048,1108,1147,1147,1094,1050,1147,970,1108,1094,1147,1147,1147,1147,1048,1147,1094,1147,1094,1108,1147,1147,1147,1147,970,1048,1108,1147,1147,1147,1147,1048,1147,1094,1147,1108,1147,1048,1147,1108,1147,1147,1147,1147
1001,1001,1001,1001,1001,1001,1152,1001,1151,1001,1152,1001,1001,1001,1001,1001,1184,1001,1001,1184,1001,1001,1001,1001,1001,1001,1001,1001,1001,1001,1001,1001,1001,1274,1001,1001,1001,1001,1001,1001,1001,1001,1001,1001,1001,1001,1001,1152,1001,1001
1147,1147,1147,1147,1147,1147,1147,1147,1147,1132,1147,1147,1147,1147,1147,1147,1125,1147,1147,1147,1064,1132,1147,1147,1147,1064,1147,1147,1147,1147,1147,1147,1147,1147,1147,1147,1147,1147,1147,1147,1147,1147,1064,1147,1125,1147,1147,1147,1147,1147
1001,1001,1001,1001,1001,1001,1001,1001,1001,1001,1001,1001,1001,1001,1001,1001,1001,1001,1001,1001,1001,1001,1001,1001,1001,1001,1001,1001,1001,1001,1001,1001,1001,1001,1001,1001,1001,1001,1001,1001,1001,1277,1001,1001,1001,1001,1001,1001,1001,1001
1147,1147,1147,1104,1131,1083,1131,1131,1131,1147,1083,1083,1147,1147,1147,1147,1147,1147,1083,1104,1104,1083,1083,1131,1147,1147,1104,1083,1083,1104,1083,1147,1147,1147,1147,1147,1147,1083,1147,1147,1083,1147,1147,1147,1131,1147,1147,1147,1147,1147
1001,1001,1001,1001,1001,1001,1001,1001,1001,1001,1001,1001,1001,1001,1001,1001,1001,1001,1334,1001,1001,1001,1497,1242,1001,1001,1001,1001,1001,1001,1001,1001,1001,1001,1001,1001,1001,1001,1001,1001,1001,1001,1001,1242,1001,1001,1001,1001,1001,1001
1147,1147,1083,1083,1083,1083,1051,1147,1051,1147,1051,1147,1147,1083,1147,1051,1051,1147,1147,1083,1147,1083,1147,1147,1147,1147,1147,1083,1147,1083,1147,1147,1147,1051,1147,1083,1147,1147,1147,1147,1147,1147,1147,1083,1147,1083,1147,1051,1147,1147
1001,1001,1247,1001,1001,1001,1001,1001,1242,1001,1001,1107,1001,1001,1001,1001,1001,1001,1001,1001,1001,1001,1001,1001,1001,1001,1001,1001,1001,1001,1001,1001,1001,1001,1001,1001,1001,1001,1001,1001,1001,1001,1001,1001,1001,1001,1001,1001,1001,1236
1147,1147,1142,1147,1083,1106,1025,1025,1147,1147,1142,1045,1147,1045,1147,1147,1147,1045,1106,1025,1045,1147,1147,1051,1138,1106,1147,1147,1025,1147,1051,1083,1147,1147,1147,1045,1083,1045,1147,1147,1147,1147,1138,1142,1083,1045,1147,1142,1106,1147
1185,1001,1001,1001,1001,1001,1001,1001,1001,1001,1001,1001,1001,1242,1001,1001,1001,1001,1001,1001,1001,1164,1001,1125,1001,1242,1001,1185,1001,1001,1001,1001,1001,1001,1001,1001,1001,1001,1001,1001,1001,1001,1001,1001,1001,1001,1001,1001,1001,1001
1147,1147,1147,1083,1147,1147,1147,1147,1083,1147,1112,1147,1083,1147,1147,1147,1147,1071,1147,1147,1083,1147,1071,1147,1112,1147,1147,1147,1112,1147,1083,1147,1071,1147,1071,1147,1083,1112,1147,1071,1112,1147,1071,1147,1147,1147,1147,1147,1147,1147
1001,1001,1001,1001,1001,1001,1001,1001,1001,1001,1001,1001,1001,1001,1001,1001,1001,1001,1001,1001,1001,1001,1001,1001,1305,1001,1001,1001,1001,1001,1001,1001,1001,1001,1001,1001,1001,1001,1001,1001,1001,1001,1001,1001,1001,1001,1242,1001,1001,1001
