2704,2655,2704,2704,2704,2537,2704,2704,2704,2537,2704,2704,2704,2704,2656,2704,2656,2559,2704,2704,2704,2704,2654,2359,2359,2655,2704,2359,2704,2655,2704,2655,2704,2704,2654,2656,2704,2704,2359,2704,2704,2704,2704,2264,2264,2537,2264,2704,2704,2656
2653,2543,2535,2604,2309,2552,2651,2560,2455,2510,2309,2535,2455,2455,2309,2552,2554,2604,2604,2309,2561,2554,2655,2651,2629,2704,2554,2510,2309,2555,2561,2309,2552,2455,2604,2555,2517,2650,2704,2604,2535,2604,2591,2607,2535,2535,2560,2560,2607,2704
2552,2604,2454,2554,2328,2554,2544,2553,2307,2504,2309,2555,2261,2415,2600,2307,2476,2460,2504,2328,2309,2415,2460,2507,2555,2066,2288,2600,2415,2254,2328,2307,2261,2066,2460,2557,2454,2213,2066,2415,2328,2583,2254,2554,2307,2455,2415,2455,2213,2328
2264,2309,2507,2116,2460,2516,2322,2129,2180,2309,2525,2309,2260,2260,2113,2259,2164,2259,2113,2239,2164,2364,2396,2129,2397,2116,2397,2129,2396,2264,2113,2522,2129,2180,2239,2507,2359,2259,2396,2129,2322,2454,2260,2446,2264,2456,2113,2116,2264,2180
2102,2113,2390,2160,2322,2128,2213,2011,2213,2011,2309,2344,2307,2477,2215,2322,2011,2225,2128,2157,2364,2322,2160,2215,2225,2021,2390,2157,2113,2021,2113,2322,2021,2213,2102,2160,2157,2213,2263,2163,2322,2215,2213,2102,2400,2113,2263,2390,2417,2113
2041,2165,2061,1994,2061,2115,2266,2113,2113,2194,1994,2313,2061,2113,1994,2113,2113,2129,2113,2061,2155,2275,2041,2165,2061,2061,2266,2165,2162,2194,2376,2129,2041,2166,2247,2113,2041,2113,2275,2115,2170,2256,2115,2113,1994,2041,2266,2041,1994,2113
2164,2160,1957,2115,1966,1966,1966,1957,2065,2058,2159,2117,2011,2115,1966,2110,2011,1957,1945,2039,2065,2159,2011,2011,1964,2117,1957,1966,2011,2117,2058,2169,2217,2194,2164,2011,2214,2011,1945,2039,2117,1966,2011,2011,2011,2115,1966,2246,1957,2115
1768,2059,2050,2061,2125,1967,1967,1994,2059,2059,2050,2108,2014,1994,2059,2125,2062,2114,2115,1994,2034,2108,2061,2034,2059,2275,2177,1994,2059,2114,2014,2050,2164,2207,1994,2059,1967,2062,2062,2059,2108,2164,2050,2303,2062,2275,2014,2251,1994,2059
1966,1915,2013,2049,1966,1915,2049,2026,1966,2026,2186,2106,1957,1957,2008,2008,1945,1962,2106,1780,1957,2026,1945,2049,1957,1966,2058,2063,1918,1915,2088,1966,1966,1966,1957,2204,2011,2066,1915,1780,1780,2026,2119,1843,2164,1960,2011,2167,2059,1918
1917,2039,2061,2005,1966,1966,2039,1966,1871,1815,1871,2125,1772,1917,1842,1967,1966,1866,1815,1966,1952,1842,2005,2039,2066,1975,1842,1980,1921,1909,1964,2039,2039,1952,1909,1952,1917,1815,1772,1772,1975,1866,2039,1842,1815,2079,2005,1917,1994,1772
1915,1717,1976,1824,1780,1915,1966,1780,1838,1843,1915,1915,1744,1780,1968,1780,1780,1838,1780,1947,1920,1780,1915,1915,1780,1780,1780,1915,1744,1947,1780,1915,1780,1947,1744,1780,1744,1865,1947,1744,1838,1920,1717,1915,1780,1780,1780,1780,1717,1915
1875,1863,1815,1596,1966,1757,1840,1840,1840,1825,1815,1875,1596,1596,1840,1476,1815,1815,1757,1757,1476,1840,1815,1875,1825,1476,1966,1840,1966,1875,1966,1596,1840,1920,1596,1476,1825,1840,1815,1815,1757,1596,1815,1875,1596,1915,1966,1757,1815,1825
1536,1519,1744,1744,1519,1780,1744,1717,1780,1665,1803,1851,1744,1665,1744,1692,1692,1744,1780,1779,1536,1744,1744,1717,1717,1671,1689,1717,1665,1744,1744,1757,1692,1665,1744,1717,1780,1744,1671,1689,1717,1717,1519,1744,1779,1717,1744,1717,1671,1744
1714,1840,1840,1829,1676,1840,1691,1757,1614,1744,1840,1829,1584,1676,1833,1693,1676,1584,1676,1829,1757,1873,1840,1676,1829,1757,1676,1840,1584,1614,1829,1676,1829,1714,1676,1693,1693,1691,1691,1783,1676,1840,1833,1614,1584,1691,1614,1584,1676,1744
1829,1536,1744,1536,1536,1536,1689,1671,1779,1744,1536,1536,1536,1536,1771,1536,1536,1711,1536,1536,1744,1536,1536,1536,1754,1536,1536,1536,1536,1536,1744,1536,1711,1536,1536,1536,1722,1746,1536,1689,1689,1711,1536,1536,1733,1536,1536,1722,1710,1526
1633,1469,1589,1635,1676,1676,1676,1676,1330,1657,1669,1676,1330,1676,1589,1669,1657,1676,1330,1676,1676,1330,1657,1676,1580,1633,1770,1803,1676,1589,1633,1580,1657,1528,1676,1676,1676,1330,1469,1676,1330,1676,1676,1676,1771,1330,1676,1676,1633,1330
1536,1536,1747,1536,1536,1536,1536,1536,1687,1536,1536,1773,1536,1536,1536,1536,1536,1318,1536,1536,1747,1536,1536,1536,1536,1536,1536,1536,1536,1536,1318,1536,1536,1536,1318,1536,1536,1536,1536,1536,1536,1536,1536,1536,1536,1536,1536,1536,1318,1536
1480,1469,1676,1330,1676,1676,1676,1676,1676,1330,1676,1676,1340,1558,1480,1526,1330,1676,1330,1433,1469,1676,1330,1558,1340,1676,1676,1469,1676,1676,1330,1340,1340,1676,1676,1676,1676,1676,1676,1491,1330,1558,1330,1330,1330,1433,1330,1676,1676,1433
1501,1536,1536,1536,1536,1248,1536,1418,1248,1501,1478,1737,1536,1536,1418,1536,1536,1418,1536,1429,1536,1418,1536,1429,1536,1536,1710,1478,1536,1478,1536,1536,1536,1536,1544,1536,1536,1536,1536,1429,1248,1536,1536,1536,1536,1536,1478,1501,1590,1501
1461,1676,1676,1676,1558,1461,1461,1676,1648,1676,1675,1676,1648,1544,1527,1461,1351,1648,1676,1676,1527,1461,1544,1425,1676,1676,1676,1558,1433,1676,1676,1461,1438,1676,1389,1676,1389,1676,1676,1618,1544,1438,1351,1425,1757,1486,1648,1544,1389,1433
1710,1710,1398,1429,1649,1536,1536,1536,1536,1544,1429,1536,1429,1536,1429,1536,1429,1429,1536,1536,1429,1536,1398,1536,1651,1544,1586,1429,1398,1398,1710,1536,1536,1536,1536,1429,1536,1536,1700,1536,1536,1536,1536,1429,1429,1699,1758,1536,1429,1500
1357,1433,1676,1425,1648,1615,1648,1648,1648,1433,1425,1648,1648,1648,1648,1461,1433,1615,1648,1433,1648,1676,1648,1512,1648,1676,1357,1648,1433,1357,1357,1461,1648,1357,1425,1594,1461,1648,1433,1648,1512,1433,1676,1359,1648,1594,1648,1586,1512,1676
1323,1429,1439,1429,1429,1368,1429,1368,1429,1536,1429,1429,1429,1323,1323,1429,1429,1429,1429,1586,1705,1429,1429,1429,1429,1429,1429,1485,1429,1429,1429,1429,1429,1429,1586,1536,1510,1429,1429,1323,1536,1429,1323,1322,1429,1551,1439,1323,1322,1368
1648,1425,1425,1584,1571,1643,1583,1631,1571,1432,1500,1246,1246,1216,1246,1359,1246,1536,1487,1536,1487,1571,1584,1425,1605,1432,1359,1246,1536,1648,1487,1246,1759,1536,1425,1500,1246,1216,1425,1487,1425,1425,1500,1425,1536,1584,1425,1584,1648,1246
1539,1429,1566,1399,1539,1582,1429,1582,1429,1582,1539,1322,1322,1408,1680,1322,1438,1429,1429,1582,1322,1586,1586,1654,1322,1521,1582,1322,1582,1582,1521,1399,1586,1429,1429,1582,1438,1399,1582,1521,1521,1322,1429,1582,1429,1429,1408,1539,1322,1582
1425,1216,1246,1216,1500,1216,1216,1216,1216,1425,1216,1216,1246,1500,1246,1216,1308,1246,1246,1566,1246,1216,1246,1246,1500,1216,1246,1246,1216,1216,1216,1355,1246,1246,1216,1216,1216,1425,1355,1216,1216,1246,1246,1246,1246,1216,1246,1246,1246,1246
1582,1164,1322,1539,1295,1295,1539,1164,1443,1539,1539,1355,1539,1566,1334,1548,1334,1295,1164,1539,1322,1322,1322,1164,1340,1539,1414,1322,1355,1539,1340,1334,1539,1539,1322,1539,1334,1539,1539,1164,1475,1322,1322,1475,1539,1322,1295,1340,1322,1539
1216,1216,1566,1216,1216,1216,1216,1216,1216,1500,1216,1159,1500,1246,1216,1500,1246,1216,1159,1216,1216,1500,1216,1351,1500,1216,1216,1363,1216,1318,1216,1434,1500,1216,1500,1216,1159,1216,1363,1500,1520,1318,1216,1216,1216,1216,1351,1216,1216,1216
1362,1322,1436,1322,1164,1322,1322,1153,1322,1539,1164,1529,1417,1436,1436,1153,1322,1164,1322,1164,1539,1116,1322,1322,1417,1539,1164,1153,1164,1539,1539,1322,1322,1322,1539,1322,1539,1361,1539,1164,1464,1153,1322,1525,1417,1322,1322,1529,1539,1153
1216,1216,1283,1132,1216,1283,1470,1216,1216,1480,1216,1216,1132,1216,1364,1132,1216,1500,1216,1500,1216,1283,1216,1132,1216,1112,1216,1500,1216,1283,1406,1283,1132,1500,1216,1364,1132,1500,1216,1216,1456,1216,1216,1216,1283,1216,1216,1216,1500,1216
1052,1322,1322,1391,1322,1539,1539,1497,1091,1325,1249,1052,1249,1487,1339,1322,1322,1473,1008,1116,1249,1052,1471,1473,1391,1091,1471,1473,1473,1424,1322,1539,1473,1322,1116,1473,1322,1052,1116,1471,1339,1322,1325,1473,1473,1471,1116,1322,1473,1052
1398,1480,1235,1103,1283,1235,1283,1283,1484,1283,1471,1283,1235,1235,1103,1283,1283,1283,1216,1500,1216,1283,1480,1430,1283,1216,1216,1235,1103,1398,1283,917,1216,1235,1283,1216,1283,1480,1283,917,1283,1480,1500,1480,1283,1283,1216,1216,1281,917
1309,1116,1440,1116,1116,1116,1322,1473,1116,1097,1473,1473,1389,1473,1473,1440,1116,1473,1116,1375,1116,1322,1116,1375,1116,1116,1116,1097,1440,1116,1473,1473,1116,1116,1473,1389,1116,1322,1322,1116,1502,1422,1322,1473,1473,1116,1116,1502,1539,1097
1344,1163,917,917,1059,1059,1059,1045,1283,1045,1429,1045,1153,1163,917,917,1059,1216,1283,1283,1059,1283,1272,1059,1153,917,917,917,1283,1059,917,1059,1283,1283,917,917,1283,917,1272,1283,917,1163,917,1283,1283,1480,917,917,917,1283
1058,1394,1205,1116,1409,1193,1215,1419,1440,1112,1409,1215,1394,1112,1394,1112,1440,1440,1112,1116,1215,1440,1096,1193,1193,1394,1193,1394,1116,1394,1409,1334,1394,1096,1058,1394,1419,1334,1058,1419,1116,1394,1116,1116,1334,1344,1394,1112,1440,1394
917,1059,1536,917,917,917,1278,1403,917,917,1403,1059,917,917,1059,1059,1059,1059,1480,1551,917,917,917,917,1403,1059,917,917,1059,1059,1059,917,1059,917,917,917,917,1004,917,917,1059,1136,1536,917,1278,1332,917,1059,1580,1059
1394,1193,1394,929,1013,1153,1282,1394,1193,1189,1169,1153,1440,1394,929,1394,1394,1193,1116,1440,1394,1298,929,1193,1394,1193,1169,1286,1394,1013,1394,1286,1226,1394,1286,929,1153,1394,1116,1394,1189,1116,1013,1282,1440,1394,1153,929,1440,1169
1059,917,1219,1084,1059,1059,917,917,1580,1059,1059,1480,917,1059,917,1497,1059,1059,1476,1059,917,1059,1540,1462,1059,948,1309,1026,1084,1059,1026,1059,1059,917,1059,1059,1059,917,1059,1059,917,1059,1059,1059,1309,1192,1059,917,917,1059
1308,1243,1041,1013,1394,1211,1201,1394,1201,1394,1190,1352,1394,1212,1394,1211,1116,1212,1211,1292,1394,1013,1394,1243,1440,1041,1394,1098,1190,1212,1201,1394,1394,1252,1098,1394,1394,1013,1394,1201,1394,1394,1013,1334,1013,1352,1211,1394,1336,1211
1162,1059,1059,1059,1465,1059,1059,1059,917,1059,1059,1059,1059,1059,1059,1059,1059,1059,1059,1059,1059,1059,1059,1309,1059,1059,1059,1059,1059,1059,1059,1059,1229,1059,1497,1059,1156,1059,1059,1059,1059,1059,1059,1059,1059,1059,1059,1059,1059,1309
1194,1335,1283,1283,1394,1281,1372,1013,1290,1394,1394,1394,1394,1194,1290,1369,1394,1263,1346,1290,1237,1290,1372,1394,1394,1372,1394,1290,1394,1394,1394,1372,1394,1194,1194,1394,1335,1394,1194,1394,1263,1385,1283,1394,1394,1263,1346,1369,1394,1263
1387,1059,1059,1059,1059,1059,1059,1059,1059,1050,1059,1059,1059,1050,1059,1059,1059,1059,1538,1059,1059,1426,1059,1059,1380,1059,1059,1050,1050,1059,1538,1059,1050,1059,1059,1050,1059,1059,1059,1059,1059,1059,1050,1059,1059,1059,1059,1050,1425,1178
1112,1216,1146,1294,857,1394,1146,1146,857,1115,1112,1294,1146,1115,1115,1194,1394,1201,1146,1112,857,977,1263,1263,1394,1394,1251,1263,1394,1274,1294,1389,1294,1192,1192,1394,857,1251,1112,1394,1216,1394,1115,977,1216,1146,1394,1294,977,1263
1238,1059,1059,1280,1415,1059,1280,1415,1415,1059,1059,1059,1506,1059,1059,1415,1059,1431,1059,1059,1059,1298,1280,1407,1059,1438,1321,1059,1059,1059,1380,1380,1059,1506,1435,1474,1059,1059,1059,1059,1280,1059,1059,1059,1059,1059,1059,1059,1059,1380
1112,1394,1263,857,1023,1146,1350,1394,977,1394,1394,1023,1112,1263,1394,1350,1051,977,1263,1146,1263,977,1112,857,977,1263,857,1263,1394,1263,857,1112,1112,1023,1051,1394,1112,1112,1023,1394,1394,1112,857,1394,1234,1112,1112,1394,1112,1263
1059,1380,1059,1059,1415,1059,1380,1059,1415,1059,1265,1380,1380,1059,1059,1059,1059,1361,1059,1059,1059,1415,1059,1278,1059,1246,1059,1284,1059,1059,1474,1059,1059,1059,1415,1380,1059,1059,1380,1380,1284,1246,1284,1284,1059,1059,1284,1361,1246,1059
1112,1112,1263,1112,977,1394,1112,1349,1263,1394,1374,1394,1112,1374,1224,1112,1112,1112,1282,1391,1112,1335,977,1224,1335,1394,1112,1112,1112,1394,1263,1199,1394,1345,1263,1282,1263,1263,1224,1335,1199,1224,1112,1199,1199,1112,1263,1263,1349,1394
1134,1059,1059,1059,1380,1134,1367,1059,1059,1358,1182,1059,1415,1059,1059,1059,1059,1134,1415,1059,1137,1059,1137,1358,1380,1059,1059,1302,1367,1059,1302,1059,1059,1137,1182,1059,1059,1376,1059,1182,1059,1407,1148,1134,1059,1302,1415,1059,1302,1059
1112,1325,1272,1394,1394,1394,1112,1263,1394,1394,1292,1263,1161,1112,1161,1225,1217,1394,1394,1161,1112,1394,1394,1112,1394,1394,1394,1394,1389,1380,1380,1112,1389,1394,1112,1263,1394,1389,1272,1263,1380,1389,1389,1394,1389,1263,1394,1272,1389,1394
1059,1059,1059,1059,1059,1059,1059,1059,1059,1059,1059,1059,1147,1059,1059,1059,1059,1059,1059,1059,1380,1059,1059,1059,1059,1537,1059,1059,1059,1059,1059,1059,1059,1059,1059,1059,1059,1059,1059,1059,1059,1181,1147,1525,1151,1059,1059,1059,1059,1059
1183,1238,1297,1217,1217,1246,1183,1394,1217,1394,1272,1192,1183,1394,1238,1217,1217,1272,1183,1394,1263,1394,1394,1251,1394,1238,1394,1099,1394,1217,1370,1192,1394,1263,1394,1394,1183,1394,1099,1370,1370,1246,1394,1192,1394,1394,1192,1394,1394,1394
1095,1059,1059,1059,1059,1059,1059,1059,1059,1059,1059,1059,1059,1059,868,1059,1059,1059,1525,1059,1095,1059,1059,1380,868,1059,1059,1059,1059,1059,1059,1059,1059,1059,1059,868,1509,1095,1059,1059,1059,1059,1499,1059,1059,1059,1059,1059,1059,1059
1050,1295,1394,1394,1097,1347,1217,1295,1097,1295,1347,1217,1394,1217,1394,1394,1347,1138,1394,1090,1050,1325,1149,1288,1394,1394,1394,1217,1090,1090,1090,1394,1394,1217,1394,1394,1097,1295,1394,1295,1394,1097,1308,1288,1394,1263,1295,1097,1394,1249
1059,1059,1059,1059,1059,1012,1059,1059,1059,1012,1059,1059,1380,1059,1059,1059,1059,1533,1059,1059,1012,1566,1059,1566,1059,1059,1059,1059,1059,1380,1059,1059,1059,1059,1059,1059,1059,1059,1455,1059,1059,1380,1059,1059,1059,1012,1059,1059,1059,1059
1394,1263,1148,1339,999,1394,1263,999,1017,1334,1201,1323,1017,1017,1334,1359,1394,1017,1394,1394,1201,1263,1090,999,1359,1201,1394,1334,1201,1359,1148,1263,1302,999,1148,1201,1394,1090,1359,1090,1323,1394,1263,1302,1148,1323,1263,1297,1017,1090
1059,1059,1059,1012,1059,970,1012,1059,1012,970,1012,1059,1059,1379,1059,1285,1059,1012,1301,1059,1094,1059,1285,1053,1380,1059,1059,1053,1053,1059,1059,1379,1059,1053,1301,1012,1053,1059,1248,1053,1012,1012,1012,1059,1257,1012,1012,1012,1012,1012
1359,1307,1359,1359,1359,1017,1053,1017,995,1359,1263,1210,1210,1191,1191,1159,1053,1053,1227,1227,1394,1017,1191,1359,1017,1260,1227,1191,1332,1359,1359,1227,1359,1359,1227,1227,1359,995,1263,1017,1159,1017,1359,1394,1191,1359,1359,1359,1227,1332
1059,1285,1012,1285,1012,1059,1285,1180,1012,1012,1012,1012,1012,1012,1012,1059,1012,1285,1012,1206,1012,1012,1559,1285,1012,1012,1012,1206,1012,1012,1012,1012,1012,1012,1059,1012,1012,1012,1012,1012,1012,1012,1059,1012,1285,1012,1012,1012,1012,1012
1227,1017,1295,1359,1295,1227,1215,1017,1359,1227,1017,1228,1116,1017,1017,1035,1017,1359,1228,1078,1017,1078,1017,1017,1017,1017,1215,1017,1017,1227,1359,1017,1227,1359,1093,1359,1093,1017,1078,1228,1359,1017,1295,1359,1116,1017,1017,1017,1017,1017
1285,1285,1012,1012,1285,1012,1012,1285,1012,1285,1285,1012,1025,1012,1285,986,1012,1285,1012,1285,1285,1012,1285,1285,1012,1025,1144,1285,1012,1285,1285,1285,1012,1285,1012,1285,1285,1025,1012,1144,1285,1285,1285,1285,1285,1285,1012,1285,1285,1012
1329,1017,1017,1017,1017,1333,1017,945,1017,1017,1017,945,1017,1017,1009,1017,1017,1017,1017,1017,1017,1017,1359,1017,1009,1017,1017,1017,1017,1359,1017,1017,1017,1017,1017,1017,1009,1017,945,1017,1017,1017,1017,945,1017,1017,1017,1017,1017,1017
1109,1152,1258,1012,1152,1285,1012,1048,1012,1285,1012,1012,1048,1012,1262,1285,1285,1285,1258,1285,1262,1258,1285,1258,1285,1012,1285,1048,1285,1285,1285,1285,1285,1012,1152,1285,1285,1285,1285,1012,1152,1012,1109,1048,1285,1012,1012,1048,1109,1285
1017,1017,1017,1017,1359,1017,1017,1017,1017,1359,1017,1359,1017,1017,1359,1017,1017,1017,1017,1359,1017,1017,1359,1017,1017,1017,1017,1359,1017,1017,1017,1017,1017,1017,1017,1017,1501,1017,1189,1017,1017,1017,1017,1017,1017,1017,1017,1359,1017,1017
1012,1012,1049,1012,1285,1012,1012,1012,1012,1285,1285,1012,1285,1285,1285,1012,1285,1049,1285,1012,1049,1285,1026,1285,1285,1012,1012,1012,1285,1285,1285,1285,1012,1285,1285,1285,1012,1012,1012,1285,1012,1285,1285,1026,1012,1174,957,1012,1012,1012
985,1017,1017,1017,1017,954,1017,1017,1017,985,1017,1017,1017,985,1017,1017,1136,1017,1017,1017,1017,1017,985,1017,985,1017,1017,1017,985,1017,1017,1017,1359,1017,1017,1017,1136,1017,1017,1017,1017,1359,1017,1017,985,1017,1017,985,1017,954
1012,1195,1051,1285,1285,1285,1285,1111,1012,1513,915,1285,1051,1152,1195,915,1004,1195,1012,1285,1285,1012,1285,1012,1195,1195,1051,1051,1012,1051,1152,1285,1012,1012,1051,1285,1214,1214,1285,1214,1285,1012,1004,1195,1285,1004,915,1285,1004,1214
1017,1416,1338,1017,1017,1065,1017,1017,1017,1017,1017,1065,1017,1270,1017,1017,1017,1017,1017,1017,1017,1017,1017,1017,1017,1270,1017,1017,1017,1017,1017,1234,1017,1017,1270,1017,1017,1017,1017,1017,1017,1017,1017,1017,1017,1017,1234,1017,1052,1017
1285,1103,1285,1285,1285,1103,1214,1214,1285,1103,1285,1214,1285,1285,1285,1216,1214,1285,1103,1285,1285,1214,1285,1285,1285,1285,1285,1214,1285,1214,1285,1285,1285,1214,1285,1285,1285,1285,1214,1214,1285,1285,1103,1214,1285,1103,1285,1103,1214,1285
1017,1017,1017,1017,1017,1017,1017,1017,1017,1017,1017,1017,1017,1017,1270,1017,1062,1017,1017,1017,1017,1017,1017,1017,1017,1017,1017,1017,1017,1018,1017,1017,1017,1017,1017,1017,1017,1017,1017,1017,1270,1017,1017,1017,1017,1017,1017,1017,1017,1017
1118,1123,1285,1214,1214,1123,1285,1285,1118,1285,1123,1285,1285,1285,1285,1285,1134,1285,1145,1285,1285,1285,1285,1285,1285,1285,1285,1285,1543,1285,1285,1285,1118,1145,1285,1472,1214,1241,1285,1118,1285,1285,1255,1118,1123,1285,1145,1285,1255,1285
1017,1017,1017,1017,1017,1017,1017,1017,1017,1017,1017,1504,1017,1017,1017,1017,1017,1017,1017,1017,1017,1017,1017,1017,1017,1017,1017,1017,1170,1017,1017,1017,1017,1017,1017,1017,1017,1504,1017,1017,1017,1017,1017,1017,1017,1017,1017,1017,1017,1017
940,940,1145,942,1168,1250,1285,1285,1285,1285,1285,1285,1145,1285,1285,1168,1285,1285,1285,1285,942,940,1145,1145,940,1285,1145,940,1285,1285,1285,1285,1250,1285,942,1285,1285,1285,1285,1285,1250,940,1168,942,1285,1168,1145,1285,1285,1145
1017,1380,1017,1017,1017,1357,1017,1017,1380,1017,1017,1017,1017,1017,1017,1017,1017,1050,1017,1217,1017,1017,1017,1217,1017,1017,1288,1017,1017,1017,1017,1017,1017,1017,1017,1017,1017,1017,1017,1017,1017,1017,1017,1017,1017,1017,1017,1017,1017,1017
1285,1285,942,940,1024,942,1024,942,1285,1024,940,1285,1024,942,1024,1246,1275,942,1190,1016,1285,940,1190,1118,1197,940,1197,1275,1285,1246,1190,1190,1246,964,1285,964,1285,1285,940,1016,1197,1118,1285,940,1285,942,1190,1016,1285,1190
1017,1017,1017,1017,1385,1017,1492,1290,1017,1217,1017,1017,1017,1217,1217,1017,1217,1334,1277,1017,1217,1017,1217,1017,1217,1217,1034,1217,1217,1017,1217,1017,1017,1017,1017,1017,1017,1017,997,997,1217,1217,1017,1017,1317,1017,1017,1277,1017,1277
1055,942,942,942,942,942,1285,942,942,1055,942,1055,942,1285,942,1285,942,942,1285,942,942,942,942,879,1285,942,942,942,942,879,942,1285,942,1055,942,942,942,1186,1087,942,1285,942,1425,942,942,879,1285,942,1055,942
1017,1017,1217,1017,1017,1017,1190,1135,1017,1135,1217,1017,1017,1217,1246,1017,1017,1190,1017,1017,1217,1217,1017,1017,1017,1192,1017,1017,1017,1017,1135,1135,1017,1217,1217,1217,1135,1172,1017,1105,1217,1192,1105,1017,1217,1017,1017,1017,1217,1017
1285,942,942,942,942,1285,942,942,942,1285,942,1253,942,942,942,942,1285,942,942,1160,1160,942,942,1160,942,1285,942,942,942,942,942,942,942,942,942,942,942,942,942,942,1285,1285,1160,942,942,942,942,1285,942,942
1017,1017,915,1195,1187,915,1017,1187,1217,1017,1017,915,1017,1217,1110,1017,1017,1017,1202,1017,1110,1217,1017,1217,736,736,1187,1017,1217,736,1217,1217,1017,1017,1017,736,1017,1017,1017,1017,1017,1017,1217,915,1053,915,1017,1053,1217,1110
1219,1051,942,942,1051,1092,1285,942,942,942,942,1285,942,1051,1285,1285,942,942,942,942,1397,1285,942,942,1285,942,942,1285,1285,1285,1285,942,1285,942,1540,942,1092,1285,942,942,942,942,942,942,942,942,1285,942,1092,942
1017,1017,1017,1217,1017,1017,1017,1017,1217,1217,1106,1002,1217,1217,1017,1017,1017,1061,1017,1017,1017,1217,1217,1002,1017,1113,1217,1015,1017,1017,1061,1113,1002,1017,1017,1004,1217,1017,1015,736,1017,736,1004,1217,1004,1106,1017,1229,1017,1017
1285,942,1285,942,942,1181,1285,942,942,942,942,1035,942,942,942,942,1035,942,942,1181,942,942,1285,1285,1285,942,1181,1285,942,942,942,1285,1251,1173,942,942,942,1093,942,942,942,942,942,942,942,1285,942,1397,942,1173
974,1017,1217,1017,1217,974,1017,1017,1017,974,1217,1002,1002,1017,736,974,1017,1017,1301,1017,1002,1017,1017,1017,1002,1017,1017,1217,1217,974,1017,1017,1017,1217,1017,974,1217,1017,1017,1017,1002,1017,1002,1217,1017,1215,1217,1017,974,1217
1285,1005,942,1005,942,942,1173,1173,1173,876,942,942,876,942,942,876,876,942,1173,942,1173,1173,942,1285,942,876,942,942,942,942,1173,942,942,942,1173,942,1173,942,942,942,942,1285,876,1434,1173,942,1173,1173,942,942
1002,1217,1002,1002,1002,832,1190,1017,1182,1002,1217,1017,962,962,1182,1217,1002,1167,1112,1002,1002,1217,962,1217,1002,1002,1002,1002,1002,832,1217,1002,962,1017,1002,1002,1002,1002,1002,962,1002,1002,832,1217,1002,1167,832,1002,832,1002
1173,1173,942,942,1173,1268,942,1114,1173,942,942,942,1173,1173,1099,942,942,942,942,1173,1154,942,1173,1173,942,1173,942,1173,1173,942,942,1264,1173,942,1285,1173,942,942,1114,1173,1173,1173,942,942,942,942,942,1173,942,942
1002,962,1217,858,1002,1002,1002,1002,962,1217,1002,1002,1002,1217,1002,1002,1002,1017,1002,1002,1002,1002,1002,962,1002,1002,1002,1002,1002,1002,1217,880,1002,1002,1002,1002,1017,858,1002,1002,1002,858,1002,1002,1002,1217,1002,858,1002,858
1097,1173,942,1173,1173,1173,1097,1129,942,1173,942,1173,942,942,1173,942,1129,1173,942,942,1173,1173,1173,1129,942,1173,1173,1173,1173,1173,1173,1173,942,942,1173,942,1173,1173,1173,942,1173,1173,1097,1129,942,942,1173,942,1173,1173
1002,1002,997,1002,1002,1002,1002,1002,1002,1002,1101,852,1002,1002,1002,1002,1002,1002,997,852,1217,1002,1002,1002,1002,1217,1002,1217,1094,1217,1002,1002,1002,1002,1094,1002,1002,1002,1002,1002,997,852,1002,1002,1002,1002,1002,1002,1002,1002
942,868,1173,868,1173,1075,1075,1128,1135,942,1173,1173,1173,942,982,1173,1173,942,942,1173,1173,1173,1128,1173,1173,942,1135,1173,912,942,1173,1135,942,868,1173,1128,1123,982,942,1173,1173,982,942,912,942,1123,942,1128,1173,868
1002,1002,1002,1002,1002,1002,1002,1002,520,520,1002,1002,1002,1002,520,1002,1002,1217,1002,1002,1002,1002,1002,520,1002,1038,1002,1002,520,520,1217,1243,1244,1002,1038,1002,1002,1002,1217,1002,1217,1243,1002,1002,520,1002,1002,1002,1002,1413
1173,1173,1173,942,1061,1061,942,1173,1173,1075,1173,942,1173,890,1173,890,1173,942,998,1173,890,1140,1173,1140,1173,992,942,963,963,998,942,1173,1173,890,942,942,1173,1173,942,942,1140,942,1169,1173,890,1173,942,942,1173,1061
1002,1124,1124,960,960,1002,1256,1087,1002,1002,1065,853,1002,1002,1002,1002,1217,1002,1065,960,1002,853,1002,1002,1002,1002,1002,1002,1050,1217,1002,1002,960,1002,1002,1002,1002,1087,853,1002,960,1002,960,1002,1002,960,1217,960,1002,1002
1173,1173,942,1173,1173,1053,1173,942,1103,1173,943,1173,942,943,1036,943,943,942,1160,1036,1173,1173,1173,987,1173,1173,943,942,942,1036,942,1173,1036,1173,1173,987,1173,1173,943,942,943,1061,942,942,987,942,987,1053,942,1173
1002,1096,1041,1002,1096,1002,1002,1002,1002,1217,1002,1217,1002,1170,870,870,1217,1388,1096,1002,1002,1002,1002,1002,1002,1002,870,1002,1002,1002,787,1002,1002,1002,1041,1002,1002,1002,870,1408,1002,1002,787,1002,1002,1002,787,1002,870,1002
1173,942,943,942,1173,1173,1173,987,1173,1173,1173,1173,1267,964,1156,942,987,1076,1173,943,987,1173,1173,1061,1173,1173,942,1061,1173,1061,942,882,1103,1173,942,1173,1173,1173,1173,882,1173,942,1173,1173,987,1076,1173,943,1173,1103
1002,1002,1002,1002,1002,1002,1002,1002,1002,1002,1002,1002,1002,1002,1002,1002,1002,1002,1002,1002,1002,1002,1002,1002,822,1002,1002,1002,1002,1002,1002,1002,1002,1002,1002,1002,1002,822,1002,1002,1002,1002,1002,1002,1002,1002,822,1002,1002,1336
1173,1068,1173,1173,1135,1173,1173,1092,1092,1173,1173,1031,1092,1092,1092,1092,1092,1092,1092,1092,1092,908,1092,908,1031,1092,1092,1173,1173,1092,1167,1173,1173,1031,1031,1092,1127,1173,1173,1173,1108,1092,908,1068,908,1068,1031,1173,1164,1173
822,1002,1002,822,822,1002,822,1002,822,1002,1002,1002,953,822,1002,1002,822,1002,1002,822,822,822,822,822,822,822,822,822,1002,822,963,1002,1002,822,1002,822,1002,1002,822,1002,822,822,822,1002,1322,822,1002,963,822,822
1092,1092,810,1092,1092,1092,1092,1092,748,1001,1092,1092,1092,748,1092,962,1092,1092,1004,1092,810,929,1092,1092,1092,1092,748,1092,962,1092,1092,1092,1092,1092,1092,1004,929,1092,1092,1092,962,810,1092,929,1343,962,1173,1092,1092,810
