2799,2626,2462,2396,2780,2634,2396,2716,2605,2654,2331,2478,2415,2415,2458,2174,2331,2538,2201,2396,2396,2605,2560,2174,2415,2224,2174,2674,2197,2331,2478,2560,2462,2331,2478,2580,2631,2538,2174,2605,2396,2415,2601,2331,2224,2201,2605,2201,2538,2716
2390,2368,2202,2429,2390,2409,2590,2229,2307,2342,2288,2418,2590,2288,2342,2226,2368,2307,2280,2368,2368,2483,2427,2368,2345,2288,2280,2368,2368,2307,2314,2368,2280,2368,2546,2368,2229,2427,2455,2427,2307,2226,2226,2229,2342,2342,2226,2390,2483,2427
2257,2174,2174,2440,2224,2174,2224,2201,2201,2224,2174,2201,2201,2174,2155,2197,2174,2396,2197,2210,2222,2222,2224,2201,2174,2201,2342,2329,2201,2174,2280,2201,2174,2174,2239,2224,2174,2174,2224,2396,2201,2174,2210,2222,2201,2201,2174,2201,2201,2197
2280,2288,2245,2192,2314,2265,2265,2288,2191,2192,2192,2192,2266,2191,2390,2288,2265,2261,2261,2192,2192,2288,2288,2273,2390,2266,2418,2288,2192,2192,2288,2314,2266,2266,2306,2368,2348,2288,2192,2348,2245,2367,2333,2390,2288,2265,2288,2367,2191,2367
2148,2201,2148,2280,2197,2132,2210,2148,2148,2148,2148,2148,2201,2197,2161,2201,2148,2148,2201,2148,2153,2201,2132,2148,2148,2148,2132,2132,2210,2148,2148,2148,2239,2132,2148,2148,2201,2148,2197,2148,2148,2132,2201,2197,2210,2292,2201,2148,2201,2017
2288,2169,2083,2192,2192,2192,2132,2212,2192,2164,2023,2192,2192,1939,1964,2182,1964,1964,2192,2132,2083,1911,2192,1939,1939,2164,2023,2194,2023,2132,2192,2192,1911,1911,1911,2023,2023,2023,2083,2192,1911,2192,2192,1964,2192,1911,2192,2212,2132,2170
1911,1869,1866,2042,2144,2042,2017,2042,2042,2148,2036,1866,2117,2042,2066,1907,1866,1907,2008,1911,2120,2148,2017,2148,2042,1911,1911,2148,1911,1869,2017,2144,2144,2042,1939,2042,1866,2042,2036,2036,2117,2144,1939,1869,2042,2132,2144,1869,2117,2148
1911,1911,1911,1862,1889,1911,1889,1911,1911,1939,2160,1911,1911,2031,1911,1911,1911,1911,1939,1916,1818,1916,1911,1939,1939,1911,1911,1911,1818,1911,1911,1911,1911,1911,1911,1911,1939,1911,1911,2160,1911,1918,1911,1818,1964,1911,1911,1911,1862,1911
2042,1970,2042,1817,2041,1911,1906,2042,1791,1911,2040,1791,1946,2007,1911,1911,1970,1858,2042,2042,1946,1946,1791,1791,1817,2038,2042,1970,1970,1970,1791,1970,1911,1911,2042,2042,1994,1916,1906,1994,1970,1911,1906,1791,1970,1911,1911,1791,1970,1946
1905,1818,1818,1738,1818,1818,1862,1818,1818,1872,1818,1818,1552,1949,1949,1911,1818,1552,1862,1818,1857,1820,1818,1905,1911,1552,1818,1818,1912,1818,1857,1820,1818,1818,1738,1818,2006,1818,1911,1912,1872,1818,1818,1818,1738,1738,1738,1818,1872,1857
1897,1970,1941,1897,1666,1890,1739,1736,1739,1739,1666,1970,1903,1664,1664,1941,1890,1729,1739,1970,1664,1941,1824,1903,1970,1897,1666,1845,1897,1953,1739,1903,1953,1964,1845,1729,1664,1664,1970,1890,1970,1968,1666,1729,1903,1664,1729,1824,1765,1729
1818,1818,1617,1859,1857,1818,1904,1809,1818,1820,1617,1859,1820,1820,1818,1818,1902,1819,1868,1834,1828,1964,1949,1960,1819,1617,1818,1859,1617,1828,1818,1818,1834,1809,1828,1818,1819,1818,1834,1818,1949,1949,1902,1818,1818,1818,1818,1828,1818,1617
1906,1664,1919,1859,1812,1915,1947,1864,1888,1812,1664,1888,1719,1775,1719,1817,1812,1775,1719,1666,1947,1888,1666,1775,1888,1762,1666,1953,1719,1817,1888,1762,1970,1812,1775,1666,1901,1888,1762,1941,1888,1954,1817,1775,1970,1664,1762,1664,1915,1666
1820,1828,1798,1617,1589,1617,1589,1589,1617,1617,1629,1798,1730,1769,1904,1769,1957,1665,1904,1957,1617,1617,1769,1667,1629,1617,1617,1589,1617,1912,1820,1863,1798,1730,1617,1820,1665,1629,1617,1798,1665,1629,1589,1667,1818,1629,1617,1798,1904,1617
1624,1888,1718,1834,1613,1647,1888,1668,1848,1647,1725,1888,1888,1888,1718,1618,1760,1647,1664,1718,1888,1618,1820,1848,1725,1664,1711,1848,1834,1647,1906,1613,1664,1711,1664,1760,1848,1618,1664,1624,1624,1613,1773,1773,1820,1820,1618,1773,1668,1618
1771,1617,1710,1617,1839,1617,1617,1816,1667,1769,1761,1667,1816,1617,1771,1617,1617,1617,1839,1617,1890,1617,1723,1665,1873,1667,1877,1769,1771,1667,1617,1665,1839,1617,1617,1617,1769,1617,1771,1873,1667,1773,1773,1617,1904,1761,1839,1667,1617,1617
1647,1647,1871,1647,1725,1622,1792,1888,1664,1871,1759,1820,1647,1848,1820,1792,1647,1759,1820,1647,1820,1725,1647,1725,1622,1647,1647,1647,1809,1809,1763,1759,1759,1852,1820,1647,1759,1763,1773,1759,1820,1773,1664,1647,1759,1852,1820,1852,1809,1647
1710,1617,1768,1758,1667,1817,1617,1816,1667,1617,1667,1667,1667,1769,1667,1758,1667,1617,1756,1667,1810,1812,1710,1623,1644,1812,1667,1758,1623,1623,1617,1667,1617,1812,1768,1667,1727,1769,1667,1756,1727,1667,1644,1667,1667,1667,1667,1667,1623,1667
1768,1820,1809,1792,1820,1667,1809,1667,1701,1691,1691,1820,1571,1800,1792,1820,1820,1725,1725,1820,1761,1667,1701,1725,1761,1571,1800,1820,1820,1800,1820,1792,1820,1761,1571,1725,1820,1792,1571,1767,1701,1571,1820,1571,1809,1571,1800,1761,1761,1768
1667,1644,1667,1642,1642,1644,1768,1672,1667,1667,1642,1672,1644,1667,1644,1739,1644,1689,1644,1672,1644,1667,1672,1644,1672,1667,1667,1667,1668,1644,1667,1667,1644,1689,1667,1667,1644,1667,1644,1667,1689,1840,1667,1672,1667,1667,1672,1668,1667,1667
1571,1800,1742,1768,1571,1553,1451,1800,1571,1718,1553,1571,1675,1451,1451,1571,1571,1451,1742,1675,1451,1731,1571,1553,1701,1571,1624,1571,1571,1613,1527,1613,1675,1571,1571,1451,1571,1742,1800,1820,1742,1527,1553,1675,1800,1451,1820,1571,1768,1571
1644,1571,1808,1672,1645,1644,1644,1667,1644,1644,1672,1644,1645,1658,1672,1571,1571,1336,1571,1672,1672,1672,1336,1465,1336,1645,1644,1644,1632,1571,1645,1667,1672,1667,1465,1336,1721,1571,1632,1667,1658,1667,1621,1684,1621,1672,1672,1632,1621,1632
1571,1728,1478,1571,1538,1571,1571,1538,1571,1376,1571,1484,1571,1571,1478,1538,1668,1571,1538,1484,1478,1668,1571,1581,1759,1553,1484,1608,1608,1705,1571,1571,1538,1484,1734,1376,1484,1705,1571,1376,1538,1571,1571,1484,1608,1571,1573,1800,1713,1571
1583,1627,1394,1627,1627,1627,1465,1465,1627,1627,1465,1394,1627,1471,1627,1583,1520,1627,1465,1657,1494,1465,1627,1672,1465,1465,1645,1672,1465,1465,1627,1627,1465,1471,1465,1471,1657,1672,1465,1465,1465,1645,1672,1657,1627,1627,1627,1465,1787,1465
1478,1427,1497,1608,1497,1427,1538,1538,1531,1538,1538,1538,1538,1538,1571,1538,1538,1538,1538,1478,1608,1584,1478,1478,1538,1427,1538,1646,1531,1608,1538,1571,1531,1608,1538,1608,1497,1538,1541,1531,1538,1538,1538,1502,1427,1478,1478,1427,1541,1478
1471,1465,1465,1465,1465,1465,1547,1536,1465,1465,1538,1245,1465,1547,1465,1465,1471,1465,1245,1627,1465,1465,1465,1465,1538,1561,1465,1512,1245,1670,1627,1527,1465,1465,1627,1465,1465,1627,1547,1465,1465,1627,1441,1465,1627,1599,1512,1627,1471,1627
1239,1538,1608,1608,1532,1538,1608,1608,1608,1608,1565,1538,1538,1608,1608,1565,1538,1608,1536,1532,1560,1239,1608,1608,1239,1538,1538,1532,1608,1538,1608,1538,1239,1536,1538,1538,1538,1538,1538,1538,1608,1532,1538,1560,1538,1608,1239,1683,1538,1532
1465,1504,1465,1465,1465,1465,1627,1465,1465,1465,1465,1465,1491,1465,1465,1465,1627,1520,1465,1465,1465,1465,1465,1465,1627,1627,1627,1465,1627,1465,1465,1465,1465,1465,1465,1674,1465,1465,1465,1627,1465,1465,1465,1465,1465,1465,1465,1627,1619,1465
1608,1538,1608,1449,1538,1608,1534,1608,1538,1608,1608,1449,1534,1538,1538,1538,1538,1538,1608,1491,1538,1538,1608,1605,1605,1491,1538,1449,1605,1608,1538,1538,1608,1538,1538,1608,1608,1538,1608,1628,1608,1491,1538,1449,1449,1449,1534,1538,1491,1605
1627,1465,1627,1465,1465,1465,1465,1592,1465,1465,1592,1465,1627,1465,1465,1465,1627,1627,1465,1465,1465,1465,1627,1465,1442,1793,1465,1442,1442,1465,1429,1423,1429,1429,1625,1465,1423,1465,1465,1627,1465,1465,1465,1465,1465,1465,1520,1673,1429,1465
1538,1608,1538,1605,1538,1582,1578,1608,1538,1554,1538,1538,1538,1554,1513,1538,1538,1423,1608,1538,1538,1608,1538,1423,1513,1554,1513,1538,1538,1569,1423,1513,1538,1538,1423,1554,1423,1538,1597,1538,1538,1423,1608,1538,1538,1538,1538,1554,1550,1538
1791,1465,1465,1627,1490,1627,1627,1589,1627,1673,1516,1523,1523,1465,1627,1627,1627,1627,1612,1465,1523,1589,1627,1465,1627,1465,1674,1516,1465,1589,1523,1586,1465,1473,1465,1627,1465,1465,1465,1465,1465,1465,1465,1627,1465,1627,1627,1490,1627,1465
1505,1538,1538,1538,1538,1623,1244,1538,1377,1487,1538,1423,1538,1423,1377,1423,1608,1401,1244,1584,1538,1538,1649,1377,1608,1377,1608,1423,1605,1538,1584,1401,1538,1487,1538,1401,1423,1538,1538,1538,1377,1423,1538,1608,1538,1608,1538,1538,1538,1608
1627,1627,1395,1356,1465,1531,1274,1536,1465,1274,1465,1546,1356,1498,1274,1627,1620,1531,1546,1356,1591,1274,1465,1591,1595,1627,1627,1356,1395,1569,1465,1591,1536,1569,1465,1591,1274,1395,1627,1627,1627,1465,1627,1498,1465,1395,1465,1591,1674,1465
1538,1505,1244,1534,1473,1538,1244,1487,1538,1480,1473,1505,1505,1244,1473,1473,1473,1538,1544,1480,1534,1338,1244,1538,1244,1505,1473,1544,1244,1244,1538,1572,1538,1538,1521,1521,1538,1505,1521,1538,1244,1505,1505,1524,1473,1473,1473,1473,1505,1473
1356,1356,1356,1546,1356,1356,1539,1474,1356,1491,1546,1569,1491,1546,1356,1539,1356,1334,1627,1356,1356,1546,1356,1356,1334,1430,1546,1356,1356,1334,1546,1546,1356,1546,1356,1356,1491,1526,1334,1356,1539,1599,1539,1546,1356,1430,1356,1569,1356,1546
1473,1473,1244,1384,1244,1473,1473,1244,1244,1473,1473,1244,1244,1244,1244,1244,1244,1473,1244,1473,1473,1244,1699,1244,1473,1566,1244,1473,1244,1244,1244,1244,1473,1473,1244,1566,1244,1473,1244,1244,1244,1473,1399,1244,1244,1473,1244,1384,1244,1568
1356,1356,1356,1341,1341,1473,1356,1245,1546,1356,1477,1546,1546,1546,1356,1356,1546,1474,1356,1356,1356,1356,1356,1356,1356,1474,1356,1356,1356,1356,1356,1356,1410,1356,1546,1546,1356,1356,1356,1546,1356,1356,1341,1245,1546,1356,1356,1356,1474,1240
1473,1244,1244,1244,1362,1471,1244,1473,1473,1244,1473,1244,1244,1244,1473,1473,1473,1244,1244,1244,1244,1244,1473,1473,1244,1362,1428,1473,1244,1473,1244,1244,1244,1244,1375,1375,1244,1417,1473,1473,1473,1362,1244,1473,1473,1471,1473,1244,1244,1428
1356,1489,1356,1546,1322,1492,1322,1356,1356,1356,1356,1322,1391,1390,1356,1356,1356,1333,1356,1356,1356,1240,1356,1489,1356,1356,1240,1356,1356,1356,1356,1356,1356,1391,1356,1356,1546,1240,1333,1240,1356,1322,1546,1240,1356,1240,1356,1356,1240,1546
1473,1473,1473,1473,1244,1244,1243,1294,1244,1243,1473,1473,1471,1244,1471,1473,1471,1473,1471,1553,1294,1471,1473,1473,1471,1471,1243,1473,1244,1471,1244,1471,1471,1473,1243,1471,1473,1294,1473,1473,1362,1244,1473,1473,1294,1243,1244,1244,1244,1244
1546,1240,1240,1240,1240,1356,1356,1356,1240,1333,1356,1356,1240,1356,1240,1356,1240,1240,1240,1349,1356,1240,1356,1240,1333,1356,1240,1356,1333,1240,1240,1546,1356,1240,1356,1356,1240,1356,1356,1356,1546,1356,1240,1356,1240,1240,1356,1240,1240,1240
1240,1417,1471,1471,1417,1471,1444,1471,1471,1244,1471,1471,1471,1471,1467,1471,1471,1244,1471,1240,1471,1244,1471,1471,1471,1471,1444,1471,1471,1471,1471,1471,1244,1240,1471,1471,1471,1417,1471,1401,1444,1471,1417,1471,1244,1417,1471,1471,1471,1471
1240,1240,1240,1240,1240,1240,1240,1240,1240,1240,1240,1240,1240,1240,1240,1240,1240,1234,1240,1240,1465,1240,1240,1240,1240,1240,1240,1240,1240,1234,1240,1240,1240,1240,1240,1240,1523,1234,1240,1240,1240,1234,1240,1240,1240,1240,1240,1240,1234,1240
1471,1336,1342,1336,1367,1471,1336,1471,1331,1331,1471,1336,1331,1342,1471,1471,1240,1404,1404,1367,1240,1471,1342,1471,1471,1471,1471,1471,1417,1342,1240,1471,1331,1471,1471,1471,1471,1331,1367,1342,1342,1240,1471,1240,1471,1240,1336,1471,1240,1471
1240,1240,1240,1240,1240,1240,1240,1240,1240,1240,1577,1240,1240,1541,1240,1240,1240,1240,1240,1445,1240,1240,1240,1240,1240,1240,1240,1240,1240,1240,1240,1240,1240,1518,1240,1454,1240,1240,1240,1517,1240,1240,1240,1240,1240,1240,1240,1240,1240,1240
1403,1471,1471,1471,1471,1471,1471,1471,1471,1471,1471,1471,1471,1471,1240,1471,1465,1471,1471,1403,1471,1471,1471,1392,1403,1240,1471,1471,1471,1471,1443,1471,1392,1392,1471,1471,1471,1240,1471,1465,1471,1471,1471,1471,1471,1471,1471,1471,1471,1471
1240,1240,1240,1240,1240,1240,1240,1240,1240,1240,1240,1240,1240,1240,1240,1240,1240,1240,1240,1240,1338,1240,1240,1240,1240,1240,1240,1240,1240,1240,1084,1240,1240,1240,1084,1240,1240,1240,1240,1240,1240,1240,1240,1240,1240,1240,1240,1240,1240,1240
1471,1252,1331,1465,1337,1471,1471,1252,1465,1383,1471,1253,1355,1471,1343,1471,1471,1337,1343,1471,1471,1337,1343,1465,1329,1253,1433,1471,1331,1331,1329,1433,1471,1465,1383,1471,1471,1355,1337,1471,1471,1355,1383,1331,1471,1471,1337,1471,1337,1471
1240,1427,1240,1240,1240,1587,1240,1596,1503,1503,1240,1240,1240,1240,1240,1240,1240,1240,1240,1446,1240,1240,1240,1240,1240,1240,1240,1446,1380,1240,1240,1668,1240,1240,1240,1240,1596,1240,1240,1240,1449,1240,1240,1380,1240,1240,1240,1240,1240,1240
1253,1471,1253,1252,1471,1329,1334,1253,1334,1252,1253,1334,1162,1471,1253,1471,1334,1471,1329,1471,1253,1430,1329,1252,1343,1253,1252,1329,1456,1471,1177,1177,1162,1162,1329,1252,1471,1253,1471,1253,1177,1329,1343,1329,1471,1329,1252,1471,1471,1162
1240,1240,1240,1240,1240,1546,1240,1240,1240,1480,1240,1533,1240,1240,1240,1240,1240,1240,1240,1240,1503,1503,1240,1240,1497,1503,1240,1240,1497,1240,1240,1503,1333,1240,1333,1497,1240,1240,1480,1240,1240,1240,1240,1240,1503,1503,1240,1240,1441,1240
1471,1398,1471,1329,1471,1329,1471,1345,1329,1329,1471,1398,1471,1329,1699,1471,1471,1471,1334,1329,1329,1410,1456,1326,1471,1398,1329,1456,1334,1329,1326,1326,1471,1334,1471,1329,1329,1334,1329,1471,1329,1631,1471,1326,1398,1471,1471,1456,1329,1326
1240,1240,1240,1240,1240,1240,1240,1240,1240,1240,1240,1240,1240,1240,1240,1240,1240,1240,1240,1240,1240,1240,1240,1240,1240,1240,1285,1285,1240,1240,1240,1503,1240,1446,1503,1480,1240,1497,1285,1240,1240,1240,1240,1503,1240,1446,1497,1503,1322,1240
1471,1374,1471,1471,1471,1456,1471,1471,1329,1329,1471,1471,1329,1329,1286,1430,1374,1329,1471,1430,1329,1471,1329,1374,1471,1329,1471,1329,1329,1329,1471,1452,1471,1456,1329,1471,1286,1471,1329,1471,1329,1471,1286,1471,1471,1329,1286,1329,1471,1471
1433,1240,1240,1240,1240,1240,1240,1240,1240,1240,1240,1240,1503,1240,1503,1442,1240,1240,1240,1240,1240,1240,1240,1240,1240,1503,1240,1240,1240,1240,1240,1240,1240,1240,1240,1240,1240,1240,1240,1240,1433,1240,1240,1552,1240,1240,1240,1240,1240,1240
1329,1471,1286,1286,1286,1471,1412,1471,1471,1329,1380,1286,1471,1327,1329,1471,1471,1471,1471,1329,1327,1230,1471,1329,1471,1471,1471,1430,1329,1230,1471,1286,1471,1329,1329,1471,1471,1471,1430,1286,1471,1329,1471,1329,1329,1471,1329,1471,1383,1430
1240,1240,1240,1240,1433,1433,1240,1240,1240,1240,1240,1240,1240,1240,1240,1240,1240,1240,1240,1240,1240,1240,1240,1240,1240,1240,1240,1426,1240,1240,1240,1426,1240,1503,1240,1240,1240,1240,1445,1240,1240,1240,1365,1240,1240,1420,1240,1240,1240,1240
1311,1401,1286,1471,1286,1471,1471,1471,1286,1471,1286,1471,1471,1471,1471,1471,1471,1471,1471,1471,1286,1471,1471,1538,1471,1286,1471,1286,1471,1311,1471,1471,1286,1471,1471,1471,1471,1311,1471,1471,1286,1471,1471,1311,1471,1471,1329,1286,1471,1471
1240,1240,1240,1240,1240,1240,1240,1240,1240,1240,1240,1240,1240,1240,1240,1240,1240,1240,1240,1240,1240,1240,1240,1240,1240,1240,1240,1240,1240,1240,1240,1240,1426,1240,1240,1240,1240,1240,1240,1240,1240,1240,1240,1240,1433,1240,1240,1240,1240,1240
1471,1471,1376,1244,1244,1471,1471,1471,1471,1471,1471,1471,1471,1471,1376,1471,1244,1471,1471,1471,1376,1471,1471,1471,1376,1471,1471,1471,1471,1244,1471,1471,1438,1471,1471,1471,1471,1471,1471,1244,1471,1376,1471,1471,1471,1471,1471,1286,1471,1244
1240,1240,1240,1240,1240,1240,1240,1240,1240,1240,1240,1240,1240,1240,1240,1240,1240,1240,1240,1240,1240,1240,1240,1240,1240,1240,1240,1240,1240,1240,1240,1240,1240,1240,1240,1240,1240,1240,1240,1240,1240,1240,1240,1240,1240,1240,1240,1240,1240,1240
1471,1471,1458,1256,1291,1471,1471,1471,1471,1471,1471,1291,1250,1252,1471,1471,1429,1260,1256,1471,1260,1429,1471,1237,1260,1291,1250,1471,1252,1471,1471,1291,1429,1291,1471,1471,1471,1256,1429,1250,1471,1250,1471,1252,1471,1237,1471,1237,1237,1471
1240,1240,1240,1495,1240,1240,1240,1240,1240,1353,1240,1240,1240,1212,1240,1240,1240,1240,1240,1240,1240,1240,1212,1240,1404,1240,1240,1240,1240,1240,1240,1340,1240,1240,1240,1240,1240,1538,1240,1240,1431,1240,1212,1240,1240,1240,1240,1240,1240,1240
1311,1269,1269,1471,1471,1351,1471,1471,1311,1340,1471,1134,1471,1340,1471,1471,1471,1291,1471,1471,1134,1430,1471,1256,1269,1269,1471,1471,1430,1134,1471,1291,1471,1471,1471,1471,1471,1471,1269,1471,1430,1471,1311,1471,1425,1455,1471,1430,1256,1351
1156,1240,1240,1240,1156,1240,1570,1156,1240,1240,1240,1240,1156,1240,1240,1240,1627,1240,1240,1240,1240,1386,1240,1234,1240,1240,1234,1240,1240,1240,1156,1240,1352,1240,1240,1240,1346,1156,1156,1156,1156,1240,1240,1240,1627,1240,1240,1240,1240,1234
1365,1471,1471,1453,1471,1430,1365,1471,1430,1471,1471,1430,1471,1471,1471,1471,1365,1471,1471,1471,1471,1365,1435,1311,1471,1471,1435,1270,1471,1436,1311,1471,1435,1430,1430,1471,1311,1471,1311,1471,1471,1471,1311,1430,1311,1436,1471,1435,1430,1430
1467,1240,1240,1240,1240,1240,1459,1240,1240,1240,1240,1240,1240,1240,1240,1627,1240,1240,1240,1240,1570,1240,1240,1240,1240,1467,1240,1240,1240,1240,1240,1240,1240,1240,1240,1240,1240,1240,1240,1240,1240,1240,1240,1240,1240,1240,1240,1240,1240,1240
1471,1430,1343,1432,1250,1311,1471,1430,1471,1417,1471,1343,1471,1437,1471,1471,1471,1471,1430,1471,1471,1471,1343,1471,1471,1343,1471,1432,1311,1311,1471,1343,1471,1417,1471,1471,1432,1343,1432,1471,1471,1437,1471,1343,1471,1311,1437,1471,1471,1311
1240,1240,1240,1240,1240,1240,1400,1240,1240,1240,1240,1240,1240,1240,1240,1240,1400,1240,1200,1240,1240,1200,1240,1240,1240,1240,1240,1240,1240,1240,1200,1240,1240,1240,1240,1200,1240,1240,1240,1240,1240,1240,1240,1240,1528,1240,1240,1240,1689,1240
1471,1471,1471,1146,1471,1249,1471,1471,1471,1311,1305,1471,1146,1471,1286,1471,1311,1471,1311,1305,1471,1471,1471,1471,1146,1471,1311,1380,1471,1471,1471,1380,1286,1380,1471,1249,1249,1471,1249,1378,1471,1471,1249,1249,1471,1305,1471,1311,1146,1286
1240,1240,1240,1240,1148,1148,1148,1192,1240,1240,1240,1501,1240,1240,1240,1240,1343,1240,1240,1240,1240,1240,1192,1240,1148,1240,1240,1240,1240,1240,1240,1240,1240,1148,1240,1240,1192,1148,1240,1240,1240,1240,1240,1192,1528,1240,1528,1400,1192,1240
1471,1471,1471,1380,1471,1232,1471,1471,1413,1480,1471,1471,1471,1471,1380,1471,1471,1200,1380,1471,1471,1471,1232,1380,1471,1471,1471,1471,1471,1200,1471,1471,1200,1380,1413,1200,1232,1471,1380,1200,1471,1413,1471,1471,1471,1471,1471,1280,1471,1471
1240,1240,1240,1148,1240,1240,1240,1240,1240,1240,1146,1240,1146,1240,1430,1240,1240,1240,1240,1240,1146,1240,1240,1240,1240,1146,1148,1240,1240,1240,1240,1240,1528,1240,1240,1240,1240,1240,1240,1240,1240,1240,1240,1240,1240,1146,1240,1240,1240,1240
1471,1471,1471,1328,1230,1471,1471,1471,1471,1463,1471,1471,1230,1430,1288,1471,1471,1288,1471,1463,1471,1230,1471,1288,1471,1471,1328,1288,1230,1430,1471,1471,1471,1471,1288,1471,1471,1288,1471,1471,1460,1471,1471,1463,1380,1471,1471,1460,1288,1288
1240,1240,1240,1240,1240,1240,1240,1240,1240,1520,1240,1466,1240,1240,1240,1240,1240,1240,1240,1240,1240,1240,1240,1240,1240,1240,1240,1240,1240,1240,1240,1240,1240,1240,1240,1240,1240,1240,1240,1240,1240,1240,1240,1240,1240,1240,1240,1240,1240,1240
1326,1471,1382,1460,1326,1382,1471,1456,1326,1382,1471,1460,1382,1456,1471,1471,1471,1471,1382,1435,1471,1435,1471,1471,1471,1471,1471,1326,1471,1471,1471,1382,1435,1471,1382,1435,1471,1471,1372,1471,1471,1471,1471,1471,1382,1471,1435,1471,1471,1471
1167,1240,1240,1240,1240,1240,1240,1240,1664,1240,1240,1506,1506,1460,1240,1240,1240,1515,1240,1167,1240,1240,1240,1240,1240,1240,1240,1240,1240,1240,1240,1240,1768,1240,1240,1240,1240,1240,1240,1240,1240,1240,1240,1167,1240,1240,1240,1240,1240,1240
1471,1471,1471,1442,1450,1450,1450,1471,1471,1326,1471,1450,1406,1471,1340,1423,1471,1471,1450,1347,1347,1471,1471,1340,1347,1471,1326,1450,1471,1340,1450,1471,1326,1326,1347,1471,1471,1450,1406,1347,1471,1471,1471,1347,1326,1450,1442,1471,1471,1326
1428,1415,1240,1240,1240,1240,1240,1240,1240,1240,1240,1286,1240,1240,1460,1606,1384,1240,1506,1240,1240,1582,1240,1240,1240,1506,1240,1240,1240,1502,1560,1240,1240,1384,1240,1240,1240,1240,1240,1240,1240,1240,1240,1240,1240,1286,1240,1240,1240,1240
1347,1471,1471,1326,1453,1406,1471,1471,1326,1326,1347,1471,1471,1471,1471,1468,1406,1471,1453,1471,1471,1471,1347,1471,1471,1437,1347,1450,1406,1326,1425,1471,1406,1471,1446,1471,1450,1406,1425,1406,1437,1326,1406,1406,1471,1347,1326,1471,1471,1471
1240,1240,1240,1240,1240,1240,1240,1240,1240,1240,1240,1240,1240,1460,1240,1240,1240,1240,1240,1240,1460,1471,1240,1240,1240,1240,1240,1240,1240,1460,1240,1460,1240,1240,1240,1460,1240,1240,1240,1240,1240,1240,1240,1460,1471,1240,1240,1240,1240,1240
1246,1341,1406,1471,1246,1471,1341,1471,1406,1471,1471,1341,1406,1406,1406,1469,1386,1406,1406,1341,1406,1406,1341,1406,1471,1471,1471,1471,1406,1406,1471,1386,1471,1386,1246,1406,1471,1406,1406,1341,1471,1471,1471,1466,1246,1471,1471,1386,1406,1341
1240,1443,1240,1240,1240,1443,1240,1240,1240,1240,1240,1240,1240,1240,1436,1240,1240,1240,1240,1240,1460,1240,1240,1240,1240,1460,1240,1460,1240,1240,1240,1240,1469,1240,1240,1240,1460,1240,1240,1460,1240,1240,1240,1412,1240,1240,1240,1240,1460,1240
1469,1406,1333,1406,1406,1471,1471,1406,1471,1471,1469,1371,1406,1471,1471,1406,1471,1333,1371,1371,1406,1471,1406,1433,1406,1433,1406,1406,1469,1426,1471,1426,1471,1406,1371,1371,1371,1406,1469,1471,1471,1333,1406,1471,1406,1406,1406,1471,1471,1471
1240,1460,1240,1240,1460,1240,1460,1240,1460,1240,1240,1240,1240,1240,1240,1240,1240,1240,1240,1460,1240,1240,1240,1460,1240,1240,1240,1240,1240,1240,1460,1368,1240,1240,1240,1240,1240,1240,1240,1436,1240,1240,1240,1240,1240,1240,1240,1240,1460,1425
1406,1471,1428,1406,1406,1471,1406,1471,1406,1471,1406,1406,1406,1330,1471,1471,1471,1428,1471,1471,1406,1406,1330,1471,1471,1471,1471,1428,1471,1406,1428,1330,1330,1406,1406,1406,1406,1471,1471,1330,1406,1471,1406,1471,1471,1406,1406,1471,1471,1330
1240,1240,1240,1240,1240,1240,1240,1240,1240,1240,1240,1240,1240,1240,1427,1240,1240,1240,1240,1240,1240,1240,1240,1240,1460,1240,1240,1240,1335,1240,1240,1240,1240,1240,1240,1240,1240,1460,1240,1240,1240,1240,1240,1240,1240,1240,1240,1240,1241,1240
1406,1471,1424,1471,1471,1471,1471,1471,1365,1440,1365,1406,1471,1424,1433,1471,1433,1329,1471,1347,1329,1329,1347,1440,1471,1471,1406,1433,1329,1471,1471,1471,1468,1471,1365,1406,1406,1347,1406,1406,1422,1378,1471,1471,1471,1406,1471,1471,1329,1329
1240,1240,1460,1240,1240,1240,1240,1240,1431,1240,1240,1240,1207,1240,1240,1240,1240,1240,1240,1240,1240,1240,1240,1240,1240,1440,1431,1240,1240,1240,1240,1240,1240,1240,1240,1240,1240,1240,1240,1240,1240,1240,1240,1240,1207,1633,1240,1240,1446,1207
1471,1254,1341,1471,1254,1423,1406,1464,1471,1254,1464,1410,1423,1471,1471,1464,1254,1433,1464,1254,1471,1273,1471,1433,1464,1471,1410,1471,1341,1406,1471,1471,1471,1471,1410,1254,1471,1471,1471,1471,1471,1423,1464,1471,1471,1471,1471,1471,1464,1471
1240,1240,1240,1240,1178,1178,1240,1240,1178,1240,1240,1240,1240,1180,1240,1240,1330,1240,1180,1240,1312,1178,1240,1240,1240,1240,1240,1240,1180,1240,1240,1240,1240,1240,1240,1312,1240,1240,1240,1240,1240,1240,1431,1240,1240,1240,1240,1240,1240,1240
1371,1238,1471,1254,1238,1254,1471,1471,1339,1442,1471,1410,1471,1254,1471,1371,1450,1254,1471,1471,1339,1254,1471,1410,1471,1471,1471,1339,1471,1471,1471,1471,1238,1371,1471,1254,1471,1471,1410,1471,1238,1471,1442,1471,1442,1442,1471,1471,1471,1471
1640,1240,1240,1240,1240,1240,1240,1240,1240,1240,1240,1240,1240,1240,1240,1240,1240,1240,1240,1240,1240,1240,1240,1240,1240,1240,1240,1240,1240,1240,1240,1240,1312,1240,1240,1240,1240,1240,1240,1240,1240,1240,1240,1240,1240,1240,1240,1240,1240,1240
1471,1394,1345,1471,1471,1345,1471,1326,1339,1326,1254,1326,1153,1471,1394,1339,1345,1394,1467,1471,1326,1345,1471,1471,1254,1345,1153,1471,1471,1326,1346,1471,1471,1346,1471,1471,1471,1254,1394,1471,1339,1339,1346,1471,1467,1326,1153,1471,1153,1254
1240,1240,1602,1240,1240,1231,1240,1240,1240,1240,1240,1240,1240,1240,1240,1328,1231,1240,1240,1240,1240,1238,1240,1240,1240,1240,1240,1240,1238,1240,1240,1240,1240,1240,1240,1571,1240,1231,1240,1328,1240,1240,1240,1240,1240,1240,1231,1231,1602,1231
1427,1471,1471,1471,1471,1471,1326,1524,1471,1471,1471,1326,1471,1372,1471,1471,1326,1326,1326,1326,1471,1428,1471,1326,1471,1471,1471,1326,1471,1326,1427,1471,1471,1326,1471,1471,1471,1428,1372,1471,1471,1428,1427,1471,1471,1471,1471,1471,1471,1471
1240,1240,1152,1152,1238,1240,1240,1238,1240,1240,1240,1240,1240,1240,1238,1152,1240,1240,1240,1238,1104,1240,1240,1240,1240,1240,1240,1240,1240,1240,1240,1238,1152,1238,1240,1238,1240,1240,1240,1240,1240,1238,1240,1238,1152,1240,1240,1240,1238,1238
1428,1428,1428,1471,1424,1428,1428,1424,1288,1428,1428,1288,1288,1471,1288,1288,1288,1448,1428,1428,1453,1428,1453,1471,1428,1424,1288,1471,1471,1424,1471,1428,1428,1428,1471,1428,1428,1428,1428,1428,1428,1428,1428,1471,1428,1471,1428,1453,1471,1428
1240,1238,1238,1240,1238,1238,1238,1240,1238,1220,1238,1593,1240,1238,1238,1238,1238,1238,1238,1149,1238,1238,1238,1220,1238,1238,1238,1238,1238,1238,1238,1149,1149,1238,1238,1238,1149,1238,1238,1238,1238,1238,1238,1220,1240,1238,1149,1238,1238,1149
