2583,2777,2193,2680,2694,2866,1802,2631,2099,2550,2385,2099,2655,3076,2443,2175,2722,2775,2752,2099,2631,2641,1802,2413,2610,2610,2193,2694,2511,2099,2752,2764,2783,1802,2866,2413,2602,2413,2882,2775,2099,2377,2588,2583,2928,2175,2764,2610,1802,2193
2624,2364,2419,2364,2011,2364,2401,2364,2594,2650,2182,2428,2011,2599,2349,2600,2163,2356,2011,2182,2599,2251,2011,2011,2364,2302,2460,2356,2409,2359,2268,2419,2465,2163,2369,2011,2674,2465,2401,2364,2419,2465,2163,2011,2251,2401,2182,2364,1977,2011
2164,1802,2224,2099,2099,1802,1802,1802,2281,1802,2193,2175,2419,1971,2193,2099,2193,1802,2099,1802,1802,2099,1802,2314,2099,2405,2099,2258,2258,1802,1802,2280,1802,1971,2099,1971,1968,2237,2214,2099,2409,2214,1802,2194,2147,2099,2428,2099,2114,1802
2011,1975,2016,2011,1968,2268,2268,2227,2011,2011,2011,2011,2011,2016,2216,2011,2364,2364,2011,2027,1974,2151,2193,2011,2027,2364,1975,2011,2216,2364,2011,2011,2011,1974,2243,2061,2011,2162,2011,2011,2364,2148,2167,2425,2011,1974,2011,1932,2011,1975
1802,1802,2082,1857,1802,1802,2115,1993,2089,1802,1857,1802,1802,2268,1802,1802,2059,1802,2199,2115,1802,2050,1802,1802,1802,1802,1993,1802,2059,1802,1802,1857,2128,1802,2099,1802,2099,1802,1802,1857,1802,1802,1802,1802,1802,2363,1802,1899,2146,1802
2011,1967,2011,2207,1967,2198,2011,2011,2011,1967,2011,1827,2169,2011,1932,1963,2011,2011,2011,1827,2011,2011,2011,2286,2011,2011,1827,2011,2011,2011,2011,1932,2011,2027,2228,1967,2011,2011,2011,2011,2011,2011,1967,2364,1967,2011,2135,2011,2011,2306
1802,1802,1802,1802,1802,1985,1955,1802,1802,1990,1802,1802,1802,2108,2181,1802,1802,1802,1802,1802,1802,2309,1802,1857,1802,1802,1802,1802,1802,1802,1802,1857,1802,1802,1802,1802,1802,1802,1978,1802,1802,1857,1802,1802,1802,1802,1802,1802,1802,1802
2074,1863,2011,1863,2333,2011,2011,1963,1922,2011,2011,1967,2011,2011,1963,1963,1963,2051,1967,1963,2011,2068,2011,2011,2011,2011,2011,1874,1998,2011,2011,2011,2011,2011,1967,2011,1967,1967,2011,2011,2011,2117,2011,2011,2011,2011,2011,1874,2011,2011
1601,1802,1802,1802,1802,1857,1802,1923,1802,1802,2116,1802,1802,1802,1857,1802,1802,1857,1802,1802,1802,1601,1601,1802,1802,1802,1802,1601,1601,1857,2064,1802,1802,1802,1802,2113,1802,1857,1802,1802,1802,1802,1857,1802,1802,1802,1802,1802,2072,1601
2011,1972,1967,1967,2011,1891,2011,2011,2011,2011,2011,2011,2070,2011,1967,2011,1891,2011,2011,1747,1747,1967,2011,1891,2011,1967,2011,2011,1967,2011,1747,2011,2094,1972,2395,2011,1747,2011,2011,2011,1967,2011,1747,2223,2011,1967,2011,2011,2011,2011
1857,1802,1802,1802,1802,1802,1802,1802,1802,1802,1802,1802,1802,1920,1802,1802,1802,1802,1802,1857,1802,1802,1802,1802,1802,1857,1802,1802,1802,1802,1802,1802,1802,1802,1802,1802,1857,1802,1802,1802,1802,1802,1802,1802,1802,1802,1857,2189,1857,1802
1936,2011,1936,2000,2011,2011,1503,1967,2011,2011,1967,1981,2011,2011,1967,2011,2011,2011,1925,1967,2011,1936,2011,1936,2011,1967,2011,1925,1503,2011,2011,1967,1863,2011,2011,1503,2011,1863,1967,1967,1981,2011,1976,2011,2011,2011,1967,1967,1967,2011
2169,1802,1802,1802,1857,2119,1857,2051,1802,1802,1802,1802,1857,1980,1802,2019,1802,1802,1802,1857,1802,1802,2034,1802,1802,1802,1802,1802,1802,1802,1802,1802,1802,1802,1802,1802,1802,2154,1802,1802,1802,1802,1802,1802,1995,1802,1802,2188,1802,1802
2011,2011,1967,2011,2011,1503,2011,1901,2011,2011,2011,2011,2011,2011,2011,1949,1994,2011,2011,1967,2011,1884,2001,1949,2011,1967,1994,2239,2011,2001,2011,2011,2011,2011,2011,2011,1967,1901,2011,2322,1988,2011,1967,2011,1884,1994,1967,2011,1988,1994
1802,1817,1817,1802,1802,1802,2088,1802,2166,1802,1802,1802,1802,1802,1802,1802,1802,2256,1857,1802,1802,1802,2035,2179,1802,1802,1993,1802,1802,1802,2166,1802,1802,1802,1802,2179,1802,1817,1802,1802,1871,1857,1802,1993,2064,1802,1980,2106,1817,1802
2011,2011,1503,1942,1942,2011,1920,1902,2011,2011,1954,2110,1942,1922,1901,2011,2011,1901,1942,1954,1954,2043,1901,2011,2001,1503,2011,1983,1985,1832,2011,2011,1902,1920,1974,1503,1902,1920,1942,1920,2011,1832,2011,1983,1942,1942,2011,1983,1884,1884
1817,1802,1831,1831,1817,1876,1802,1910,1817,1802,1980,1802,1831,2157,1817,1831,1957,1817,1957,1802,1940,1913,1817,1913,1802,1802,1865,1876,1802,1802,1802,2189,2035,1980,1817,1910,1817,1802,1871,1979,2139,1868,1802,1802,1980,1831,1802,1802,2179,1868
1942,1503,1503,1942,1632,2009,1901,1902,1942,1942,2011,2011,1922,1883,1975,2118,2011,2118,1942,1830,1942,2011,1503,1942,1503,2011,1503,1503,1782,1942,2011,1503,2009,1902,1902,1882,1882,1782,1782,1902,1503,1975,1637,1993,2002,1942,1882,1942,2120,1782
1817,1980,1942,1817,1817,1700,1802,1980,2076,1802,1398,1802,1980,1817,1813,2076,1398,1817,1802,1910,2040,1897,1817,1802,1817,1802,1980,1817,1802,1700,1802,1931,1802,1817,1817,1817,2135,2042,1928,1980,2075,1802,2159,1802,1802,1802,1802,1700,1980,1910
1503,2006,1770,1937,1503,1782,1503,1942,1865,1902,1865,1503,1503,1860,1860,1937,1503,2011,2146,1942,1626,1770,1503,1503,1902,2006,1632,1822,1984,1942,2143,1942,1865,1503,1770,1822,1942,1865,1822,2011,1862,1503,1503,1503,1503,1503,1503,1902,1626,1503
1928,1928,1749,1802,1817,1980,1817,1928,1980,1980,2010,1813,1817,1659,1960,2010,1749,1998,1980,1960,1931,1980,1749,1960,1802,1764,1802,1659,1559,1559,1980,1858,1980,1813,1937,1659,1659,1858,1858,1817,1559,1764,1802,1910,1559,1559,1813,1980,1960,1960
1503,1632,1503,1503,1565,2023,1503,1846,1503,1503,1855,1503,1751,1632,1670,1632,1489,1942,1822,1565,1503,1503,1670,1770,1751,1632,1565,1632,1670,1937,1503,1632,1503,1503,1942,1822,1632,1489,1994,1503,1908,1503,2294,1770,1751,1770,1879,1928,1503,1632
1579,1803,1497,1729,1813,1817,2234,1980,1957,1497,1980,1813,1858,1955,1813,1779,1729,1497,1968,1813,1685,1503,1848,1813,1960,1817,1869,1636,2032,1980,1869,1858,1858,1559,1968,1779,1955,1861,1881,1906,1881,1579,1968,1779,1803,1926,1636,1729,1579,1813
1632,2011,1721,1805,1844,1489,2166,1579,1632,1632,1489,1643,1670,1632,2104,1632,1750,1579,1643,1632,1954,1632,1632,1890,1565,1643,1954,1632,1643,1643,1770,1643,1489,1805,1503,1531,1942,1531,1632,1846,1503,1565,1670,1750,1489,1632,1632,1618,1531,1632
1750,1659,1497,1651,1443,1813,1559,1701,1503,1648,1849,2025,1813,1497,1651,1648,1813,1785,1497,2001,1701,1869,1813,1559,1750,1907,1960,1785,1834,1659,1497,1813,1879,1813,1919,1813,1813,1813,1813,1750,1497,1750,1813,1648,1659,1813,2204,1869,1497,1813
1632,1632,1632,1923,1983,1670,1903,1750,1643,1632,1575,1632,1643,1750,1601,1632,1643,1750,1750,1531,1920,1670,1632,1949,1632,1632,1601,1670,1632,1632,1632,1750,1575,1575,1632,1643,1750,1632,1750,1750,1643,1575,1969,1750,1531,1643,1632,1601,1643,1955
2109,1750,1750,1813,1876,1497,1849,1497,1902,1813,1907,1497,1813,1984,1750,1813,1907,1497,1881,1497,1750,1869,1750,1813,1750,1750,1497,1849,1497,1915,1497,1881,1915,1497,1849,1813,1813,1497,1813,1497,1659,1813,1813,1497,1849,1750,1744,1750,1497,1497
1531,1750,1745,1736,1531,1531,1632,1601,1531,1632,1632,1745,1643,1643,2042,1632,1643,1649,1632,1643,1643,1750,1531,1750,1632,1632,1643,1643,1736,1643,1531,1892,1643,1750,1531,1601,1601,1531,1750,1505,1632,1531,1643,1531,1649,1750,1505,1643,1643,1880
2068,1813,1497,1750,1813,1813,1849,1884,1849,1497,1750,1625,1393,1750,1750,1497,1393,1750,1796,1744,1750,1497,1748,1750,1497,1750,1497,1750,1497,1497,1497,1909,1497,1750,1554,1497,1750,1554,1750,1497,1750,1625,1554,1497,1605,1985,1750,1750,1497,1813
1643,1750,1505,1841,1856,1747,1664,1643,1643,1643,1643,1717,1643,1717,1750,1531,1632,1632,1632,1643,1632,1643,1750,1632,1643,1616,1632,1750,1643,1750,1643,1747,1750,1643,1643,1872,1643,1505,1616,1643,1632,1760,1632,1643,1664,1750,1531,1750,1643,1856
1497,1750,1760,1750,1750,1807,1750,1653,1641,1807,1803,1750,1629,1712,1497,1750,1629,1750,1750,1639,1760,1497,1497,1750,1641,1807,1497,1750,1625,1629,1497,1849,1497,1653,1625,1625,1497,1653,1750,1641,1750,1497,1929,1750,1740,1497,1712,1760,1497,1750
1643,2029,1830,1643,1549,1643,1643,1750,1643,1505,1832,1629,1643,1861,1750,1643,1643,1643,1750,1643,1505,1830,1905,1643,1643,1622,1643,1643,1643,1310,1629,1770,1867,1643,1750,1549,1832,1750,1867,1622,1861,1873,1629,2020,1643,1643,1310,1549,1629,1643
1827,1744,1497,1497,1750,1750,1497,1750,1497,1497,1653,1597,1625,1750,1750,1650,1482,1497,1900,1807,1987,1653,1750,1932,1750,1625,1629,1750,1744,1750,1482,1827,1750,1807,1750,1750,1750,1497,1625,1650,1750,1750,1643,1497,1625,1653,1625,1650,1750,1750
1643,1750,1643,1750,1643,1629,1549,1832,1643,1938,1621,1643,1326,1505,1505,1549,1326,1643,1621,1750,1876,1371,1643,1643,1549,1643,1371,1505,1867,1643,1505,1951,1643,1505,1505,1505,1643,1750,1621,2126,1643,1371,1629,1643,1643,1643,1505,1879,1796,1861
1625,1482,1482,1625,1635,1750,1666,1750,1804,1497,1750,1482,1482,1718,1497,1813,1497,1625,1497,1625,1625,1625,1750,1750,1497,1625,1718,1497,1474,1482,1635,1497,1750,1635,1830,1750,1750,1625,1750,1625,1750,1474,1718,1497,1625,1482,1625,1750,1482,1497
1750,1505,1750,1450,1750,1314,1326,1450,1616,1505,1718,1326,1505,1505,1714,1326,1621,1505,1718,1505,1505,1505,1505,1326,1505,1326,1718,1505,1505,1505,1326,1505,1718,1643,1505,1505,1803,1326,1505,1326,1811,1326,1943,1621,1621,1621,1621,1643,1326,1326
1625,1625,1625,1410,1628,1625,1410,1466,1497,1370,1466,1599,1370,1635,1625,1482,1410,1410,1497,1482,1410,1625,1625,1497,1625,1482,1625,1625,1635,1625,1625,1625,1392,1625,1497,1497,1635,1625,1599,1392,1370,1482,1370,1625,1482,1392,1625,1718,1497,1497
1621,1505,1430,1998,1505,1505,1650,1505,1505,1621,1650,1505,1424,1505,1881,1966,1326,1650,1326,1505,1621,1699,1314,1424,1668,1621,1314,1750,1723,1505,1770,1668,1691,1718,1430,1718,1621,1505,1505,1794,1505,1505,1668,1609,1430,1650,1326,1505,1314,1424
1497,1621,1370,1410,1497,1482,1392,1410,1625,1470,1410,1470,1625,1819,1482,1599,1370,1625,1475,1599,1621,1370,1907,1734,1676,1734,1847,1599,1625,1482,1625,1410,1482,1874,1392,1599,1410,1410,1410,1676,1469,1482,1410,1625,1482,1482,1599,1410,1625,1734
1568,1640,1505,1650,1657,1505,1314,1650,1505,1577,1505,1621,1424,1505,1621,1640,1314,1650,1424,1650,1505,1314,1650,1640,1650,1314,1314,1680,1424,1650,1505,1577,1314,1505,1505,1505,1505,1505,1668,1568,1709,1636,1770,1621,1746,1314,1314,1657,1650,1874
1857,1410,1734,1410,1625,1410,1640,1599,1625,1539,1410,1410,1670,1410,1246,1410,1410,1599,1246,1410,1640,1599,1452,1410,1452,1452,1482,1470,1625,1625,1410,1625,1392,1410,1599,1666,1640,1410,1410,1410,1599,1469,1625,1513,1599,1599,1625,1625,1599,1410
1314,1505,1637,1314,1314,1314,1314,1314,1650,1583,1650,1838,1621,1695,1505,1650,1496,1650,1437,1505,1314,1856,1314,1586,1505,1650,1660,1314,1314,1314,1650,1650,1424,1582,1314,1621,1586,1770,1314,1695,1314,1650,1314,1314,1314,1429,1424,1621,1650,1505
1410,1599,1671,1482,1410,1482,1748,1599,1599,1501,1410,1610,1410,1392,1599,1794,1599,1599,1732,1610,1482,1410,1674,1599,1501,1599,1410,1599,1599,1470,1599,1752,1410,1599,1674,1410,1246,1599,1410,1671,1410,1599,1410,1732,1599,1610,1482,1599,1671,1599
1314,1586,1314,1621,1314,1314,1621,1314,1314,1314,1314,1314,1314,1732,1813,1314,1348,1314,1650,1314,1314,1314,1660,1770,1314,1314,1314,1637,1650,1621,1621,1314,1731,1314,1621,1621,1621,1650,1314,1783,1314,1586,1314,1650,1314,1314,1314,1650,1924,1314
1482,1397,1482,1501,1482,1593,1599,1585,1481,1599,1410,1482,1599,1661,1410,1397,1599,1482,1644,1482,1481,1599,1559,1397,1599,1246,1599,1410,1599,1599,1410,1599,1599,1508,1508,1599,1246,1585,1246,1482,1215,1585,1599,1599,1732,1528,1559,1215,1345,1593
1572,1314,1679,1314,1575,1636,1510,1314,1650,1314,1314,1314,1805,1457,1805,1348,1314,1621,1821,1898,1314,1510,1314,1510,1314,1660,1660,1601,1650,1314,1572,1314,1314,1314,1650,1625,1944,1314,1314,1314,1314,1837,1314,1575,1636,1314,1650,1314,1650,1314
1599,1559,1481,1345,1599,1559,1410,1345,1246,1410,1481,1410,1599,1410,1410,1599,1345,1599,1410,1246,1529,1599,1599,1599,1482,1410,1819,1410,1481,1632,1599,1410,1599,1572,1599,1410,1481,1410,1689,1559,1583,1599,1599,1246,1572,1345,1345,1345,1708,1689
1450,1314,1510,1510,1314,1314,1650,1572,1583,1314,1314,1314,1547,1765,1314,1765,1314,1575,1314,1314,1575,1314,1547,1251,1572,1314,1805,1314,1650,1510,1650,1805,1575,1734,1510,1510,1575,1314,1314,1314,1314,1650,1575,1583,1510,1510,1805,1510,1660,1650
1246,1410,1472,1345,1481,1559,1599,1410,1246,1345,1830,1345,1472,1345,1599,1357,1599,1345,1410,1599,1857,1599,1514,1559,1376,1345,1345,1481,1345,1481,1345,1345,1481,1246,1599,1472,1345,1345,1345,1640,1246,1345,1481,1559,1345,1345,1410,1345,1599,1559
1575,1314,1575,1510,1251,1510,1510,1736,1759,1481,1510,1478,1314,1759,1481,1510,1215,1510,1481,1510,1251,1510,1314,1510,1510,1314,1510,1314,1510,1692,1510,1575,1510,1510,1510,1510,1510,1510,1759,1660,1805,1510,1314,1645,1314,1314,1314,1314,1859,1510
1345,1345,1345,1345,1345,1345,1345,1559,1345,1345,1548,1345,1345,1345,1345,1246,1345,1345,1514,1345,1559,1345,1345,1472,1345,1345,1599,1345,1355,1345,1345,1345,1345,1246,1345,1345,1345,1599,1345,1345,1481,1599,1424,1345,1599,1472,1345,1345,1345,1559
1434,1610,1392,1510,1685,1263,1510,1510,1731,1392,1501,1510,1510,1263,1195,1263,1314,1510,1510,1510,1510,1510,1510,1510,1314,1215,1314,1510,1806,1263,1510,1314,1510,1501,1510,1510,1215,1263,1510,1510,1510,1314,1392,1510,1314,1314,1215,1510,1772,1314
1424,1599,1599,1345,1345,1620,1345,1548,1345,1345,1345,1469,1547,1355,1345,1345,1345,1345,1345,1599,1345,1345,1345,1345,1345,1639,1599,1469,1345,1620,1345,1345,1548,1424,1345,1345,1345,1345,1345,1426,1345,1345,1620,1345,1345,1345,1345,1345,1547,1345
1510,1510,1555,1314,1510,1636,1510,1392,1215,1510,1392,1510,1510,1263,1215,1510,1263,1510,1510,1510,1517,1510,1314,1510,1263,1392,1510,1314,1565,1392,1510,1314,1215,1731,1392,1510,1392,1839,1392,1510,1510,1510,1476,1263,1529,1448,1273,1263,1392,1314
1345,1345,1345,1345,1345,1345,1345,1345,1458,1345,1469,1345,1345,1345,1345,1345,1548,1440,1345,1548,1424,1345,1469,1345,1483,1345,1469,1345,1469,1599,1345,1345,1345,1541,1469,1599,1469,1440,1738,1345,1548,1345,1424,1458,1431,1345,1548,1345,1345,1345
1555,1584,1510,1510,1622,1263,1273,1263,1621,1342,1510,1215,1442,1215,1263,1528,1621,1215,1510,1263,1215,1510,1510,1263,1510,1444,1682,1263,1510,1584,1510,1314,1215,1273,1510,1510,1215,1510,1314,1263,1215,1273,1510,1510,1314,1215,1510,1510,1510,1510
1469,1345,1345,1345,1345,1469,1527,1469,1345,1548,1431,1345,1469,1345,1469,1469,1345,1345,1548,1787,1541,1345,1509,1611,1345,1469,1345,1332,1469,1548,1345,1469,1345,1345,1345,1509,1603,1599,1345,1469,1469,1514,1469,1332,1345,1345,1345,1345,1498,1345
1510,1510,1215,1263,1215,1273,1510,1510,1215,1510,1700,1510,1263,1510,1510,1263,1490,1726,1510,1510,1510,1263,1263,1263,1263,1510,1263,1510,1263,1263,1726,1263,1510,1427,1510,1510,1835,1263,1263,1427,1510,1263,1215,1584,1263,1510,1215,1746,1263,1314
1257,1345,1345,1469,1345,1257,1509,1345,1345,1436,1469,1345,1234,1345,1345,1469,1509,1656,1345,1469,1234,1469,1436,1345,1345,1490,1490,1469,1475,1345,1345,1345,1345,1345,1405,1345,1345,1345,1436,1234,1345,1469,1469,1345,1345,1345,1475,1345,1345,1345
1263,1510,1510,1510,1510,1421,1510,1510,1510,1510,1263,1510,1510,1461,1510,1263,1421,1729,1527,1510,1461,1263,1510,1510,1263,1263,1510,1263,1461,1475,1421,1510,1263,1510,1263,1263,1510,1621,1700,1547,1510,1510,1263,1510,1510,1729,1263,1510,1527,1510
1345,1345,1469,1384,1345,1345,1345,1345,1257,1345,1345,1345,1345,1345,1345,1345,1469,1345,1345,1345,1345,1345,1345,1345,1469,1345,1345,1257,1345,1345,1469,1345,1345,1257,1257,1345,1345,1257,1614,1257,1345,1345,1469,1257,1345,1345,1464,1345,1345,1752
1263,1263,1510,1461,1811,1510,1510,1461,1461,1656,1510,1263,1510,1510,1917,1263,1510,1461,1510,1263,1461,1461,1263,1263,1510,1263,1510,1510,1510,1510,1510,1510,1510,1510,1461,1447,1477,1510,1298,1656,1461,1510,1510,1461,1510,1461,1461,1811,1510,1461
1814,1257,1257,1345,1345,1257,1257,1257,1540,1257,1257,1546,1257,1257,1257,1345,1345,1257,1345,1257,1329,1257,1257,1345,1257,1345,1345,1469,1257,1345,1469,1345,1817,1345,1257,1257,1345,1345,1673,1329,1329,1345,1414,1257,1345,1469,1257,1257,1345,1257
1461,1510,1263,1461,1481,1461,1510,1510,1461,1461,1461,1461,1461,1298,1461,1461,1461,1461,1516,1461,1955,1510,1481,1487,1510,1461,1940,1461,1461,1549,1461,1461,1263,1510,1461,1461,1461,1461,1263,1510,1510,1461,1510,1461,1461,1461,1510,1461,1481,1461
1575,1345,1345,1257,1257,1751,1257,1257,1257,1257,1794,1257,1587,1345,1818,1257,1469,1257,1575,1257,1257,1257,1257,1257,1257,1257,1828,1345,1345,1257,1876,1257,1257,1961,1257,1345,1257,1257,1828,1257,1257,1469,1257,1257,1257,1257,1378,1257,1345,1257
1461,1263,1461,1481,1461,1469,1461,1461,1539,1629,1481,1461,1461,1461,1461,1461,1461,1461,1745,1461,1461,1461,1461,1510,1367,1461,1461,1461,1461,1461,1461,1263,1461,1461,1461,1510,1461,1461,1510,1587,1524,1461,1461,1461,1510,1461,1461,1461,1461,1367
1257,1257,1257,1257,1257,1650,1345,1716,1257,1469,1257,1257,1257,1447,1615,1257,1924,1451,1257,1423,1257,1257,1257,1257,1257,1257,1257,1469,1257,1257,1257,1345,1257,1257,1257,1257,1257,1257,1345,1577,1257,1257,1257,1257,1257,1257,1257,1257,1257,1423
1263,1461,1461,1367,1461,1461,1461,1461,1643,1461,1643,1461,1461,1461,1461,1358,1461,1380,1461,1461,1461,1461,1608,1367,1498,1461,1461,1461,1461,1461,1461,1461,1461,1461,1461,1461,1461,1461,1461,1461,1461,1461,1461,1461,1380,1461,1461,1461,1461,1461
1257,1257,1257,1257,1257,1257,1438,1469,1257,1257,1257,1562,1529,1257,1237,1469,1577,1257,1365,1237,1257,1257,1257,1257,1598,1257,1257,1257,1257,1257,1257,1257,1257,1365,1257,1438,1257,1257,1276,1257,1257,1579,1257,1257,1257,1257,1257,1257,1257,1257
1461,1461,1461,1461,1364,1461,1461,1461,1461,1263,1461,1461,1461,1461,1336,1461,1461,1461,1461,1461,1461,1461,1461,1461,1461,1461,1461,1372,1372,1461,1461,1461,1263,1461,1461,1461,1336,1364,1461,1263,1461,1461,1461,1364,1461,1461,1461,1461,1461,1570
1257,1257,1257,1257,1257,1257,1257,1257,1257,1257,1257,1257,1257,1257,1257,1257,1257,1257,1257,1257,1257,1257,1325,1257,1257,1257,1257,1469,1257,1257,1257,1257,1257,1257,1257,1257,1257,1257,1257,1257,1257,1257,1257,1257,1237,1257,1257,1325,1237,1237
1461,1461,1145,1263,1461,1461,1461,1461,1461,1461,1461,1461,1461,1461,1461,1461,1461,1461,1461,1461,1461,1461,1263,1461,1461,1461,1454,1461,1461,1461,1461,1263,1135,1461,1135,1461,1461,1454,1461,1454,1263,1461,1461,1485,1461,1461,1461,1461,1461,1461
1376,1257,1257,1257,1429,1257,1257,1257,1469,1257,1257,1688,1257,1257,1455,1257,1257,1257,1257,1257,1257,1257,1257,1257,1257,1257,1257,1237,1257,1257,1257,1257,1257,1257,1257,1257,1257,1257,1257,1257,1469,1257,1257,1237,1257,1257,1257,1257,1257,1257
1461,1263,1461,1461,1461,1461,1461,1427,1255,1461,1461,1461,1461,1744,1485,1461,2163,1461,1461,1461,1461,1461,1461,1461,1461,1461,1461,1461,1267,1461,1461,1461,1461,1461,1461,1461,2032,1680,1427,1263,1461,1461,1461,1461,1461,1427,1427,1461,1461,1461
1257,1257,1257,1257,1257,1257,1257,1257,1370,1257,1257,1257,1257,1257,1208,1257,1208,1237,1385,1257,1257,1257,1208,1565,1257,1257,1257,1257,1257,1257,1419,1257,1257,1461,1257,1257,1257,1257,1257,1257,1461,1237,1257,1257,1257,1257,1257,1257,1257,1257
1461,1461,1461,1461,1461,1461,1461,1461,1461,1461,1461,1461,1461,1461,1461,1461,1461,1461,1461,1461,1461,1461,1461,1461,1267,1461,1267,1255,1461,1461,1433,1716,1461,1461,1461,1461,1461,1461,1461,1461,1376,1255,1461,1461,1461,1267,1461,1267,1461,1255
1257,1257,1257,1897,1257,1370,1257,1257,1257,1257,1257,1257,1257,1257,1257,1257,1257,1257,1257,1671,1257,1257,1614,1257,1257,1257,1257,1257,1257,1257,1257,1257,1370,1257,1257,1257,1257,1257,1257,1257,1257,1257,1257,1257,1257,1257,1601,1257,1374,1257
1461,1461,1461,1461,1461,1461,1449,1461,1461,1461,1764,1449,1441,1461,1461,1461,1461,1461,1449,1461,1441,1461,1441,1461,1461,1461,1461,1461,1461,1255,1671,1706,1255,1461,1841,1461,1461,1461,2019,1461,1461,1461,1461,1461,1461,1461,1461,1461,1449,1461
1257,1257,1257,1575,1257,1257,1257,1257,1575,1257,1575,1257,1257,1257,1257,1257,1257,1257,1257,1257,1257,1257,1257,1370,1257,1257,1506,1257,1257,1257,1257,1257,1257,1257,1257,1257,1257,1257,1257,1642,1257,1257,1257,1257,1506,1257,1257,1257,1257,1257
1072,1461,1461,1347,1461,1255,1255,1461,1396,1461,1461,1441,1461,1441,1461,1461,1461,1347,1519,1461,1461,1461,1461,1461,1461,1461,1461,1347,1461,1663,1461,1461,1546,1461,1461,1441,1461,1461,1461,1072,1255,1461,1255,1441,1461,1461,1461,1347,1461,1380
1257,1662,1257,1257,1257,1654,1257,1257,1257,1257,1257,1166,1257,1370,1292,1257,1257,1370,1257,1370,1257,1166,1257,1257,1257,1257,1257,1257,1257,1257,1257,1257,1257,1257,1257,1257,1257,1257,1257,1257,1370,1662,1257,1257,1257,1166,1550,1575,1257,1860
1461,1461,1461,1250,1329,1261,1172,1255,1461,1501,1172,1461,1396,1461,1172,1461,1752,1255,1461,1461,1461,1461,1255,1461,1461,1255,1461,1351,1461,1172,1351,1396,1461,1461,1461,1461,1381,1396,1461,1461,1461,1461,1461,1261,1461,1255,1351,1461,1396,1329
1257,1355,1257,1257,1370,1166,1257,1166,1370,1257,1257,1257,1257,1257,1257,1257,1257,1257,1257,1257,1257,1257,1257,1257,1257,1166,1257,1257,1257,1257,1257,1257,1257,1257,1257,1257,1257,1257,1257,1257,1257,1257,1257,1257,1257,1257,1257,1257,1257,1257
1461,1255,1461,1255,1519,1461,1261,1427,1461,1261,1350,1461,1261,1128,1261,1461,1461,1260,1350,1461,1461,1461,1442,1350,1461,1128,1260,1261,1416,1461,1461,1461,1461,1128,1416,1461,1461,1261,1442,1461,1261,1461,1461,1255,1461,1461,1261,1461,1461,1442
1682,1204,1166,1204,1166,1240,1257,1257,1257,1166,1257,1166,1257,1257,1166,1257,1257,1234,1257,1455,1204,1240,1257,1788,1234,1204,1547,1166,1257,1257,1788,1166,1422,1257,1166,1370,1536,1166,1240,1419,1257,1257,1257,1257,1166,1257,1166,1257,1594,1166
1461,1682,1255,1416,1261,1261,1261,1350,1261,1261,1461,1461,1461,1350,1261,1261,1717,1387,1461,1461,1261,1461,1114,1261,1461,1461,1114,1261,1261,1442,1461,1260,1387,1114,1261,1261,1461,1461,1387,1286,1261,1261,1261,1387,1260,1461,1416,1261,1128,1261
1257,1166,1166,1257,1240,1166,1166,1166,1166,1166,1257,1166,1257,1166,1166,1387,1166,1257,1726,1166,1667,1166,1166,1166,1240,1257,1240,1166,1240,1166,1511,1166,1166,1257,1166,1166,1166,1240,1240,1166,1257,1788,1166,1257,1457,1240,1166,1422,1166,1166
1261,1261,1261,1416,1461,1387,1261,1261,1261,1261,1261,1261,1261,1261,1261,1261,1261,1261,1261,1261,1261,1492,1261,1261,1261,1261,1813,1261,1427,2095,1261,1261,1261,1261,1416,1261,1261,1649,1261,1261,1261,1261,1114,1261,1261,1261,1261,1261,1387,1261
1305,1111,1166,1166,1166,1166,1166,1166,1166,1166,1166,1166,1166,1166,1166,1166,1166,1305,1166,1166,1166,1111,1166,1166,1166,1166,1166,1166,1166,1166,1166,1387,1166,1166,1166,1166,1166,1166,1166,1166,1166,1166,1166,1166,1166,1166,1166,1166,1166,1166
1261,1261,1261,1261,1261,1215,1261,1551,1261,1261,1805,1215,1261,1261,1261,1261,1261,1261,1261,1261,1261,1261,1261,1261,1261,1261,1427,1261,1261,1261,1261,1172,1215,1261,1261,1261,1261,1261,1449,1261,1427,1261,1261,1261,1829,1261,1172,1261,1261,1703
1166,1166,1166,1166,1166,1166,1166,1166,1166,1166,1166,1166,1166,1166,1166,1660,1166,1166,1438,1166,1166,1166,1595,1166,1166,1166,1438,1613,1166,1166,1166,1166,1842,1438,1166,1166,1166,1166,1360,1166,1166,1166,1166,1166,1166,1166,1166,1166,1688,1166
1261,1261,1261,1172,1172,1172,1261,1261,1261,1201,1261,1172,1551,1215,1261,1261,1172,1172,1261,1261,1261,1261,1201,1261,1261,1261,1261,1261,1261,1261,1518,1261,1172,1261,1261,1261,1261,1261,1215,1261,1261,2175,1261,1261,1261,1172,1261,1965,1261,1261
1186,1166,1620,1166,1166,1166,1166,1166,1166,1166,1166,1166,1166,1166,1166,1166,1166,1318,1166,1166,1166,1166,1166,1234,1166,1644,1166,1166,1318,1166,1166,1166,1166,1166,1166,1166,1166,1166,1660,1166,1166,1166,1438,1166,1166,1166,1166,1166,1166,1609
1261,1172,1261,1201,1261,1261,1261,1172,1448,1201,1261,1261,1261,1261,1261,1261,1261,1261,1261,1261,1757,1261,1261,1314,1172,1261,1261,1261,1261,1261,1261,1261,1261,1261,1215,1261,1215,1261,1261,1172,1261,1261,1261,1513,1261,1261,1261,1261,1261,1261
1403,1166,1166,1166,1166,1166,1166,1166,1421,1166,1166,1533,1166,1166,1166,1166,1166,1166,1166,1166,1166,1166,1438,1166,1166,1200,1166,1166,1166,1870,1166,1166,1421,1166,1166,1166,1166,1166,1166,1166,1166,1166,1166,1166,1166,1166,1166,1166,1166,1166
1261,1261,1261,1546,1261,1261,1261,1585,1261,1261,1261,1343,1286,1261,1261,1261,1261,1261,1261,1261,1261,1261,1261,1261,1261,1595,1261,1261,1261,1261,1261,1172,1261,1261,1261,1581,1261,1261,1261,1261,1316,1261,1261,1261,1261,1261,1595,1261,1261,1261
1416,1166,1166,1166,1166,1166,1166,1166,1166,1166,1166,1166,1166,1166,1166,1166,1166,1100,1166,1166,1166,1166,1166,1166,1100,1166,1166,1166,1100,1477,1166,1166,1166,1166,1166,1166,1166,1403,1438,1166,1166,1166,1100,1166,1166,1166,1166,1166,1166,1166
1261,1261,1261,1172,1261,1261,1261,1261,1261,1261,1261,1261,1261,1261,1172,1261,1261,1261,1261,1261,1261,1287,1261,1261,1261,1261,1261,1287,1429,1287,1261,1261,1287,1261,1261,1261,1261,1261,1261,1261,1261,1261,1261,1261,1172,1261,1261,1261,1172,1261
1166,1321,1166,1166,1166,1166,1100,1166,1166,1166,1100,1166,1516,1166,987,1166,1166,987,1166,1166,1166,1166,1166,1166,1166,1166,1100,1166,1166,1702,1166,1166,1166,1166,1166,1166,1166,1166,1166,1166,1166,1166,1438,1166,1166,1166,1166,1166,1166,1166
1261,1261,1261,1583,1261,1261,1172,1261,1261,1261,1261,1261,1261,1261,1261,1261,1231,1261,1261,1261,1261,1172,1261,1172,1261,1261,1261,1261,1261,1261,1261,1261,1261,1287,1450,1261,1159,1159,1261,1159,1261,1518,1261,1261,1261,1261,1261,1172,1261,1261
