2879,2630,2846,3060,2507,2630,2921,2467,2585,2410,2415,2460,2591,2927,2460,2460,2544,2488,2632,2879,2782,2544,2441,2495,2940,2281,2544,2729,3019,2460,3116,2879,2632,2585,2730,2630,3296,2811,2831,2630,2868,2891,2591,2751,2879,3019,2410,2467,2751,2868
3058,2573,2540,2700,2581,2581,2667,2694,2634,2485,2634,2604,2634,2918,2801,2795,2418,2540,2212,2700,2327,2418,2600,2700,2835,2763,2700,2265,2562,2564,2248,2869,2700,2947,2468,2629,2488,2515,2212,2763,2694,2700,2780,2634,2700,2725,2634,2520,2573,2977
2415,2441,2687,2460,2410,2605,2410,2461,2544,2630,2961,2560,2410,2502,2507,2618,2410,2293,2460,2784,2510,2441,2552,2460,2428,2618,2461,2529,2293,2467,2770,2460,2415,2486,2357,2502,2502,2486,2467,2261,2460,2560,2733,2775,2582,2687,2623,2618,2641,2392
2634,2562,2358,2520,2620,2634,2654,2730,2573,2617,2393,2484,2564,2499,2520,2910,2492,2562,2570,2634,2418,2899,2562,2564,2274,2543,2680,2700,2899,2439,2439,2540,2588,2693,2326,2499,2693,2180,2326,2693,2248,2543,2418,2520,2540,2540,2693,2499,2540,2642
2768,2392,2480,2410,2293,2577,2630,2293,2392,2480,2529,2620,2566,2422,2617,2630,2293,2392,2617,2630,2480,2421,2486,2660,2460,2694,2460,2293,2797,2924,2410,2462,2722,2461,2480,2410,2768,2480,2293,2415,2293,2440,2812,2686,2519,2552,2415,2768,2305,2486
2499,2540,2499,2631,2812,2245,2567,2680,2680,2869,2733,2851,2326,2680,2553,2733,2860,2526,2588,2693,2680,2410,2545,2245,2577,2380,2326,2567,2380,2499,2588,2756,2899,2602,2559,2326,2418,2326,2245,2679,2540,2499,2499,2493,2418,2688,2559,2634,2546,2499
2650,2540,2602,2700,2479,2293,2546,2293,2293,2414,2461,2493,2415,2472,2567,2293,2293,2539,2560,2293,2467,2480,2602,2630,2493,2489,2445,2489,2479,2720,2414,2445,2519,2540,2415,2540,2293,2720,2489,2461,2293,2518,2293,2392,2480,2490,2646,2486,2602,2630
2535,2499,2617,2317,2499,2499,2613,2418,2499,2613,2546,2602,2784,2385,2499,2356,2499,2715,2499,2540,2553,2385,2317,2499,2535,2354,2499,2437,2326,2580,2749,2499,2753,2245,2613,2579,2540,2538,2457,2245,2530,2446,2418,2317,2532,2688,2457,2540,2588,2532
2491,2480,2446,2644,2551,2540,2446,2582,2486,2486,2414,2637,2582,2293,2414,2486,2486,2617,2392,2480,2446,2353,2161,2293,2701,2353,2486,2620,2844,2520,2493,2580,2161,2368,2693,2392,2398,2293,2588,2293,2486,2491,2293,2743,2580,2489,2580,2629,2293,2620
2418,2486,2475,2640,2640,2697,2678,2567,2499,2356,2641,2688,2499,2469,2660,2549,2499,2359,2486,2346,2273,2418,2273,2347,2347,2728,2660,2499,2432,2356,2398,2582,2469,2697,2457,2549,2660,2534,2499,2512,2356,2398,2543,2589,2589,2690,2580,2347,2621,2214
2573,2551,2580,2588,2580,2121,2660,2486,2378,2282,2518,2161,2486,2422,2508,2486,2660,2398,2161,2581,2161,2385,2378,2398,2422,2486,2398,2272,2446,2293,2161,2647,2433,2378,2520,2508,2161,2551,2522,2317,2480,2486,2508,2282,2581,2629,2422,2422,2628,2321
2525,2457,1902,2750,2548,2600,2356,2652,2549,2512,2441,2418,2567,2485,1902,2521,2306,2441,2489,2521,2501,2418,2501,2365,2273,2273,2475,2418,2194,2525,2306,2347,2273,2418,2273,2418,2273,2394,2512,2273,2457,2563,2652,2509,3108,2568,2485,2468,2330,2497
2350,2321,2385,2453,2422,2272,1673,2479,2384,2551,2321,2385,2433,2560,2291,2390,2581,2161,2272,2441,2300,2381,2390,2505,2412,2648,2291,2480,2486,2381,2441,2567,2426,2508,2441,2486,2546,2290,2486,2581,2480,2422,2503,2290,2567,2384,2384,2290,2291,2446
2273,2138,2138,2227,2415,2418,2415,2461,2382,2456,2277,2408,2478,2241,2241,2330,1957,2301,2194,2566,2408,2273,1902,2534,2534,2194,2478,2579,2330,1957,2568,1902,2418,2568,2534,2218,2457,2277,1902,2568,2308,2418,2273,2620,2631,2485,2306,1902,2194,2208
2390,2390,2378,2210,2383,2453,2486,2330,2572,2389,2277,1673,2584,2455,2389,2383,2451,2384,2332,1673,2481,2390,2291,1673,1673,2441,2384,2441,2453,2481,1673,2277,2422,2307,2330,2291,2485,2471,2211,2504,2564,2291,2480,2709,2529,2486,2291,2593,2291,2211
2232,1902,2302,2296,1957,2382,2269,2526,2273,1902,2237,2265,1957,2415,2506,2526,1957,2308,2579,1689,2530,2144,2366,2613,1902,2425,2330,2366,2478,2248,2144,2332,2474,2534,2348,2302,2077,2444,2587,2415,2601,2425,1957,2265,2308,2565,2273,1902,2382,1689
1942,2108,2108,2406,2505,2329,2330,2138,1673,2422,2291,1972,2291,2130,2211,1893,1673,2422,2485,2331,2291,2330,1768,1673,2291,2505,2675,2454,2406,2461,2242,2108,2381,2545,2441,2517,1768,2076,1893,2431,1893,2453,2526,1893,2138,1673,2431,2653,2330,2138
2382,2324,1957,2324,1689,1902,2488,2277,2277,2176,2256,2505,2693,2273,2266,2435,2743,2488,2401,2078,2410,1900,2006,2176,2488,2006,2471,2078,1689,2022,1902,2243,2022,2634,2006,2182,2095,1900,1957,1689,1900,2006,2256,2410,1902,2006,2167,2273,1689,2280
1893,2242,1768,2098,2132,2132,1893,2242,2132,2277,1725,1673,2048,2306,1972,1972,1768,2150,2330,2470,1893,2137,2049,2098,2417,1972,1489,2048,1770,1893,2241,2417,1972,2415,2132,2048,1972,2291,2291,2269,1893,2098,2150,2150,1991,2362,1972,2098,1972,2652
2366,1957,1916,2461,2006,2095,1689,1902,2053,2118,1900,2022,1902,2022,1902,2022,1916,1876,2461,1904,1689,2271,2022,2022,2006,2006,2182,2078,2297,2182,2022,2297,1916,2347,1930,2022,2046,2006,2095,2347,2045,2271,1779,2063,2006,2006,1689,1934,1916,2006
1893,1972,2269,2081,1972,1960,2081,2130,2046,1893,1893,1893,1972,1960,1893,1838,1969,2098,1673,2308,1972,1893,1616,1972,1969,1969,1756,2098,2023,1972,2132,2004,2219,2023,2098,1960,1893,1877,2291,2081,1972,1953,2085,2160,2040,2098,1616,2437,2216,2335
1689,1831,1985,1902,2126,2155,1940,1916,1949,1957,2050,1916,2116,2026,2199,2250,1689,2006,2034,2006,1689,1876,1985,1689,2055,1831,1913,2006,2069,2019,2006,2250,2006,2037,1876,2060,2131,1987,1689,1985,2006,1916,2069,2069,1689,2006,1902,2138,2050,2006
1893,1972,2081,1913,2086,1616,1893,1918,1972,1756,1673,2047,2291,1893,2131,2027,2260,2104,1673,1673,1987,1893,1969,1972,2238,1838,1893,2104,2265,2081,2208,1756,1907,1972,1893,1893,1972,2081,2120,2123,2208,2131,2009,1893,2144,1946,2009,1917,2259,1999
1985,1916,1985,2131,1689,2022,2113,1916,2069,1689,1689,2006,1752,1916,2037,1689,1985,2050,2030,1889,2041,1916,1902,1879,2242,2006,2015,1913,2037,1689,1689,2147,1881,2091,1985,1916,2014,1689,1957,2012,2006,2006,1592,1902,2002,2183,2037,2050,2069,1957
2094,2022,2081,2138,1975,2275,2081,2104,2195,1893,1918,1913,1673,2083,2081,2104,2204,1972,1756,2009,1917,2154,2359,2036,2225,2154,2138,1673,2096,2277,1868,2083,1893,2081,2094,2012,2081,1893,2081,1946,2104,2104,1893,2370,1917,2018,1972,1862,2195,1893
2521,1957,2002,2153,2014,2375,1916,2014,1940,2006,2006,1916,2220,2050,2195,2238,1916,2006,2194,2069,2095,2041,2282,1689,1940,1957,2209,1916,2014,2019,2209,2050,2002,2482,1916,2107,1940,2166,1916,1916,1881,1916,2155,2362,2056,2153,2041,2200,1689,2282
2222,2104,1917,1990,1673,1917,1938,1917,2070,2181,1745,2081,1893,1961,2081,2186,2036,2177,1950,2081,1913,2081,2168,2168,1917,2412,1893,2269,1673,2104,1990,1938,1878,1893,1950,1893,1673,2287,1918,1745,2168,2332,2009,2110,2081,1917,2399,1756,2104,1917
2453,1940,2110,1940,1955,1957,1689,1659,1871,2313,1916,1916,1957,1957,2269,1949,1871,2146,2270,1967,1916,1689,2014,2050,1955,2041,1949,1916,1689,2476,1916,1659,1957,1877,2110,2050,1689,2014,1967,1689,1659,2041,1649,1659,2159,2002,2050,2131,2174,1967
1918,1917,1955,1845,1955,1913,1938,2048,2229,1981,2034,2081,1918,2034,2034,1778,1990,1985,2090,1673,1918,1918,2081,2146,2265,1971,2104,2081,1938,1955,2034,2119,2104,2081,2104,2009,1990,1673,1673,2090,1893,2285,1935,2081,1950,2104,2115,2081,1893,2288
2279,2406,1721,1774,1916,2406,1916,1649,1916,2041,2076,1957,2207,1916,1940,1689,2014,2146,1844,2028,2083,2050,1633,1659,2041,2195,1721,1871,1649,2110,1916,1689,2041,2195,1721,2189,2050,2084,2078,2050,1916,1897,1790,1955,2130,1689,1957,1940,2110,2121
1918,1616,1787,1673,2326,2176,2081,2119,2081,2382,2308,1967,2110,1845,2090,1917,2012,2155,1922,2176,1862,2285,1990,2176,1910,1893,2034,2110,1787,1890,2243,1917,1673,2104,2012,2104,2194,2207,2326,2090,2264,1711,1894,2012,2081,2012,2155,2034,1910,1938
1897,2006,1861,2018,1897,1927,1689,1721,1774,1927,2207,2376,2050,1897,2027,2322,2041,2027,1721,1649,2294,1928,2006,2079,2041,1897,2184,2398,1786,2184,2347,2351,2179,1853,1721,1927,1721,1832,2050,1916,1991,2268,2041,1957,2195,2482,2041,1649,1659,1916
1893,1887,2081,1910,2154,1910,1976,2165,1907,1787,1782,2006,2177,1910,2155,2081,1928,1673,2320,1967,2207,1673,2487,2012,1910,2399,1787,1958,1845,2155,1878,2131,1910,1845,1771,2110,1673,1878,2179,2163,1782,2090,2189,2179,1845,2207,1782,1771,2294,1845
1987,1649,1827,1808,1815,1808,2006,2165,1957,1808,1815,1721,1575,1916,1692,2012,2006,1649,2347,1649,1897,2066,1950,2148,1841,1897,1916,1721,2399,2012,1950,2041,1897,2041,2012,1883,1884,2154,1649,1649,2273,1779,2155,1808,2041,1950,1721,2338,2183,2148
2191,1550,1960,1910,2155,1673,1910,1771,1782,1814,1787,1764,2195,1550,1910,2013,1787,1782,2081,1794,1782,1959,1845,1910,1910,1787,1782,1787,1621,1895,1960,1794,1771,1878,1845,2155,2101,1771,1878,2317,1991,1845,2165,2012,2165,1764,1845,1845,1910,1794
1779,2014,1649,2036,2119,2148,1897,1721,1680,2061,1986,1721,1808,1525,1815,1850,1525,1721,1692,2030,1525,1779,2202,1808,1897,1649,2030,2061,1950,1525,2209,1872,1735,2014,1878,2209,1872,1897,1808,1721,1680,1649,1897,1897,2061,1692,2014,1891,2041,1872
1794,1550,1550,1764,1666,1782,2079,1845,2084,1959,1764,1666,2236,1774,2008,2236,1782,1882,1814,1910,1910,2184,2001,1821,2001,1550,2236,1787,1666,1782,1794,1787,1787,1550,1782,1910,2001,2008,1787,1910,1845,2014,1782,2147,2171,1910,2004,1967,1666,1768
1808,2092,1666,1721,1680,1721,1666,1666,1878,2023,1966,1721,1721,1721,1692,2122,1674,1997,1795,1872,1891,1891,1808,2092,1813,2205,2200,1721,1872,1666,2014,1721,1918,1813,2542,1813,2296,1808,1721,1666,1721,1721,1891,2061,1891,1721,1872,1897,1808,2064
1764,2114,1550,1959,2136,2226,1764,1987,2408,2121,2088,1985,1870,1699,2091,1746,1787,1699,2408,1699,1670,1768,2001,1757,1910,1910,1699,2347,1910,1550,2090,1757,1666,2014,1821,1666,2001,1764,2090,1757,1985,2080,2014,1910,1670,1670,2001,1550,1910,2163
2140,1891,1891,1696,1666,1922,1721,1872,1680,1922,2163,1721,1792,1985,1891,1997,1670,1666,2274,2122,1891,1922,1721,1670,1666,1674,1744,1714,2200,2023,1997,2101,2122,2023,1945,1792,1721,2011,2012,2053,1872,1587,1934,2011,1964,1721,1678,1696,1670,2053
2001,2070,2112,1811,1912,1768,1912,2249,1714,1764,2091,1821,2141,1666,2048,2019,1550,2301,1821,2281,2014,1910,1550,2270,2001,2076,2194,1670,2152,2048,1550,1846,1870,1846,1846,1714,2152,2301,2165,1986,1910,2014,2186,2218,1764,1550,2194,1550,1910,2160
2244,1644,1655,1891,1891,1856,2020,2007,1675,2158,2069,1670,1696,1602,1644,2012,1846,1997,1602,1891,1922,1891,1891,1891,1670,2020,1891,1670,2120,1655,2032,2281,1714,1721,1922,1934,2144,1721,2158,1646,2029,2006,1742,1721,1891,1714,1846,1721,2098,1655
2268,1856,1550,1875,1910,1912,1634,1634,1910,2220,1550,1671,2504,1681,1693,2076,1550,2091,1550,1844,1880,2099,1840,1846,2390,1910,2099,2113,1856,1926,2268,1550,2045,1671,2045,1681,1634,2052,1910,2194,1896,1550,1550,1764,2006,1846,1846,1764,2020,1677
1846,1896,1952,1828,2199,1944,2158,1891,1930,1721,1828,1644,1952,1828,2132,1891,2001,1891,1846,1846,1721,1812,1997,1828,2213,1721,1865,1846,1930,1828,2418,1896,1896,1944,2211,1848,2395,1721,1810,1721,1930,1944,1996,2029,1911,2006,1742,1828,2158,2020
1924,1671,1772,2088,1997,1944,1832,1550,1912,2091,1723,1699,1634,1924,1677,2247,1840,1550,2102,2326,1871,2020,1699,1634,1550,1634,2043,1857,1877,1671,1896,1846,1840,1634,1846,1840,1843,1912,2337,1932,2013,1840,1931,2013,1840,1671,1985,1854,1882,1832
1962,1644,1944,1896,1930,1935,2007,2205,1891,1996,1828,1846,1757,1742,1891,1957,2098,2230,2466,1820,1873,2108,1892,1828,1820,1757,1810,1820,1820,1846,1644,1944,2020,1828,1644,1997,1853,1820,1820,1891,1898,1952,1943,1962,1810,2234,1734,2013,1943,2013
1550,2116,1979,1905,1944,1579,2036,2018,2166,2225,2007,2003,1840,2109,1699,2166,1550,1698,2068,2068,2003,1698,1924,1634,1892,1939,2304,1550,2015,1846,1699,1429,1823,1840,2225,1896,2020,1939,2014,2016,1550,2166,2244,1550,1953,1699,2137,1846,2116,2016
1820,1811,2341,2152,1810,2138,2138,2166,1962,1922,1944,1935,2008,1742,2176,1742,2089,2018,1846,1644,2077,1742,1864,1891,2104,1664,1908,1952,1953,2157,1828,1989,2035,2018,2008,1810,1816,1846,1954,2217,1953,1953,1954,1952,2125,1660,1891,2018,1891,1664
1858,2018,1939,1846,1698,1551,1905,2181,1823,1960,1648,2147,1550,2022,1823,1860,1698,2105,2041,1924,1979,1852,2340,1852,2181,1929,1960,1846,1634,1992,1939,1699,2084,2229,1989,1896,1699,1648,2189,1960,1905,1905,1929,2018,1429,2189,1769,1973,1983,1551
1825,1902,1891,1689,1953,1983,1891,2077,2089,1689,1689,1953,1689,1816,1810,1689,2229,1983,1852,2035,2073,2336,2013,2018,2116,1908,2089,2018,1689,2120,1689,2013,1599,2073,2008,2040,1820,2060,1825,2378,1846,2040,2156,2070,1599,2041,2283,2125,1689,1992
1852,2177,1890,1551,2255,1994,1968,2161,2039,2091,1955,1485,1960,2070,2091,1927,1698,2082,1979,2014,2382,2006,2134,1648,1890,1955,1551,1551,2181,1699,1550,1994,1939,2311,1994,2181,1846,2255,1824,2039,2346,1551,1939,2041,2014,1924,1551,1882,2324,1551
2066,1597,1689,2058,2134,1994,2082,1732,1994,2240,1689,1689,2066,2059,1948,2061,1599,1908,2043,2051,1770,1808,1810,2181,1689,2104,2555,1846,1792,1689,1854,1956,1689,1689,2219,2110,2398,1689,1597,1846,1689,2040,2058,1872,2312,2042,1937,1810,1891,1732
1744,1551,1750,1836,2254,2066,1551,1955,2254,1846,2110,1944,2194,1946,1745,1551,1890,2006,1900,2065,1936,1672,2170,2066,1917,1949,2098,2099,1994,1551,2221,2065,1892,2200,1551,1551,1892,1890,2049,1750,2099,1846,1672,2290,2134,1955,1944,1992,2049,1745
2290,1919,2065,2043,1820,1755,1792,2053,1836,1599,2134,1811,2010,2066,1919,1837,1893,1730,1846,1689,1732,2044,1730,1846,1689,1841,1903,1828,1999,2065,1672,1837,1705,1627,1792,1820,2065,2042,2308,2043,1730,1956,1956,2044,2065,1866,2043,1900,1689,1983
1900,2057,1979,2130,1984,1551,2126,2165,1846,1551,2066,2068,2026,1943,1890,2131,2099,2057,2125,1779,2026,1551,1766,1956,1956,2068,1766,2131,2131,2120,1609,1755,1917,1900,1836,2065,2065,1956,1984,1956,1609,2085,1745,1836,2120,2120,2041,2039,2099,1938
1689,1893,2039,1708,2057,1899,1766,1956,1766,1689,1847,1766,1903,1836,1837,1956,1599,1947,1687,2132,1687,1708,1766,2148,1846,2022,1900,1836,2440,1846,1900,2191,1755,2310,1837,1900,1956,2065,1689,1978,1899,1836,1687,1837,2131,2011,1947,1820,1893,2120
2205,2084,1846,2124,1943,2205,1755,1956,1940,2202,1846,1673,1764,2129,2179,1900,1673,1899,1755,1940,2036,2057,1551,2202,2191,1940,2139,1794,2065,2014,2120,1940,1766,1836,1551,1947,2201,1948,1836,1846,1899,1794,1766,2087,2318,1836,2247,1673,2131,1984
1755,1862,1947,1689,1755,2139,1764,2147,1837,1766,1755,2106,2318,2207,2139,2095,1836,1846,1689,2161,2078,1708,2095,1836,1783,1708,1899,1846,2369,2217,1959,1708,1766,2065,1962,2179,1939,1689,2201,1689,2027,1846,2095,2027,1906,1708,2191,1727,2045,1755
2448,1766,1931,2036,1628,2120,2065,1947,2179,1947,2009,2049,2081,1948,1766,1755,2046,1748,2177,1551,1760,1764,2065,2179,1846,1899,2254,1749,1628,1764,1764,2244,2049,1749,1992,2000,2000,1755,1925,1551,1708,1766,1749,1956,1951,1846,1551,2146,2369,2177
1963,1846,2047,2013,1689,2092,2192,1973,1689,1689,2091,1803,2046,1846,1689,1967,2186,1689,2192,1947,2046,2204,1973,1764,2091,1947,1963,1764,1922,1967,1947,1755,2169,1959,1689,1803,2027,1761,2065,1846,2349,2197,1764,2046,2127,2012,2036,2139,2143,2092
2245,1551,1967,2035,1764,2482,2169,1864,1495,2231,1551,1973,1879,2143,1803,2162,1495,1764,1846,1948,2266,1933,1764,1925,1933,1922,1764,1925,1879,1922,1551,1922,1922,2084,1495,1551,1864,2293,1702,1839,2049,2280,2503,1947,1551,2245,1551,1495,1886,1973
1973,1973,1764,1947,2193,1689,1689,1862,2196,1925,1689,2017,1731,1764,1689,1764,2014,2165,1772,1689,1689,1922,1689,2129,1862,2261,2120,2026,2283,1965,1922,1764,1858,1764,1839,1689,1933,1803,1841,2196,1839,1689,2032,2028,1761,2500,2116,1689,2238,2193
1551,1533,1551,1933,1828,2065,1551,1764,2183,1551,2273,1925,1764,1551,1965,1533,2293,1551,1551,1947,2342,1925,2162,1973,2224,1551,1764,1925,1857,1839,1551,1551,1764,2210,1922,1769,2179,1947,1839,1922,2210,1764,1495,1495,1764,1704,2232,2210,1551,1973
1764,1739,2216,1862,1633,1862,2287,1862,1819,1947,1862,1764,2331,1739,1750,1985,2219,1933,1764,2130,1880,1998,1689,2015,1764,1973,1828,2228,1764,2141,1731,1633,1689,2018,1925,1689,1689,2130,2228,1689,2005,1689,1862,1764,1689,1914,2097,2286,1933,1764
1551,1597,2141,1945,2131,1891,1966,1495,1764,1597,1750,1551,1933,1826,1518,1850,2053,1551,1764,1495,2087,1495,1764,1551,1880,2121,2261,1750,1551,1973,1764,1551,2053,2053,2261,1764,2131,1551,2091,2121,2228,1704,1495,1947,1743,2053,1597,1826,1551,1518
1861,1909,2131,1862,1929,2228,1689,2121,2065,2053,1793,1720,1794,1933,1770,1648,1750,1720,1689,2141,1750,1949,1794,2492,2308,1862,2065,1933,2082,1914,2043,1862,1748,1739,1880,1794,1739,1721,1689,1724,1862,2121,1689,1891,1850,1689,1689,2043,1933,1880
1933,1868,1704,1495,2203,1551,1826,2039,1850,2113,1915,1933,2011,1933,1825,1832,1880,1794,2156,1565,1551,1495,2209,2065,2113,2300,2121,1661,1928,1551,1870,2065,1985,1736,1495,2039,1832,1891,1826,1940,1957,2141,1551,1551,1704,1826,1850,1825,2203,1551
1654,2065,2113,2121,2011,1654,1648,2469,1748,1915,1850,2126,2126,2406,1855,1739,1770,1794,1648,1872,2039,1748,2060,1793,1689,2300,1950,2025,1897,1862,1689,1891,1748,1994,1689,2025,1914,1897,1914,1857,1856,2010,1933,2031,1954,1653,1748,2039,1689,2113
2011,1825,1551,1891,1794,1927,2288,2011,1994,1988,1891,1868,2028,1495,1851,1872,1704,2126,1813,1870,1820,2228,1750,1495,1891,2117,1928,1868,2011,2385,2300,1912,1966,1813,1933,1750,1704,2122,2187,1750,2011,1925,2011,1868,1927,1666,2018,2028,1925,1551
1813,1653,1914,1770,1750,1973,1927,2011,1970,1849,1914,1820,1970,1750,1891,2028,1865,1849,2011,1813,1828,1748,1973,1821,1927,2009,1654,1820,1821,1654,1696,1648,2011,1689,1927,1689,1841,2177,2110,1927,1828,1958,1896,1891,1927,1748,2332,1882,1952,1770
1704,1820,1821,1813,1820,2075,1754,1928,1970,1865,1891,2011,1828,1882,1715,1824,1849,1927,1910,1551,2068,1974,1946,1871,2011,2266,2075,1828,1891,1851,1977,1928,1868,1794,1704,1849,1891,1923,1696,1970,1754,1923,1715,1715,1970,1824,1754,1704,2008,1891
1715,1914,1855,1855,1920,1820,1855,1865,1887,1891,1741,1849,1845,1855,1846,1914,1914,2004,1980,2040,1788,1770,2159,2044,1977,2004,2008,2134,2134,1715,1849,2301,1831,1920,2133,1748,1845,1648,1845,1990,1871,1689,1770,1996,1813,1689,2027,1977,1996,1813
1715,1679,2298,1715,1871,1871,2044,1762,2068,1849,1715,1909,1715,1851,2079,2112,2062,1910,1704,1704,1865,1846,2111,1980,1977,1977,1813,1909,1762,1715,1897,1813,1950,1828,1824,1851,1704,1855,1880,1704,2172,1935,1846,1871,2004,2062,1825,1704,1794,1985
1846,1888,2059,1990,1521,2066,2103,1910,1910,1845,1897,1689,1871,1897,1956,1910,1871,1846,1914,1708,2044,1888,2094,1888,2219,1845,1905,1788,1914,2004,1834,1871,2079,1845,2062,1914,1980,1956,1708,1648,2112,2079,1910,2028,1934,2094,1845,2142,1980,1983
1715,1930,2004,1965,2028,1897,2184,1897,1910,1954,1909,1934,1909,1941,1715,1871,2103,1709,1991,1980,2079,2020,2004,2079,1828,2020,1715,2044,2059,2094,1956,2057,2131,1910,1980,2041,1704,2142,1951,2062,1715,2073,1555,1897,1704,1974,1930,1934,1555,1871
2004,2079,1897,2000,1910,1956,2017,1829,1980,2043,2073,1980,1991,2590,1956,1897,2272,1980,1829,2043,1866,2125,1896,1905,1994,2020,1897,1934,1888,2020,2149,1914,2028,2073,2043,1910,1979,1956,1934,1829,1956,1845,1897,2093,1871,1951,1896,1845,2019,1866
2379,1897,1555,1980,1950,1871,1866,1909,1943,1555,1555,1730,1965,2073,1871,1980,1956,2125,1905,2020,2122,1909,1910,1866,1956,1972,1905,1709,1934,2004,2017,1896,1980,1956,1980,1715,1910,2020,1555,1956,1965,1555,1910,2003,1979,2003,1896,1555,1897,2075
1871,1677,1829,2009,1979,2017,1956,1829,1829,1979,1989,1866,1677,1950,2200,1829,2003,1896,1829,2177,1829,2346,2152,2117,1972,1677,2035,1956,1956,1829,2073,2011,2043,2043,1682,1845,2152,1845,1845,1866,2113,1682,1896,1907,1845,1829,1829,2011,1918,1956
2152,1637,1555,1743,1743,1830,1805,1555,1555,2137,1972,1715,2017,1555,1741,1866,1950,1956,1921,2011,2125,2152,1715,2113,2113,2235,2059,1931,1871,1871,1896,1918,1555,1741,1555,1715,1743,2113,1979,1956,1871,1637,1956,1969,1930,1866,1555,1851,1896,1555
1829,1956,1829,1889,1871,1829,1866,1871,1978,1829,2113,2045,2062,2237,1829,1704,1677,1754,1982,2184,1877,1921,1829,1805,1877,1921,1896,1918,2012,2228,1950,2011,1677,1805,1871,1982,1704,1871,2043,1829,1829,2037,1885,1725,2002,2011,1845,1704,1979,1637
2018,1637,1819,1830,1871,1723,1979,1555,2002,2039,1715,1921,1964,1723,2015,1743,1555,1964,1918,2037,1555,1976,1980,1805,1921,1845,2143,1860,1976,1555,1980,1754,1845,1825,1825,1754,1982,2407,1976,2009,1555,1954,1874,1921,1871,1878,1555,2002,1951,2055
1871,1620,1980,1889,2062,1677,2179,2002,1704,1620,1997,1918,1829,2143,2114,1956,1749,1922,1900,1921,1829,1529,1829,1979,1900,1749,2065,1829,1900,1845,2213,1919,1677,2027,1976,2243,1723,1728,1980,1723,2065,1922,1723,2039,1951,1956,2086,2009,1894,1829
1805,2143,2098,1956,1980,1958,2179,1743,1982,2164,1980,1936,1723,1825,2104,2104,1938,2135,1768,1808,1919,1805,2047,1555,1808,1958,1956,1955,1980,2143,1787,1555,1555,1555,1787,1956,1749,1918,1555,1527,1819,1980,1955,1527,1968,1749,2015,1749,2295,1789
2074,1956,1919,1829,1951,1740,2098,1623,1648,1838,1623,2128,1677,1634,1946,1925,1889,1723,1723,1925,1993,1529,1723,1956,2049,1829,1953,1936,1946,1953,1623,1683,1623,1980,1918,2217,1968,1829,1740,1829,2049,2191,2285,1704,2263,1951,1529,1704,1889,2053
1736,1956,2010,1787,2034,2000,1805,2073,2013,1946,2295,1555,1723,2135,2492,1527,2340,1956,2130,1723,2013,1527,2000,1716,1841,1819,2111,1743,1936,1716,1723,1919,1841,1716,1914,2014,2120,1736,1930,1723,1723,1805,2441,2000,1787,1555,1743,1527,2220,1716
1740,1917,1902,1723,1623,1903,1942,2290,1723,2218,1740,1641,1704,1829,1829,1723,1829,2014,1889,1723,2295,1902,2120,2030,1634,2448,1623,1936,2017,1623,1915,1915,2017,1980,2012,2111,1623,1634,2049,1956,1922,1922,1740,1936,2142,1945,1902,2052,1740,1723
1964,1723,2218,2086,2192,2001,1852,1915,1938,1723,1723,2185,1852,1736,1978,1787,2053,1716,2038,1527,1936,1841,1819,1555,2135,1527,1922,1980,1956,1555,1555,1557,1555,1723,1927,1555,1964,1936,1723,1723,1938,2038,2077,1555,1922,2057,2038,1716,2448,1555
1634,1841,1615,1829,1841,2057,1996,2192,1779,1615,1936,1921,2078,1852,1841,2171,1723,1841,2171,1902,1779,2012,1615,1829,1996,2053,2278,1829,1634,1557,1922,1960,1852,2111,1872,1634,1922,2049,1852,1740,1704,2008,1864,2179,1902,1996,1956,1944,1723,1740
1736,1723,1527,1922,1916,1716,1927,2130,1716,1555,1723,1903,1557,2168,1819,1955,1852,1913,1779,1937,1736,1852,1527,1937,1955,2040,1557,1726,1922,1779,2000,1916,1650,1628,1779,2163,1996,1852,1903,1964,2040,2221,1937,2038,1852,2168,1726,1946,1996,1789
1497,1779,1634,1634,2168,1634,1943,1941,2000,1852,1779,2000,1996,2091,1497,2012,1932,1740,1789,1634,1557,2168,2155,1771,1779,1489,1878,1432,1432,1943,1690,2117,1465,1726,1723,1557,1489,1740,2012,1740,1861,1723,1944,2000,1779,1852,2071,2227,2150,1740
1527,1815,2016,1858,2106,2210,1933,1772,1629,1858,1779,1736,2084,1628,1696,1628,2169,1907,1716,1748,1629,1628,1527,1527,1745,1782,1746,1557,1557,1726,1820,1736,1605,1629,1782,1628,2000,1623,1932,1911,1796,1641,1820,2000,1736,2084,1557,1623,1723,1996
1554,2245,2012,2012,1941,1796,1877,1877,2038,1634,2377,1557,1838,1557,1779,2157,2268,1557,1806,1926,1932,1730,1465,1936,1726,1489,1943,1557,1759,1465,2038,1772,2061,1554,1817,1465,1870,1779,1836,1907,1817,1620,1557,1943,1634,2061,1870,2355,1740,2173
2038,1925,1831,2191,1629,1623,1748,1868,1842,1557,1628,1641,2038,1629,2038,1772,1879,1641,1772,1879,1527,1557,2243,1796,1628,1916,1628,1557,1781,1775,1675,1936,1865,1717,1716,1629,2106,2246,2077,1726,1717,1629,1726,1831,1605,1679,1736,2038,1936,1775
1831,1449,2038,1465,1465,1557,2016,1827,1796,1726,1434,1883,1796,1465,1434,1842,1655,1926,1731,1815,1449,1740,1817,1726,1662,1778,1817,1925,1772,1740,1551,1857,1856,1817,1465,2123,1717,1557,1926,1866,1772,1662,1997,1980,1772,2082,1857,1749,1655,2225
1648,1857,1605,1773,2225,1598,1717,1605,2016,1916,1587,1727,2226,2134,1717,2175,1598,1842,1796,1926,1818,2056,1717,1629,1724,1675,1772,1527,1818,1605,1527,1697,1697,1629,1724,1726,1551,2226,2160,1724,1527,1605,1527,1629,1926,1455,1925,1697,1726,1557
1843,2013,1817,2013,1779,2110,1740,1660,1844,1842,2016,1779,1626,1909,1779,1740,2171,1878,2181,1660,2164,1878,1740,1740,1726,2057,1726,1817,2110,1740,1809,2198,1726,1857,1740,1465,1772,1814,1858,2016,1921,1856,2225,1660,1646,1740,2110,1906,1926,1843
2037,1669,1791,1726,1799,2089,1587,1904,1527,1726,1904,1799,2096,1587,1962,1717,1598,1648,1646,1605,1598,1791,1918,1598,1878,1926,1587,1527,1922,1527,1587,2037,1527,2016,1726,1854,1842,1527,1904,1727,1947,1587,1978,1717,1528,1717,1717,1799,2209,1605
1817,1817,1814,1856,1817,1938,1466,1935,1781,1854,1740,1669,1756,2038,1781,1740,1781,1953,1646,2001,2158,1843,1740,1929,1740,1814,1740,1740,1814,1856,1485,1740,1726,1905,1935,1666,1791,2215,1842,1905,1466,1740,1814,1814,1856,2003,1381,1988,1740,1900
1504,1566,1781,1924,1527,2132,1504,1504,1904,1782,1555,1527,1566,1527,1605,1527,1726,1782,1799,1527,2133,2028,1781,1527,1555,2184,1938,1951,1605,1605,1935,1589,1527,1781,1983,1527,1941,1815,1924,1555,2071,1587,1799,1960,1941,1527,1717,1899,1781,1647
1817,1890,1655,1740,1817,1817,2021,1466,1726,1656,1774,1466,1856,1740,1740,1841,1781,1385,1494,1740,1784,1466,1743,1485,1774,1740,1774,1755,1466,1740,1755,1756,1784,1740,1466,1781,1740,1968,1466,1951,1740,1756,1817,1781,1784,1726,1888,1941,1935,1740
1504,1674,1605,1962,1557,1527,1954,1841,1605,1778,1605,1781,1980,1802,1527,1834,1968,1605,1605,1856,1962,1605,2097,1835,1504,1740,1736,1605,2086,1740,1815,1825,1980,1527,1980,1825,1504,1726,1672,1527,1504,1527,1980,1779,1779,1794,1605,1504,1527,1802
1740,1968,1466,1740,1776,1740,1466,1740,2376,2086,2024,1736,1773,2248,1726,1868,2166,1587,1740,1875,1740,1757,1466,1385,1817,1743,1466,1740,1915,1740,2137,1734,1756,1737,1784,1784,1817,1644,1776,1781,1740,1757,1817,1879,1875,1791,1466,1817,1868,2024
1802,1803,1737,1504,1785,1801,1860,1856,1814,1685,2032,1802,1939,1779,1802,1526,1778,1849,1801,1858,1674,1527,1737,2114,1674,1914,1504,1605,1504,1856,1785,1835,1923,1504,1562,1747,1785,1527,1736,1856,1527,1527,1856,1968,1562,1856,1802,1674,1778,1802
1907,1869,1901,1737,1736,1725,1644,1995,1747,1785,1836,2003,1785,1466,1837,2036,1955,1600,1466,1737,1737,1693,1740,1817,1814,1785,1785,1785,1466,1848,1466,1868,1526,1757,1808,1836,1868,1466,1740,1785,1757,2032,1743,1743,1693,1693,1773,2127,1725,1466
1504,1785,1782,1972,1674,1736,1785,1803,1725,1737,2177,1803,1806,1801,1785,1738,1901,1785,1685,1740,1996,1738,1693,1504,1463,1861,1945,1674,2219,1504,1504,1856,1785,1504,1927,2003,1685,1740,1657,2364,1860,1938,1890,2295,1996,1955,2307,1693,1947,1504
1831,1737,1742,1785,1836,1785,1790,1669,1773,1757,1757,1890,2045,1837,1947,2036,1890,1778,1737,1713,2052,1774,1913,1771,1778,1420,1863,1466,1996,1734,2113,1890,1896,1771,2219,1466,1907,1644,1757,2124,1842,1693,1669,1901,2003,1837,1831,1737,1785,1790
1804,1785,1860,1947,1771,1737,1641,1746,2113,1737,1890,1858,1641,1846,1801,1685,2267,1804,1801,1996,1797,1674,1972,1727,1888,1861,1804,1740,1947,1947,1803,1860,1952,1803,1861,1674,1746,1737,1803,1890,1945,1570,1674,1685,1804,1674,1785,1972,1685,1972
1771,2110,1773,1644,1882,1896,1737,1737,2028,1737,1669,1315,1672,1837,1971,1960,1757,1757,1995,1774,1725,2113,1831,1420,1669,1771,1845,1771,1995,1420,1420,1757,1837,1785,1785,1730,1757,1637,1669,1644,2076,1831,1644,1725,1644,1824,2060,1958,1420,1548
1947,1668,1674,1670,1685,1853,1794,1689,1804,1685,1623,1826,1670,1803,1670,1740,1685,1765,1670,1735,1794,1915,1785,1803,1830,1641,1685,1737,1740,2113,1674,1657,1945,1689,2084,1830,1506,1705,1686,1853,1746,1640,1685,1746,1794,1737,1641,1746,1641,1896
1637,1644,1790,1771,1689,2030,1637,1272,1420,1644,2214,1644,1644,1814,1272,1637,1790,1737,1841,1644,1420,1644,1892,1854,1826,1965,1637,2015,1272,1814,1886,1669,1315,1420,1798,1790,1644,1272,1643,1798,1737,1637,2036,1264,1757,1737,1803,1801,1644,1774
1586,1670,1641,1755,1668,1586,1543,1685,1662,1672,1813,1586,1735,1685,1853,1815,1815,1547,1670,1547,1689,1689,1641,1737,1790,1737,1641,1740,1696,1544,1672,1815,2029,2030,1641,2057,1910,1670,1586,1853,1672,1641,1685,1737,1835,1755,1547,1813,1685,2060
1907,2082,1420,1771,1798,1420,1846,1774,1656,1643,2157,1689,1814,1272,2171,1671,1420,1637,1923,1272,1420,1671,1643,1644,1946,1505,1420,1798,1420,1272,1671,1272,1637,1803,1656,1761,1643,1637,1803,1934,1272,1644,1637,1644,1790,1761,1803,1761,1737,1771
1755,1974,1586,1835,1641,1862,1641,1735,1815,1737,1984,1641,1813,1835,1802,1672,1810,1544,1733,1469,1586,1740,1586,1544,1641,2174,1685,1774,1544,1544,1795,1735,1641,1641,1685,1901,1733,1469,1544,1835,1716,1641,1544,1505,1544,1795,1586,1795,1469,1586
1754,1761,1989,1671,1771,1420,1926,1272,1643,2103,1823,1671,1643,1767,2219,1832,1671,2100,1934,1737,1671,1733,1420,1671,1202,1643,1948,1644,1420,1774,1681,1733,1671,1771,1644,1643,1774,1420,1660,1795,1272,1644,1272,1660,1643,1754,1754,1929,1733,2103
1544,1820,1900,1685,1759,1544,1660,1875,1442,2000,1835,1389,1733,1586,1745,1794,1943,1737,1716,1733,1641,2004,1586,1820,1795,1740,1586,1733,1586,1685,1737,1586,1782,1544,1820,1469,1742,1586,1901,1976,1835,1835,1820,1544,1888,1733,1442,1552,1745,1967
1761,1563,1599,1643,1563,1988,1644,1808,1660,1272,1272,1783,1917,1712,1272,1795,2302,1671,1745,1272,1643,1745,1795,1653,1844,1272,1783,1671,1700,1824,1420,1653,1643,1272,1808,1408,1272,1671,1737,1992,1660,1810,1660,2103,1761,1765,1671,1563,1926,1272
1586,1544,1844,1734,1855,1967,1885,1780,1857,1586,1835,1586,1641,1879,1586,1586,1544,1586,1734,1864,1965,1544,1442,1742,1780,2004,1636,1737,1835,1844,1989,1745,2142,1552,1641,1794,1641,1759,1962,1544,1586,1641,1698,1442,1759,1586,1835,1552,1641,1761
1952,1272,1563,1272,1272,1998,1857,1780,1768,2020,1788,1761,1420,1769,1420,1926,1420,1978,2095,1695,1420,1272,1420,1824,1765,1420,1671,1671,1599,1595,1272,1420,1272,1695,1272,1952,1643,2110,1599,1695,1923,1786,1734,1272,1917,1920,1408,1786,1671,1810
1586,1641,1139,1611,1641,1788,1600,1552,1641,1586,1586,1586,1586,1632,1870,1562,1586,1835,1794,1552,1996,2004,1624,1586,1870,1869,1647,1864,1275,1541,1666,1632,1552,1586,1835,2092,1544,1541,1586,1902,1870,1586,1600,1586,1774,1544,1586,1552,1641,1562
1420,2006,1659,1966,1650,1792,1721,1721,1643,1272,1348,1411,1607,2324,1233,1366,1643,1348,1595,2306,1420,1272,1585,1420,1599,1766,1272,1272,1618,1788,1420,1877,1366,1272,2002,1788,1585,1923,1865,1348,1936,1272,1788,1272,1585,1791,1730,1791,1599,1420
1692,1688,1862,2088,1562,1923,1562,1974,1662,1735,1586,1765,1562,1541,1505,1641,1771,1945,1941,1662,2016,1396,1244,1662,1869,1869,1641,1943,1688,1641,1244,1835,1927,1688,1545,1879,1641,1985,1586,1989,1545,1396,1586,1771,1805,1600,1545,2125,1688,1989
1769,1575,1672,1433,1788,1672,1927,1348,2354,2071,1411,1596,1771,1974,1272,1233,1348,1705,1575,1985,1869,1348,1909,1420,1816,1348,1765,1272,1643,2125,1411,1672,2120,1721,1950,1636,1643,1272,1348,1708,1272,1596,1491,1974,1732,1596,1508,1672,1272,1970
1945,1740,1719,1497,1688,1662,1688,1586,1790,2074,1545,1586,2354,1586,1879,1895,1708,2152,1641,1586,1816,1586,2055,1980,1505,2200,2327,1586,1816,1578,1704,1545,1951,1244,1708,1974,2284,2284,1578,1788,1586,1586,1244,1790,1900,1791,1586,1545,1669,1719
1690,1272,2277,2254,1732,1272,1140,1596,1970,2174,1313,1944,1272,1863,1313,1272,1272,2055,1740,1272,1233,1662,1790,1869,2028,1363,2264,2152,1420,1272,1272,1272,1233,2284,1416,2307,1708,1233,1313,1272,1272,2083,1974,1945,1863,1763,2535,1987,1863,1272
1945,2116,1545,1595,1801,1481,1684,2004,1733,2012,1970,1545,1801,2041,1545,1586,1586,1578,1586,1567,1945,1944,2097,1690,1586,1710,1870,1462,1586,2139,1684,1497,1481,1487,1314,1735,2139,1586,1653,2232,2004,1595,2155,1595,1462,1462,1740,1586,1890,1793
1584,1863,1690,1313,2089,1828,2024,1363,1272,1233,1592,1828,1640,1701,1690,1272,1959,1996,1416,1425,1828,2119,1349,1428,2144,1425,1140,2180,1272,1763,2007,1945,1690,1592,1837,1958,1592,1793,2156,1740,1272,1945,2048,1837,1897,1944,1272,1724,1313,2033
2156,2089,1856,2012,1497,1610,1592,2049,1702,1890,1945,1684,1653,2056,1773,1595,1670,1870,1856,1784,1925,1773,1545,1816,1586,1586,1567,1816,1453,1807,1727,1653,1670,1670,1816,2048,1761,1586,1579,2048,1586,1579,1607,1959,1897,1897,1807,1527,1497,1911
1897,1897,1313,2130,1682,1484,1416,1272,1897,2039,2071,1882,1869,1743,1743,1592,2089,2096,1760,1272,1779,1701,1425,1807,1725,1945,1707,1592,2164,1761,1689,1272,2086,1425,1828,1642,1425,2019,1897,1455,1760,1140,2026,1416,1779,1260,1336,1761,1882,1584
1653,1636,1709,1592,1707,1702,1897,1779,1974,1895,1779,1709,1592,1393,1756,2023,1857,1761,1586,1567,1595,1816,1670,1761,1938,2006,1567,1922,2023,1670,1897,1761,1779,1816,2122,1453,1653,1453,1453,1670,1684,1933,1453,1761,1857,1897,1718,1670,2006,1761
1701,1871,1547,1779,1670,1889,1670,1517,2023,1140,1718,1761,1761,1425,1834,1701,1760,1795,1882,1779,1709,1756,2023,1931,2047,1834,1552,1547,1425,1718,1718,1795,1760,1517,1743,2057,1761,1701,1779,1933,1547,1791,1760,1977,1272,1889,1794,1700,1517,1882
1761,1684,1700,1674,1650,1650,1453,1699,1699,2006,1453,1700,1761,1709,1453,1761,1871,1453,1973,1880,1780,1761,1836,1650,1841,1836,1854,1888,1880,1756,1700,1765,1880,1889,1453,1942,1650,1713,1684,2123,1854,1854,1749,1718,1268,1493,1803,1926,1756,1889
1708,1547,1844,1517,1836,1761,1873,1795,1756,1743,1760,1718,1584,1493,1547,1761,1539,1493,1643,1834,1517,1584,1836,1699,1701,1547,1798,1798,1838,1795,1493,1760,1836,1760,1797,1797,1760,1844,1517,1649,1821,1791,1539,1547,1889,1547,1517,1889,1743,1586
1709,1525,1493,1743,2000,1708,1977,1493,1953,1836,1761,1700,1650,1584,1831,1718,1900,1708,1854,1713,1682,1926,2063,1756,1718,1664,1881,1650,2140,1775,1708,1453,1453,1682,1700,1831,1453,1700,1453,1650,1584,1761,1453,1584,1964,1700,1628,1914,1718,1682
1718,2089,1746,1517,1517,1547,1517,1925,1760,2000,1533,2222,1547,1568,1517,1908,1533,1746,1908,1547,1760,1718,1893,1746,1787,1517,1820,1718,1709,2265,1547,1517,1708,2000,2089,1517,1547,1873,1458,1547,1743,2183,1517,1756,1896,1925,1828,1756,1517,1760
1882,1938,1981,1650,1746,1981,1710,1650,1650,1700,1842,1650,1820,1900,1963,1718,1784,1925,2239,1588,1700,1756,1682,1854,2000,1453,1453,1650,1708,1588,1924,1700,1828,1963,1781,1682,1973,1742,1650,1650,1938,2092,1831,1453,1651,1453,1453,1963,1453,2187
1517,1869,2087,2076,1742,1691,1760,1746,1651,1547,1918,1869,1517,1851,2109,2259,1760,2076,1974,2076,1517,1588,1902,1760,1703,2335,2239,1517,2187,2035,1933,2092,1760,1900,2067,1809,1517,2067,1752,1811,1517,1517,1944,2139,1902,1974,1933,1517,1517,1547
1851,1731,1453,1650,1746,1870,1771,1752,2318,1650,1770,1650,1650,1752,1453,1770,1538,1898,1801,2031,1650,1650,2067,1950,2032,1453,1650,1811,2087,1896,1650,1682,1740,1648,1902,1650,2199,2207,2115,1650,1746,1771,1811,1752,1869,1650,1851,2009,2305,1453
1648,1517,1746,1770,1517,1517,1760,1811,1944,1517,2292,1517,1770,2032,1770,1517,1517,1853,1760,1760,1770,2333,1517,1752,1802,2057,1517,1362,1823,1517,2067,1691,2095,1801,1869,1517,1517,1760,2126,2133,1766,1943,2121,1760,1517,1760,1869,2115,2133,1725
2131,1869,1453,2356,1913,1453,1797,1453,1650,1875,1650,1650,2057,1453,1770,2141,1650,1924,1650,1993,1869,1453,2216,1913,1650,1682,1650,1823,1648,1650,1988,1453,2217,1538,1782,2014,1782,1650,2212,1770,1650,1453,1684,1869,1869,1650,1453,1682,1453,1770
2199,1766,1988,1517,2167,1875,1760,1760,1869,2085,1976,1760,1692,2129,1746,1517,1517,1760,1517,1725,1517,1913,1594,1946,1760,1890,1760,1517,1806,1807,1901,1869,1753,1517,1806,1889,1517,1770,1665,1988,1770,1517,1946,1728,1770,2217,1886,1648,1766,1760
1650,1650,1806,1453,1726,2244,1770,1453,1861,1538,1896,1960,1766,1486,1631,1853,1453,1770,1650,1453,1946,1682,1594,1453,1825,1650,1784,1650,1453,1869,1453,1806,1650,2217,1827,1988,1875,1453,1853,1770,1946,1650,2006,1631,1650,1650,1650,2167,1682,1453
1770,1838,1517,1517,1746,1770,1843,1517,2238,1517,1761,2234,1517,1926,2070,2037,1963,2037,1760,1869,1770,1517,1760,1843,1770,1517,1517,1893,1594,1952,1946,1933,1827,1517,1827,1852,1981,1952,2027,1760,1760,1806,2161,1517,1517,1980,1770,1766,1780,1852
1453,1650,1777,1538,1813,1650,1946,1786,1980,1959,2025,1766,1770,1981,1827,1793,1510,2107,1650,1777,1453,2037,1766,1650,1486,1538,1453,1965,1770,1650,1853,1650,1793,1594,1650,1486,1650,1801,1650,2107,1893,1650,1682,1650,1770,1780,1453,1827,1650,1594
1770,1780,1766,1679,1517,1482,1762,1827,2199,1766,1827,1812,1517,1770,1975,1482,1780,1743,1760,1517,1517,2110,1779,2032,1975,1594,1893,1855,1780,1760,1727,1517,1692,1517,1517,2077,1975,1770,1743,1679,1517,1829,1517,1766,1517,1517,2093,1766,1848,1848
1529,1780,1650,1777,1893,1650,1553,1813,1893,1829,1538,1764,1626,1780,1847,1777,1829,1952,1925,2117,1984,1582,1538,1529,2032,1650,1650,1830,1650,1865,1538,1780,1650,1813,1650,1538,1813,1626,1650,1650,1847,1721,1813,1780,1650,1847,1529,1582,1893,1952
1893,2023,2117,1848,1695,1684,1735,1848,1792,1517,1386,1779,2032,1797,1764,1482,1857,1733,1902,1692,1764,1797,1455,1647,1829,1769,1766,1684,1517,1517,1769,1833,1517,2063,1766,1766,1829,1780,1553,1517,1780,1893,1761,1764,1510,1482,1893,1517,1724,1517
1764,1782,1893,1863,1904,1538,1904,1721,1538,1796,1792,1829,1780,1529,1650,1841,1893,1735,1529,2044,1529,1650,1721,1650,1538,1887,1965,1647,1849,1849,1829,1721,1672,2032,1883,1582,1764,1836,1973,1764,1849,1830,1849,1582,1626,1836,1780,1764,1672,1934
2019,1913,2057,1742,1779,1709,1764,1889,1621,1627,1482,1676,2091,1482,1761,1913,1995,1690,1815,1796,1780,1948,1893,1797,1796,1733,1761,1627,1627,1815,1676,1980,1742,2174,1793,2019,2280,2349,1517,1769,1797,1684,1919,1715,1742,1761,1386,1742,1766,1796
2407,1995,1840,1721,1935,2091,1672,1582,1759,1768,1538,2168,1716,1582,1832,1860,1716,1529,1621,1448,1529,1759,1582,1840,1995,1777,2053,1815,1832,2057,1723,1759,1781,2023,1538,1721,1582,1621,2091,1928,1582,1764,1840,1928,1948,2057,1529,1764,2076,1759
1995,1840,1759,2063,1832,1766,1627,2086,1764,1678,1766,2144,1482,1995,2204,1910,1638,1482,1747,2114,1840,1468,1777,1908,1482,1929,1676,1690,1910,1797,1759,1840,1833,1797,1759,2057,2204,1759,1866,1851,1766,2063,1678,1759,1482,2231,1832,1851,1797,1995
2183,1591,1582,1448,1448,1913,2129,1970,1723,1768,1723,1840,1538,1529,1716,2183,1448,1747,1832,1529,1538,1872,1529,1582,1556,1716,1780,1995,2090,2086,1995,1582,2189,2129,1913,1582,1995,1747,1529,1627,2030,2057,1759,1929,1582,1840,1627,1696,2144,1627
1878,1970,1747,1747,1696,2136,1910,1946,1910,1676,1878,1910,1468,1965,1482,1985,1910,1910,2177,1995,1578,1482,1678,1690,1861,1468,1832,1976,1708,1766,1872,1657,1945,2022,1560,1840,1657,1676,1708,1832,1910,1878,1766,1945,1410,1929,1946,1766,1690,1797
1448,1954,1813,1627,1929,1538,1760,1768,1892,2129,1872,1760,1627,1668,1716,1590,2009,1970,1813,1946,1768,1708,1716,1657,1657,1876,1946,1825,1840,1708,1657,1900,1668,1768,1832,1708,1880,1823,1582,1813,1627,1900,1959,1900,1900,1582,1768,1560,1627,1760
1690,1575,1797,1766,2129,1482,1766,1766,1528,1719,1766,2073,1912,1872,1575,1457,2070,2096,1766,1657,1912,1788,1452,1528,1468,1575,2079,1501,1690,1657,1657,1946,1482,1468,1790,1575,1703,1790,1790,1657,1452,1808,1993,1910,1790,1501,2046,1912,1975,1910
1627,1629,1672,1920,2032,1703,1629,1706,1657,1627,1657,1874,1595,1900,1808,1657,1825,1790,1629,1984,1900,1768,1864,2070,1627,1889,1805,1947,1794,2149,1825,1900,1900,1805,1684,1790,1760,1984,1866,2162,1760,1790,2102,1760,1716,1920,1489,1794,1768,2020
1736,1790,1614,1394,1912,1841,1755,1297,1690,1766,1699,1797,1575,1501,1775,1946,1951,1744,1951,1528,1501,1797,1990,1766,1690,1946,2020,1394,1775,2015,1699,1766,1394,2133,1394,1914,1468,1501,1394,1911,1501,1718,1870,1468,1663,1690,1690,1965,1808,1790
1420,1900,1744,1931,1394,1768,1720,1794,1689,1888,1856,1768,1805,1550,1917,1318,1825,1689,1627,1900,1794,1684,1684,1942,1777,1794,1855,1744,1550,2020,1394,1958,1506,1625,1506,1804,1625,1672,1684,1394,1558,1420,1518,1684,1558,2050,1394,1318,1672,1804
1068,1501,1558,2113,1976,1699,1935,1501,1468,2059,1745,2080,1855,2080,1614,1458,1841,1632,1841,1827,1528,1297,1506,1955,1766,1620,2151,1501,1495,1690,1632,1767,1558,1690,1801,1632,1458,1495,1775,1558,1879,1767,1493,1394,2045,1614,1837,1491,1631,1951
1557,1506,1589,1359,2200,1931,1855,1805,1570,1632,1589,2111,1402,1570,1401,1420,1689,1755,1820,1558,1570,1633,1558,1558,2132,1768,1599,1420,1632,2050,1589,1558,1746,1768,1555,1633,1599,1402,1818,1684,1755,1632,1951,1755,1555,1625,1633,1632,1879,1719
1807,1475,1621,1339,1570,1700,1109,1632,1109,1297,1690,1701,1068,1738,1738,2200,1726,1068,1926,1621,1719,1701,1712,1738,1860,1558,1847,1458,1528,2069,1458,1746,1616,2064,1818,2059,1458,1712,1767,1597,1478,1823,1847,1712,1339,1297,1738,1597,1297,1621
1671,1768,1599,1544,1689,1700,1557,1730,1746,1689,1359,1914,1808,1808,1846,1839,1689,1847,1730,1690,1726,1930,2141,1730,1690,1689,1787,1746,1665,1506,1704,1665,1808,1846,1710,1689,1846,1789,1998,1788,1359,1720,1927,1557,1555,1401,1933,1632,1506,1589
1339,1478,1768,1632,1844,1616,1690,1930,1651,1528,1616,1556,1478,1618,1988,1601,1692,2169,1597,1979,1663,1297,1478,1888,1297,1297,1339,1692,1793,1601,1875,1297,1597,1954,1601,1692,1297,1762,1888,1109,1068,1954,1738,1632,1297,1746,1339,1692,1556,1427
1888,1359,1535,1690,1848,1470,1692,1670,1651,1670,1787,1556,1316,1556,1659,1689,1689,1699,1359,1690,1556,1692,1726,1706,1659,1674,1359,1690,1310,1401,1689,1901,1401,1699,1670,1991,1801,1700,1663,2064,1951,1692,1663,1670,1359,1576,1517,1537,1689,1895
1601,1663,1297,1607,1712,1481,1742,1616,1601,1772,1427,1769,1790,1607,1297,1663,1949,1670,1675,1755,1339,1639,1601,1109,1722,1616,1339,1991,1663,1601,1722,1537,1685,1297,1616,1616,1297,1755,1867,1616,1616,1751,1297,1297,1651,1657,1651,1670,1556,1711
1373,1607,1764,1576,1911,1373,1670,1535,1594,1624,1974,1517,1651,1556,1882,1639,1689,1501,1726,1974,1537,1446,1537,1359,2149,1501,1517,1359,1359,1690,1689,1651,1512,1689,1359,1993,1576,1359,1594,1634,1607,1772,1607,1824,1446,1670,1607,1559,1670,1670
1616,1957,1696,1483,1556,1651,1722,1616,1698,1677,1537,1996,1882,1607,1556,1511,1639,1573,1921,1483,1634,1616,2046,1616,1297,1639,1537,1722,1297,1657,1607,1573,1607,1297,1339,1297,1755,1677,1427,1772,1996,1616,1297,1511,1556,1772,1607,1750,1511,1898
1689,1362,1642,1882,1359,1614,1236,1654,1743,2002,1639,1359,1607,1359,1790,1928,1690,1639,1576,2050,1373,1562,1236,1811,1614,1607,1359,1535,1540,1556,1698,1614,1639,1446,1811,1839,1817,1769,1689,1576,1614,1639,1359,1689,1882,1832,1359,1839,1359,1755
1498,1639,1297,1866,2070,1773,1573,1722,1607,1772,1731,1635,1811,2139,1639,1339,1633,1616,1633,1498,1662,1817,1616,1805,1696,1339,2040,1790,1639,2139,1556,1722,1535,1427,1511,2153,1731,2139,1826,1511,1616,1882,1478,2098,1639,1722,1805,1916,1759,1535
1984,1534,1639,1724,1635,1899,1633,1896,1607,2027,1639,1607,1773,1576,1576,1787,1359,1690,2027,1498,1639,1576,1635,1796,1639,1730,1924,1359,1896,1977,1817,1535,1584,1658,1639,1772,1562,1743,2040,1747,1359,1790,2143,1642,1642,1633,1584,1359,1689,1811
1607,1858,1790,1599,1527,1527,1607,1616,1805,2025,1635,1633,1616,1573,1527,1686,1535,2095,1773,1527,1520,1832,1639,1790,1633,1607,1527,1790,1573,1344,1536,2210,2040,1297,2121,1616,1635,1563,1599,1616,1834,1832,1633,1428,1527,1817,1639,1730,1563,1834
1720,1527,1689,1689,1065,1633,1633,1905,1527,1556,1607,1688,1896,1812,1527,1527,1535,1607,1268,1688,1581,1556,1527,1639,1639,1722,1864,1635,1639,1791,1635,1875,2106,2027,1633,1790,1700,1757,1639,2122,1866,1482,1359,1757,1556,1607,1581,2027,1527,1527
1722,1875,1802,1573,1638,1616,1760,1639,1482,1527,1713,1527,1700,1953,1616,1523,1297,1527,1527,1633,1928,1523,1527,1573,1527,1876,1926,1387,1926,1535,1683,1573,1607,2022,1482,1683,1722,1428,1513,2114,1527,1648,1800,1182,1297,1787,1070,1633,1297,1616
1666,1596,1568,1880,1718,1556,1523,1527,1853,1909,1683,1634,1523,1359,1725,1428,1527,1683,1639,1651,1665,1482,1639,1607,1639,1639,1967,1700,1556,1700,1651,1683,1967,1802,2132,1787,1581,1689,1864,1651,1556,1641,1786,1527,1359,1902,1688,1556,1725,1773
1616,1638,1745,1573,1745,1773,1527,1573,1070,1669,1482,1182,1573,1905,1967,1573,1683,1523,1669,1644,1747,1648,1297,1573,1182,1773,1802,1573,1527,1876,1573,1070,1547,1669,1297,1996,1616,1805,1745,1722,1523,1700,1883,1674,1345,1651,1547,1573,1345,1638
1620,1523,1683,1694,1967,1527,1556,1944,1482,1639,1359,1527,1692,1882,1835,1694,1510,1767,1782,1674,1548,1675,1721,1881,1581,1568,1763,1523,1568,1639,2112,1835,1497,1639,1818,1639,1725,1720,1684,1639,1548,1675,1523,1568,2112,1523,1763,1639,1568,1944
1530,1629,1629,1881,1683,1182,1774,1881,1329,1329,1182,1954,2011,1722,1728,1070,2234,1729,1523,1573,1915,1070,1532,1573,1819,1527,2083,1648,1747,1523,2011,1771,1683,1736,1629,1484,1905,1659,1182,1658,1527,1530,2209,1329,1648,1847,1532,1573,1659,1573
2030,1821,1523,1639,2178,1881,1680,1774,1279,1680,1807,1639,1557,1680,1556,1821,1646,1527,1527,1725,2060,1683,1154,2264,1835,2019,1639,1639,1763,1639,1639,1497,1568,1835,1745,1763,1670,1548,1896,1838,1568,1497,2030,1902,1832,2270,1154,1154,1752,1639
1937,1835,1930,1070,1573,1838,1329,1896,1629,1835,1730,1530,1623,1329,1530,1329,1828,1552,1490,1722,1881,1767,1573,1545,2040,1339,1905,1905,1623,1730,1530,2055,1865,1683,1834,1694,2055,1838,1767,1329,1654,1552,1664,1767,1659,1654,1953,1573,1530,1070
1606,1710,2100,2060,1497,1494,1900,2076,1617,2094,2019,1850,1694,2160,1475,1849,1654,1865,1494,1639,1639,1497,1303,1900,2100,1245,1900,1881,1639,1603,1347,1617,1548,1680,1497,1654,1767,1494,1497,1639,1849,1639,1639,1497,1497,1717,1617,1823,1617,1475
1530,1835,1530,1730,1573,1587,1587,1530,1404,1623,1835,1642,1404,1617,1299,1540,1573,1573,1417,1530,1814,1530,1530,1730,1530,1767,1573,1530,1502,1510,1510,1835,1962,1530,1714,1835,1637,1835,1485,1636,1561,1642,1767,1617,1573,1843,1714,2053,1117,1530
1497,1560,1843,1948,1669,1930,1687,1497,1900,1900,1497,1617,1497,1582,1702,1639,1494,1900,1550,1630,1783,1426,1630,1423,1910,1497,1653,1570,1990,1913,1630,1497,1910,1582,1654,1767,1893,1838,1497,1589,1814,1494,1497,1423,1423,1654,1639,1587,1981,1557
1929,1510,1573,1954,1530,1709,1730,1730,2177,1608,1843,1759,1639,1530,1530,1573,1641,1855,1843,1550,1981,1530,1665,1566,1747,1608,1530,1759,1530,1530,1485,1665,1573,1857,1906,1530,1857,2127,1764,1641,1279,1940,1681,1530,1615,1653,1789,1623,1653,1608
1497,1789,1895,1497,1654,1886,1394,1497,1843,1697,1682,1639,1639,1595,1497,1808,1586,1497,1783,1653,1639,1693,1653,1497,1639,1653,1497,1582,1404,1637,1463,1633,1423,1463,1767,1497,1929,1639,1711,1756,1964,1560,1838,1933,1756,1653,1538,1502,1687,1843
1642,1576,1639,1530,2093,1530,1484,1764,1576,1516,1506,1759,1506,1586,1811,1506,1953,1566,1530,1688,1338,1530,1953,1808,1642,1808,1615,1516,1572,1607,1716,1886,2080,1843,1530,1530,1639,1635,1539,1530,1573,1566,1927,1279,1615,1717,1864,1287,1607,1530
1497,1808,1886,1423,1607,1618,1423,1502,1566,1716,1642,1394,1639,1571,1805,1708,1497,2237,1817,1927,1705,1502,1637,1658,1642,1607,1572,1497,1607,1497,1497,1497,1497,1566,1895,1423,1639,1711,1700,1705,1678,1687,1817,2005,1586,1817,1805,1846,1805,1701
1506,1530,1808,1484,1536,1506,1573,1530,1642,1506,1374,1780,1530,1641,2028,1530,1607,1641,1506,1635,1705,1979,1374,1506,1573,1573,1982,1635,1992,1566,1530,1352,1639,1530,1352,1678,1800,1374,1530,1922,1573,2011,1501,1467,1607,1646,1982,1566,1730,1800
1437,1090,1741,1639,1590,1590,1952,1716,1798,1692,1090,1805,1658,1497,1700,1607,1639,1571,1692,1638,1637,1590,1716,1590,1497,1929,1869,1497,1639,2118,1805,1594,1817,1817,1566,1700,1513,2360,1789,1639,1090,1853,1952,1637,1654,1678,1502,1607,1497,1798
1439,1439,1573,1952,1530,1594,1510,1986,1493,1741,1415,1501,1374,1409,1722,1573,1741,1530,1374,1608,1530,1952,1883,1744,1595,1530,1681,1507,1507,1800,1827,1608,1415,1468,1667,1681,1374,1374,1374,1484,1530,1853,1157,1800,1374,1374,1530,1510,1716,1530
1497,1617,2103,1708,1831,1497,1497,1608,1532,1497,1659,1594,1497,1659,1659,1741,1639,1590,1796,1763,1590,1532,1853,1639,1493,1738,1722,1617,1910,1308,1738,1310,1195,1792,1497,1090,1497,1195,1310,1310,1659,1617,2103,1310,1659,1497,1590,1910,1700,1590
1530,1611,1853,1744,1776,1726,1707,1594,1545,1530,1593,1530,1831,1530,1929,1415,1530,1603,1722,1790,2119,1594,1530,1532,1545,1722,1415,1929,1374,1530,1573,1603,1616,1870,1573,1960,1738,1385,1415,1525,1707,1507,1532,1744,1219,1726,1525,1603,1616,1800
1910,1645,1531,1598,1497,1259,1598,1626,1755,1769,1611,1771,1497,1639,1497,1327,1755,1589,1589,1910,1259,1090,1594,1259,1497,1590,1645,1497,1777,1497,1831,1704,1532,1497,1870,1684,1497,1589,1603,1533,1532,1678,1894,1533,1770,1195,1926,1769,1497,1678
1517,1530,1530,1548,1532,1301,1545,1532,1821,1517,1594,1532,1545,1507,1539,1530,1525,1934,1696,1696,1573,1533,1627,1425,2116,1689,1415,1374,1884,1425,1415,1884,1525,1530,1678,1525,1525,1545,1977,1387,1554,1337,1530,1530,2088,1425,1857,1704,1530,1533
1090,1090,1090,1186,1532,1639,1532,1589,1460,1532,1497,1259,1533,1690,1532,1696,1545,1765,1461,1497,1545,1699,1581,1934,1936,1200,1672,1497,1581,1545,1589,1748,1258,1842,1589,1258,1894,1258,1090,1493,1747,1532,1497,1493,1532,1258,1934,1497,1200,1765
1387,1525,1533,1684,1727,1772,1788,1772,1493,1629,2010,1415,1530,1493,1415,1893,1415,1533,2097,1532,1629,1493,1532,1530,1629,1648,1561,1772,1977,1561,1344,1415,1530,1554,1727,1344,1525,1648,1530,1530,1460,1525,1674,1530,2114,1530,1415,1532,1530,1788
1753,1493,1489,1561,1200,1497,1258,1768,1497,1590,2001,1493,1497,1674,1090,1545,1679,1532,1589,1693,1493,1674,1497,1090,1674,1730,1727,1546,1533,1861,1753,1630,1460,1674,1674,1518,1497,1678,1590,1497,1493,1460,1090,1090,1532,1258,1493,1493,1515,1590
1493,1626,1530,1852,1753,1653,1639,1530,1704,1745,1704,1530,1493,1727,1541,1541,2023,1530,1421,1530,1699,1635,1387,1493,1415,1627,1387,1802,1493,1772,1493,1326,1772,1341,1387,1810,1493,1466,1466,1530,1497,1729,1387,1557,1772,1530,1598,1627,1415,1530
1518,1739,1200,1497,2001,1090,1493,1937,1466,1497,1721,1768,1721,1873,1200,1493,1497,1411,1090,1489,1493,1460,1937,1956,1497,1590,1767,1819,1497,1727,1552,1264,1797,1560,1497,1501,1879,2001,1819,1730,1699,2278,1635,1956,1411,1466,1540,1682,1682,1684
1589,1415,1885,1460,1493,1530,1850,1530,1672,1460,1541,1530,1466,1466,1415,1415,1421,1589,1387,1498,1460,1530,1530,1445,1560,1810,1828,1387,1699,1493,1397,1766,1415,1793,1530,1415,1445,1672,1937,1498,1871,1936,1727,1493,1719,1415,1557,1653,1719,1493
1090,1497,1411,1489,1741,1411,1518,1495,1585,1585,1497,1552,1585,1602,1689,1622,1866,1493,1090,1709,1622,1634,1721,1784,1898,1497,1689,1622,1700,1466,1727,1602,1497,1585,1552,1898,1494,1518,1560,1460,1497,1493,1411,1622,1601,1493,1090,1821,1602,1634
1530,1530,1493,1862,1397,1493,1863,1672,1557,1415,1397,1780,2081,1659,1585,1397,1530,1724,1397,1530,1752,1494,1387,1560,1415,1530,1601,1815,1494,1415,1530,1530,1756,1493,1813,1928,1494,1460,1850,1557,1657,1557,1813,1589,1560,1897,1560,1421,1497,1493
1518,1497,1833,1506,1090,1602,1090,1552,1574,1497,1622,1518,1497,1585,1953,1090,1560,1866,1578,1756,1601,1560,1497,1460,1574,1856,1493,1497,1497,1601,1752,1630,1493,1540,1457,1630,1602,1630,1457,1493,1602,1726,1457,1430,1436,1497,1752,1436,1497,1493
1546,1530,1415,1856,1680,1482,1415,1530,1600,1765,1862,1493,1530,1530,1585,1397,1700,1812,1879,1530,1493,1585,1590,1585,1529,1415,1585,1738,1522,1538,1546,1397,1493,1692,1397,1646,1530,1908,1415,1497,1585,1574,1710,1738,1421,1557,1580,1336,1700,1700
1644,1663,1614,1788,1788,1602,1426,1436,1590,1590,1760,1499,1493,1927,1590,1602,1090,1487,1789,1415,1548,1416,1506,1493,1908,1578,1430,1548,1590,1749,1552,1430,1497,1747,1546,1590,1602,1090,1835,1430,1630,1552,1585,1747,1644,1090,1197,1436,1090,1511
1397,1340,1590,1214,1415,1497,1397,1535,1405,1421,1532,1729,1717,1543,1646,1535,1717,1497,1622,1421,1397,1656,1859,1543,1481,1585,1622,1535,1530,1397,1214,1695,1604,1590,1604,1651,2009,1397,1421,1671,1949,1604,1509,1646,1671,1642,1509,1590,1729,1415
1671,1578,1379,1713,1644,1602,1283,1260,1552,1602,1602,1847,1552,1547,1602,1287,2186,1552,1426,1552,1592,1602,1090,1671,1546,2050,1602,1602,1090,1548,1552,1547,1602,1883,1592,1430,1622,1547,1287,1430,1602,1379,1283,1592,1379,1622,1283,1708,1682,1531
1837,1430,1716,1415,1721,1775,1748,1543,1717,1940,1790,1397,1671,1430,1651,2060,1442,1847,1554,1671,1497,1489,1397,1814,1430,1646,1397,1497,1784,1516,1751,1421,1869,1397,1646,1704,1397,1421,1421,1518,1397,1421,1847,1578,1489,1532,1525,1214,1716,1421
1644,1521,1790,1733,1602,1478,1548,1552,1733,1430,1417,2142,1283,1602,1552,1525,1646,1547,2052,1602,1602,1602,1594,1983,1640,1552,1640,1602,1682,1602,1560,1260,1891,1602,1640,1260,1283,1741,1547,1602,1478,1787,1478,1741,1671,1771,1521,1478,1578,2070
1421,1800,1522,1680,1820,1537,1620,1522,1522,1421,1991,1522,1569,1421,1671,1848,2349,1516,1741,1397,1620,1489,1620,1717,1429,2070,1742,1489,1505,1516,1640,1397,1636,1826,1646,1522,1640,1646,1717,1710,1569,1640,1525,1397,1397,1452,1640,1657,1397,1397
1560,1950,1613,1525,1602,1866,1478,1283,1465,1654,1851,1521,1580,1430,1655,1828,1722,1478,1430,1398,1478,1478,2068,1465,1640,1742,1866,1602,1580,1521,1545,1552,1594,1916,1746,1711,1521,1478,1581,1588,1521,1478,1671,1430,1602,1521,1999,1465,1283,1657
1742,1904,1397,1569,1825,1522,1491,1742,1489,1762,1659,1480,1516,1516,1480,1705,1491,1397,1489,1742,1722,1587,1659,1625,1398,1625,1489,1716,1569,1657,1640,2185,1762,1491,1460,1620,1516,1522,1659,1620,1855,1881,1640,1397,1655,1698,1655,1569,1640,1772
1580,1705,1625,1600,1625,1521,1695,1521,1625,1747,1824,1594,1828,1655,1747,1537,1948,1670,1795,1537,1521,1640,1283,1644,1521,1625,1795,2185,1640,1625,1537,1521,1478,1798,1724,1644,1465,1625,1478,1880,1636,1465,1705,1655,1625,1521,1655,1283,1971,1880
1489,1341,1640,1573,1625,1485,1491,1824,1824,1842,1974,1629,2074,1625,1518,1491,2092,1798,1655,1491,1629,1625,1620,1785,1489,1866,1716,1625,1742,1909,1835,1640,1625,1480,1663,1868,1655,1489,1804,1804,2092,1414,1332,1774,1516,1494,1620,1620,1485,1659
1623,1810,1625,1625,1640,1651,1625,2159,1839,1839,1647,1779,1913,1625,1625,1654,1810,1640,1717,1655,2133,1732,1885,1798,1779,1804,1521,1824,1764,1640,1795,1824,1521,1640,1751,1546,1625,1578,1774,1521,2124,1687,1655,2124,1824,1640,1589,2124,1663,1521
1489,1824,1804,1642,1888,1858,1954,1628,1835,1954,1685,2159,1640,1489,1489,1829,1829,1489,1625,1835,1583,2072,1587,1640,1489,1625,1274,1489,1770,2186,1911,1625,1779,1798,1489,1625,1770,1891,1640,1839,1839,1895,1798,1640,1829,1625,1663,1866,1274,2072
1524,1521,1587,1839,1640,1625,1402,1804,1626,2066,1625,1693,1366,1674,1674,1693,1813,1663,1521,1625,1999,1902,1625,1902,1521,1958,1835,1625,2076,1625,1958,1366,2071,1647,1640,1521,1813,1868,1777,1587,1523,1521,1402,1776,1848,1523,1366,1640,1625,1770
1757,1274,1489,1625,1640,1665,1660,1625,1685,1941,1814,1701,1625,1625,2027,1898,1744,1523,1274,2105,1707,1731,1926,1274,2105,1625,1829,2076,1926,1512,1674,1626,1274,1833,1626,1814,1594,1839,1489,1523,1274,1489,1911,1640,1679,1665,1625,1977,1559,1625
1926,1864,1554,1283,1554,1640,1521,1873,1523,1885,1633,1402,1584,1625,1521,1521,1693,1847,1926,1640,1693,1521,1864,1418,1839,1977,1977,1769,1980,1660,1554,1893,1523,1893,1625,1647,1873,1541,1980,1693,1633,1625,1565,1584,1521,1660,1685,1960,1854,1625
1489,1625,2009,1274,1752,1274,1825,1873,1832,1756,1274,1891,1660,1725,1625,1489,1776,1274,1512,1750,1523,1685,1551,1998,1642,1926,1644,1864,1625,1701,1559,1512,1489,1769,1873,1523,1489,1523,1926,1685,1582,1512,1873,1825,1611,1701,1640,1756,1640,1512
1521,1625,1647,1521,1554,1827,1521,1647,1790,1565,1725,1640,1521,1402,1625,1647,1799,1790,1873,1725,1664,1554,1523,1821,1554,1616,1821,1799,1918,1912,1873,1565,1521,1633,1565,1640,1402,2019,1640,1693,1790,1825,1633,1693,1821,1943,1590,1693,1647,1554
1274,1863,1543,1274,1489,1512,1625,1640,1701,1640,1590,1811,1990,1644,1274,1512,1543,1512,1489,1619,1825,1489,1274,1543,1701,1625,1590,1640,1625,1464,1943,1464,1464,1274,1806,1512,2042,1523,1943,1274,1814,1825,1464,1825,1640,1489,1640,1640,1489,1489
1625,1402,1742,1698,1402,1685,1719,1402,1693,1521,1521,1640,1625,1543,1576,1772,1779,1640,1402,1837,1521,1719,1625,1973,1640,1521,1590,1742,1402,1885,1777,1693,1554,1521,1863,1625,1691,1818,1429,1554,1429,2062,1565,1693,1717,1781,1576,1640,1693,1429
1512,1739,1853,1852,1762,1481,1701,1759,1274,1814,1481,1762,1643,1591,1512,1701,1701,1697,1701,1587,1590,1852,1625,1629,1701,1590,1564,1512,1752,1625,1482,1858,1482,1640,1625,1564,1274,1625,1640,1772,1464,1941,1543,1779,1481,1625,1640,1973,1719,1772
1543,1853,1554,1600,1697,1625,1428,1700,1611,1724,1554,1853,1762,1941,1862,1615,1878,1615,1700,1700,1402,1665,1535,1681,1270,1402,1648,1554,1402,1681,1642,1543,1590,1512,1640,1965,1848,1848,1700,1554,1648,1681,1429,1535,1719,1512,1512,1402,1572,1625
1512,1590,1543,1697,1697,1511,1697,1587,1834,1681,1701,1582,1736,1767,1812,1511,1512,1834,1681,1512,1615,1512,1629,1502,1612,1784,1477,1620,1767,1512,1681,1511,1762,1564,1714,1965,1853,1611,1781,1600,1689,1714,1853,1640,1620,1681,1543,1564,1564,1600
1512,1233,1714,1681,1648,1620,1697,1784,1665,1745,1972,1807,1554,1402,1630,1851,1600,1681,1331,1731,1714,1255,1731,1714,1331,1693,1554,1255,1781,1667,1693,1693,1700,1554,1689,1572,1851,1543,1665,1617,1745,1784,1736,1554,1600,1709,1781,1898,1402,1590
1767,1255,1532,1793,1587,1697,1626,1512,1209,1714,1512,1859,1784,1512,1890,1770,1255,1507,1736,1454,1859,1697,2027,1689,1866,1632,1786,1969,1845,1861,1209,1454,1620,1728,1587,1582,1681,1671,1268,2002,1766,1767,2009,1209,1728,1701,1502,1697,1838,1512
1770,1554,2047,1448,1331,1458,1448,1255,1648,1543,1402,1448,1697,1648,1458,2093,1735,1554,1770,1620,1255,1616,1302,2006,2057,1512,1714,1600,2032,1697,1710,2006,1431,1662,2006,1786,1458,1786,1665,1448,2006,1431,1630,1600,1307,1681,1830,1662,2153,1784
1255,1512,1697,1209,1600,1752,1860,1891,1597,1209,1823,1746,1718,1941,1718,1921,1209,2027,1823,1752,1660,2048,1209,1660,2005,1850,1823,1786,1746,1885,1620,1626,1620,1702,1665,1732,1448,1767,1512,1906,1660,1492,2032,1726,2089,1209,1255,1746,2027,1718
1832,1775,1820,1674,1448,1701,1850,1448,1646,1746,1431,1448,2070,1820,1886,1255,1448,1850,1620,1888,1600,1331,1431,1431,1255,1850,1763,1665,1701,1674,1447,1786,1921,1448,1795,1886,1786,1662,1431,1447,1543,1701,1701,1648,1448,1523,1930,1448,1448,1732
1744,1209,1694,1921,1660,1209,1593,1703,1209,1797,1597,1958,1746,1732,1683,1209,1850,1974,1631,1775,1660,1744,1817,1873,1620,1209,1633,1209,1890,1580,1755,1885,1209,1744,1920,1209,1209,1620,1620,1209,1766,1714,1850,1209,1209,2058,1523,1767,1873,1631
1681,2268,1620,1860,1860,1772,1877,1448,1448,1448,1448,1448,1674,1431,1754,1680,1448,1772,1860,1448,1653,1803,1873,1525,1448,1839,1795,1710,1448,1620,1448,1448,1759,1710,1448,1620,1839,1448,1797,1732,1887,1839,1448,1523,1448,1943,1284,2183,1447,1431
2072,1873,2151,1679,1209,1769,1209,1641,1209,1525,1757,1936,1744,1934,1523,1209,1744,1209,1209,1209,1209,1936,1523,1873,1540,1797,1730,1447,1540,1509,1209,1723,1594,1797,1772,1209,1936,1873,1447,1641,1620,1620,1209,1680,1694,1712,1660,1209,1209,1209
1803,2156,1448,1790,1448,1576,1641,1796,1860,1674,1448,1448,1448,1684,1730,1448,1284,1684,1796,1448,2077,2006,1431,1448,1431,1448,1448,1416,1738,1448,1448,1448,1777,1641,1759,1920,1620,1448,1642,1641,1413,1684,1546,1523,1624,1777,1759,1448,1641,1620
1209,1209,1590,1660,1765,1519,1643,1651,1209,1616,1209,1209,1504,1806,1827,1712,1796,1769,1676,1740,1561,1209,1620,1579,1760,1806,1591,1864,1668,1209,1641,1209,1594,1590,1209,1294,1209,1209,1209,1209,1545,1660,1590,1620,1209,1579,1620,2077,1694,1806
1651,1651,1770,1272,1636,1348,1788,1386,1620,1272,1687,1535,1624,1373,1416,1684,1651,1818,1755,1624,1387,1448,1878,1387,1760,1554,1416,1348,1546,1445,1636,1245,1738,1554,1445,1619,1939,1755,1546,1448,1770,1630,1651,1554,1448,1387,1448,1448,1448,1387
1788,1817,1788,1461,1280,1561,1294,1515,1294,1482,1761,1386,1386,1760,1120,1209,1750,1847,1386,1209,1756,1537,1535,1209,1515,1870,1535,1765,1556,1651,1556,2147,1787,1791,1209,1687,1963,1556,1788,1209,1721,1209,1209,1683,1386,1294,1568,1561,1515,1750
1476,1721,1245,1448,1245,1755,1869,1245,2016,1080,1766,1636,1721,1604,1448,1448,1420,1659,1420,1859,1245,1666,1788,1821,1936,1245,1821,1245,1666,1448,1629,1387,1859,1387,1272,1416,2016,1666,1387,1788,1448,1348,1755,1448,1636,1273,1420,1636,1859,2193
1386,1659,1863,1209,1721,1863,1460,1683,1294,1209,1294,2075,1788,1209,1386,1451,1744,2147,1556,1762,1972,1209,1803,1811,1451,1776,1556,1847,1294,1556,1209,1209,1556,1386,1386,1444,1818,1659,1721,1556,1983,1209,1556,1900,1791,2154,1508,1722,2112,2121
1465,1245,1448,1245,1636,1390,1387,1420,1420,1409,1760,1820,1448,1737,1779,1659,1821,1762,1387,1273,1589,1448,1273,1589,1589,1387,1245,1387,1448,1589,1659,1448,1821,1864,1821,1420,1877,1390,1245,1821,1245,1448,1788,2044,1737,1700,1636,1751,1883,1448
1294,1508,1365,1578,1386,1460,1680,1630,1772,1575,1209,1556,1775,1209,1762,1578,1270,1261,1674,1460,1878,1451,1261,1556,1893,1606,1986,1508,1772,1460,1863,1682,1460,1632,1792,1508,1451,1209,1578,1178,1548,1548,1209,1712,1775,1209,1556,1606,1863,1508
1552,1245,1741,1273,1420,1578,1212,1821,1741,1741,1245,1273,1785,1749,1824,1564,2075,1798,1931,1556,1572,1623,1614,1723,1775,1623,1623,1662,1834,1931,1715,1741,1245,1950,1824,1387,1421,1824,1723,1578,1273,1390,1273,1448,1700,1465,1273,1420,1245,1421
1556,1676,1825,1681,1508,1508,1723,1460,1698,1772,1629,1521,1221,1558,1925,1521,1771,1650,1650,1896,1521,1545,1556,1786,1508,1963,1771,1682,1723,1871,1676,1209,1221,1909,1578,1909,1193,1578,1685,1825,1628,1578,1221,1578,1614,1556,1270,1460,1871,1793
1848,2066,1871,2066,1490,1328,1726,1642,1930,1273,1642,1490,1245,1245,1448,1681,1743,1703,1723,1700,1328,1745,1578,1578,1420,1738,1578,1623,1448,1738,1726,1245,1840,1245,1716,1328,1328,1578,1948,1638,1902,1745,1628,1716,1578,1631,1420,1726,1500,1273
1791,1404,1270,1556,1283,1556,1772,1640,1508,1508,1578,1869,1689,1849,1819,1578,1689,1460,1902,1636,1460,1443,1508,1462,1199,1556,1443,1460,1795,1443,1508,1578,1664,1508,1283,1545,1508,1790,1578,1925,1578,1664,1636,1869,1828,1772,1791,1721,1615,1867
1642,2000,1273,1900,1384,1700,1245,1383,1658,1678,1504,1658,1770,1639,1388,1642,1273,1245,1847,1849,1646,1639,1642,1925,1495,1527,1845,1664,1273,1664,1565,1678,1700,1639,1639,1328,1273,1770,1383,1388,1642,1866,1639,1273,1700,1504,1678,1273,2231,1388
1617,1713,1712,1664,1953,1640,1657,1692,1664,1404,1556,1445,1565,1912,1608,1801,1383,1678,1664,1678,1770,1508,1453,1925,1727,1508,1667,1678,1443,1772,1836,2118,1748,1508,1791,1453,1770,1739,1453,1692,1383,1404,1608,1556,1383,1443,1508,1742,1742,1888
1825,1384,1527,1953,1656,1847,1273,1678,1866,1273,1800,1637,1245,1383,1886,1383,1800,1770,1383,1787,1801,1341,1504,1835,1328,1678,1407,1703,1739,1273,2119,1527,1740,1639,1384,1407,1504,1592,1601,1800,1273,1664,1384,1648,1900,1328,1700,1789,1664,1383
1617,1596,1560,1183,1508,1560,1953,1341,1886,1590,1648,1342,1404,1747,1508,1664,1593,1613,1772,1667,1912,1429,1588,1596,1953,1571,1556,1742,1404,2072,1772,1900,1588,1590,1596,1673,1835,1508,1912,1663,1478,1629,1383,1835,1748,1383,1429,1742,1678,1404
2023,1887,1670,1639,1670,1314,1592,1934,1887,1592,1678,1341,1890,1383,1742,1636,1532,2072,1564,2072,1319,1319,1498,1677,1812,1527,1909,1586,1554,1407,1407,1383,1677,1847,1407,1273,1700,1595,1934,1732,1809,1333,1407,1670,1527,1670,1700,1786,1333,1636
1886,1404,1772,1598,1429,1595,1749,1383,1936,1590,1540,1835,1678,1853,1404,1772,1927,1596,1585,1835,1732,1799,1540,1812,1927,1793,1729,2164,1571,1912,1663,1596,1724,1429,1740,1912,1404,1678,1508,1786,2072,1383,1845,1729,1845,1732,1593,1783,1622,1853
1516,1732,1868,1595,983,1900,1515,1963,1636,1868,1458,1716,1319,1467,1515,1677,1636,1527,1407,983,1830,1440,1527,1304,1890,1677,1319,1532,1586,1407,1341,1383,1700,1899,1554,1853,1677,1678,1458,1636,1636,1532,1717,1440,1527,1732,1383,1151,983,1636
1716,1429,1515,1684,1813,1808,1605,1972,1808,1684,1404,1879,1580,1716,1847,1530,1894,1740,1829,1732,1389,1717,1389,1791,1886,1404,1429,1696,1716,1802,1843,1772,1829,1886,1429,1389,1595,1740,1540,1930,1813,1972,1830,1404,1429,1404,1717,1894,1389,1389
1791,1636,983,1515,1830,983,1684,1791,1636,2004,1151,1595,1527,1616,983,1866,1472,1424,1636,1595,1782,1791,1676,1440,1474,1899,1866,1868,1151,1684,1636,1472,983,983,1899,2075,983,1149,1440,1972,1595,1923,1684,1527,1843,1119,1151,1440,983,1718
1512,2023,1605,1595,1663,1429,1389,1605,1329,1429,1092,1484,1329,1329,1972,1389,1595,1389,1389,1416,1771,1570,1424,1791,1389,1684,1484,1896,1771,1424,1849,1404,1389,1789,1429,1570,1848,1789,1329,1484,1898,1952,1416,2049,1771,1605,1389,1305,1826,1789
1480,1680,1849,1791,1595,1119,1119,983,1727,1445,1966,1644,1803,983,983,1472,1866,1445,1934,1684,1803,1861,1472,1424,1901,1680,1849,1583,1782,1194,1536,1472,1194,1659,1935,1740,1876,1445,983,983,1924,1595,1644,1903,1636,1536,1595,1598,1119,1480
1595,1472,1092,1329,1416,1595,1595,1283,1659,1536,1472,1536,1418,1389,1484,2082,1754,2008,1389,1852,1860,1416,1283,1771,1860,1536,1389,1210,1536,1389,1536,1659,1570,1416,1939,1233,1472,1982,1528,1570,1536,1283,1389,1847,1938,2158,1389,1924,1595,2250
1803,1524,1901,1881,1860,1785,1644,1582,1595,1661,1718,1785,1803,1693,1452,1644,1863,1480,1733,1595,1733,983,1595,2034,1653,983,1444,983,1644,1644,1644,1524,983,1331,1444,983,1847,983,1480,1331,1901,1480,983,1352,1863,1586,1798,1644,1881,1595
1217,1584,958,1688,1217,1525,1389,1863,1595,1509,1416,1595,1444,1416,1931,1585,1882,1161,1400,1217,1595,1656,1845,1585,1312,1798,1718,1217,1400,1946,958,1571,1452,1509,1161,1416,1863,1733,1839,1737,1416,1357,1452,1283,1161,1798,1584,1429,2163,1283
1161,1803,1863,1444,1331,1635,938,1362,1931,1452,938,1434,1331,1653,1161,1362,1415,1882,1141,1352,1525,1595,1456,1456,1392,1352,1331,1020,1665,1524,938,938,1585,1966,1141,1789,1331,1733,1571,1821,1955,1571,1434,1161,1452,1141,938,938,1821,1571
1561,1646,1510,1283,1300,958,1217,1361,1885,1063,1348,1161,1510,1265,1571,1444,1217,1161,1361,1237,1300,2076,1161,1424,1998,1265,1863,1444,1300,1444,1300,1283,1161,1434,1863,1509,1463,1863,1300,1821,1863,1885,1584,1584,1352,958,1063,1771,1612,1509
2076,1619,1619,1141,1635,1418,1752,1635,2021,1161,1863,1141,1741,1161,1391,1083,1796,1444,1161,1618,1444,1352,1929,1356,1350,1161,1392,1804,1147,1651,1863,1141,1651,1141,1510,1619,1444,1635,1083,1356,1821,1669,1510,1053,1808,1881,1331,1863,1510,1619
1473,1361,1365,1300,1800,1161,1510,1217,1444,1473,1300,1361,1444,1350,1356,1350,1509,2290,1284,1361,1403,1161,1800,1365,1510,1300,1600,1356,1365,1161,1161,1863,1284,1217,1429,1217,1365,1361,1586,1822,1161,1356,1509,1300,1161,1283,1577,1411,1655,1615
1656,1541,1615,1147,1147,1147,1464,1392,1083,1350,1619,1352,1540,1598,1141,1510,1308,1083,1478,1392,1392,1499,1510,1392,1619,1392,1161,1572,1892,1083,1654,1141,1147,1147,1474,1356,1635,1141,1510,1083,1147,1243,1636,1612,1600,1356,1243,1829,1392,1463
1284,1277,1865,1284,1217,1277,1496,1217,1356,1203,1217,1940,1277,1607,1161,1284,1284,1284,1203,1515,1284,1361,1365,1573,1546,1521,1217,1660,1208,1743,1365,1217,1510,1654,1217,1454,1284,1217,1600,1954,1161,1356,1506,1365,1510,2001,1510,1217,1716,1284
1472,1454,1739,1360,1083,1536,1392,1790,1392,1147,1685,1949,1392,1147,1608,1392,1360,1792,1960,1757,1510,1472,1477,1251,1392,1651,1147,1083,1392,1083,1365,1757,1781,1477,1392,1598,1608,1392,1147,1147,1715,1572,1083,1356,1147,1572,1442,1600,1743,1498
1757,1454,1161,1284,1284,1217,1217,1356,2021,1365,1217,1217,1217,1454,1365,1217,1583,1590,1660,1217,1217,2072,1284,1284,1203,1217,1185,1600,1365,2072,1786,1509,1573,1280,1600,1403,1284,1217,1583,1393,1185,1708,1590,1477,1217,1477,1217,1217,1814,1960
1769,1652,1555,1786,1310,1550,1392,1600,2072,1661,1539,1083,1063,1550,2436,1505,1392,1454,1083,1869,2025,1716,1083,1757,1600,1251,1470,1382,1307,1356,1356,1583,1802,1472,1536,1360,1063,1392,1310,1180,1392,1147,1392,1392,1802,1335,1848,1307,1470,1470
1365,1540,1186,1786,1716,1274,1203,1469,1433,1274,1683,1758,1203,1844,1217,1542,1540,1977,1590,1126,1186,1186,1540,2354,1719,1217,1186,1542,1284,1977,1594,1677,1509,1103,1186,1126,1217,1356,1350,1480,1600,1438,1365,1331,1454,1103,1484,1217,1542,1598
1405,1368,1489,1392,1291,1392,1307,941,1063,1436,1392,1454,1540,1913,1307,1749,1540,1600,1147,1356,1484,1405,1805,1063,1083,2106,1180,1454,1392,1739,1659,1310,1063,1180,1405,1782,1489,941,2125,1050,1251,1063,1683,1360,1768,1450,1083,1913,1291,1540
1103,1240,1741,1643,1203,1194,1995,1683,1727,1284,1540,1480,1217,1489,1480,1676,1356,1715,1683,1103,1480,2067,1365,1540,1103,1103,1502,1217,1375,1493,1598,1454,1292,1952,1540,1103,1156,1904,1103,1643,1354,1710,1354,1469,1506,1524,1194,1354,1186,1643
1405,1567,1567,2048,1307,1433,1921,1694,1952,1991,1356,1358,1828,1405,1375,1358,1392,1683,1291,2074,1782,1790,1358,1405,1489,1974,2048,1683,1307,1291,1083,1405,1251,1904,1358,1659,1392,1921,1405,1307,1694,1063,1291,1974,1405,1251,1405,2137,1567,1567
2111,1613,1497,1704,1802,2001,1480,1643,1683,948,1613,2001,1480,1480,1041,1560,2001,2001,1917,2174,1203,1959,1769,1488,1643,1103,1497,1643,1455,1103,1103,2289,1480,1856,1469,1497,2017,1661,1103,1217,1103,1217,1497,1469,1103,1354,1553,1455,2170,1203
1358,1485,2311,1602,1518,1472,2092,1921,1485,1291,1611,1485,1372,1372,1251,1405,2312,1921,1251,1358,1748,1448,769,1099,1683,1611,1405,1251,1448,1532,1485,1518,1358,1485,1405,1460,1291,1358,1419,1602,1532,1901,1532,1358,1696,2106,1768,1291,2088,1901
1103,1375,1442,1206,1544,910,1488,1455,1442,1602,1203,1497,1485,1460,1485,1539,1455,1455,2051,1590,1522,1287,1103,1820,1375,1820,1949,1683,1531,1206,2001,1649,1506,1103,1535,1813,1643,1103,1488,1769,910,1369,2372,1643,1745,1676,2029,1369,1544,1709
1477,1972,1649,1374,1042,1042,1983,1299,1460,1713,1358,1291,1288,1697,1518,1590,1558,1602,1813,1713,1291,1745,1677,1611,1590,1532,1477,1405,1532,1477,1683,1332,1769,1664,1602,1299,1291,1518,2050,1590,1251,1291,1374,1153,1299,1358,1959,1738,1374,1288
1820,1763,1469,1524,1497,1568,1910,1287,1711,1639,1464,1643,1813,1544,1531,1287,1512,1622,1652,1325,1495,1680,1705,1488,1643,1593,1469,1643,2037,1469,1680,1920,1820,1631,1495,1103,1769,1631,1917,1464,1643,1609,1820,1643,1512,1455,1103,1375,1375,1639
1374,1533,1533,1374,2046,1299,1858,1667,1342,1601,1686,1620,1342,1042,1824,1532,1850,1304,1273,1358,1042,1643,1042,1680,1304,1291,1533,1686,1267,1920,1533,1042,1680,1291,1590,1267,1273,1291,1518,1533,1405,1291,1291,1291,1267,1858,1652,1532,1299,1304
1761,1863,1491,1553,1103,1387,1761,1577,1600,1464,1751,1497,1577,1854,1667,1577,1654,1529,1387,1524,1337,1524,1387,1713,1529,1643,1654,1764,1577,1761,1337,1643,1469,1577,1643,1764,1469,1631,1577,1748,1469,1524,1480,1387,1469,1654,1529,1469,1480,1748
1267,1643,1732,1626,1491,1818,1752,1620,1593,1480,1679,1104,1789,1042,1511,1273,2056,1042,1643,1680,1273,1179,1679,1291,1291,1456,1042,1533,1533,1273,1667,1304,1880,1042,1732,1679,1679,2452,1752,1042,1667,1273,1042,1538,1511,1104,1267,1450,1532,1267
1643,1668,1751,1574,1456,1572,1802,1577,1752,2148,1529,1389,1529,1119,1513,1948,1761,1761,1826,1572,1529,2048,1529,1668,1577,1654,1480,1577,1631,1654,1761,1469,1577,1529,1751,1868,1529,1577,1643,1761,1574,1574,2048,1513,1529,1513,1491,1529,1574,1469
1491,1533,1449,1273,1574,1668,1871,1392,1679,1700,1635,1718,1427,1996,1273,1267,1273,1398,1572,1042,1635,1567,1337,1392,1679,1267,1544,1679,1042,1337,1915,1533,1392,1491,1574,1450,1574,1273,1533,1533,1863,1533,1700,1863,1572,1679,1427,1273,1679,1669
1529,1732,1651,1621,1572,1437,1392,1577,1469,1577,1577,1529,1682,1621,1795,1392,1764,1761,1491,1469,1392,1742,1810,1574,1826,2126,1764,1654,1795,1550,1545,1572,1469,1529,1529,1574,1529,1392,1513,1863,1862,1953,1894,1472,1761,1654,1577,1448,1621,1526
1533,1679,1883,1337,1242,1678,1449,1592,1392,1533,1533,1679,1484,1679,1242,1533,1392,1393,1953,1042,1450,1533,1042,1838,1667,1679,1851,1042,1392,1392,1912,1667,1491,1532,1600,1339,1719,1339,1679,1532,1600,1572,1393,1449,2126,1669,1392,1912,1533,1678
1392,1469,1529,1392,1392,1742,1096,1529,1577,1572,1469,1838,1468,1469,1535,1392,1337,1337,1819,1912,1529,1259,1648,2062,1392,1392,1535,1427,1838,1631,1545,1530,2052,1529,1670,1275,2025,1838,1529,1529,1259,1904,1203,1392,1904,1535,1526,1392,1545,1392
1774,1835,1392,1434,1410,1392,1579,1434,1084,1363,1045,1084,1654,1615,1337,1417,1679,1042,1758,1392,1392,1392,1242,1392,1579,1363,1863,1679,1615,1042,2052,1615,1392,1363,1408,1509,1924,1242,1708,1679,1679,1838,1572,1410,1548,1531,1679,1827,1042,1692
1203,1408,1248,1823,1605,1537,1392,1529,1408,1529,1859,1520,1893,2142,1203,1337,1681,1538,1747,1770,1759,1529,1611,1469,1767,1337,1392,1838,1529,1392,1535,1794,1812,1531,1531,2325,891,1203,1605,1552,1392,1765,1944,891,1469,1605,1735,1852,1612,1310
1679,1681,1531,1070,1529,1638,1643,1410,1392,1417,1612,1417,1679,1531,1417,1678,1643,1392,1645,1200,1645,1643,1531,1679,1555,1200,1768,1548,1506,1084,1200,1681,1672,1417,1408,963,1200,1417,1084,1417,1392,1679,1615,1747,2074,1408,1529,1612,1838,1531
1531,1248,1529,1612,1647,1647,1529,1338,1605,1334,1605,1334,1647,1605,1531,1336,1338,1529,1531,1407,1605,1468,1599,1676,1529,1529,1248,1334,1392,1787,1392,1531,1612,1334,1605,1611,1130,1529,1529,1605,1407,1392,1203,1531,1130,1336,1334,1611,1531,1392
1200,1580,1679,1392,1468,1555,1200,1482,1200,1531,1523,1482,1580,1531,1195,1392,1635,1532,1200,1548,1643,1392,1410,1200,1531,1468,1323,1597,1200,1308,2056,1084,1070,1597,1529,1635,1955,1529,1350,1531,1417,1482,1200,1628,1323,1580,963,1417,1200,1531
1841,1531,1336,1083,1407,1334,1580,1334,1573,2179,1334,1334,1280,1526,1531,1645,1392,1772,1773,1820,1083,1750,1611,1130,1274,1531,1131,1338,1482,1334,1611,1334,1605,1337,1334,1274,1532,1404,1130,1645,1531,1274,1392,1334,1714,1334,1280,1526,1526,1336
1295,1070,1165,1200,1200,1404,1655,1699,1200,1511,1531,1511,1482,1758,1531,1200,1200,1308,1679,1473,1392,1851,1415,963,1308,1972,1511,1200,1308,1750,1415,1165,1982,1417,1392,1323,1200,1679,1415,1200,1392,1200,1531,1655,963,1200,1198,1686,1070,1511
1491,1457,1647,1348,1083,1662,1274,1927,1457,1280,1334,926,1387,1656,1491,1392,1130,1131,1336,1485,1526,1647,1130,1334,1165,1725,1838,1404,1334,1318,1656,1083,1893,1274,1336,1280,1756,1348,1662,1407,1404,1339,1605,1130,1647,1734,1334,1083,1348,1925
1682,1298,1415,1348,1383,1323,1070,1278,2088,1165,1679,1714,2185,1392,1200,1714,1406,1207,1200,1634,1348,1864,1200,1070,1512,1734,2088,1511,1453,1511,1416,1512,1573,1347,1383,1511,2088,1298,1522,1200,1348,1404,1200,1070,1647,1278,1786,1308,1416,1731
1334,1274,1583,1334,1274,1380,1682,1685,1141,1682,1130,1318,1380,1380,1348,1619,1508,1334,1334,1339,1334,1083,1634,1828,1593,1334,832,1348,1130,1526,1141,1083,1909,1335,1508,1696,1822,1457,1157,1274,1339,1590,1583,1348,1334,1165,1400,1334,1348,1336
1226,1415,1308,1348,1070,999,1316,1200,1644,1335,1200,1543,1194,1792,1864,1682,1348,1762,1070,1415,1779,1226,1543,1366,1366,1621,1348,1490,1490,1624,1226,1316,1348,1200,1200,1511,1997,1323,1194,1200,1200,1316,1560,1424,1731,1490,1543,1366,1696,1200
1440,1334,1894,1130,1872,1334,1333,1238,1334,1334,1141,1543,1348,1334,1792,1334,1348,1334,1334,1702,1545,1543,1130,1141,1441,1334,1333,1666,1051,1083,1334,1804,1141,1348,1051,1316,1440,1334,1488,1329,1440,1440,1334,1679,1315,1141,1315,1083,1609,1621
1483,1635,1052,1739,1490,1200,1410,1200,1348,1366,1543,1812,1348,1512,1348,1194,1200,1200,1944,1086,1545,1200,1194,1543,1460,1398,1194,1666,1308,1200,1275,1200,1200,1200,1194,1200,1348,1166,1804,1315,2119,1194,1315,1200,1316,1535,1052,1573,1490,1308
1336,1804,1574,1334,1206,1334,1090,1334,1206,1748,1334,1334,1130,1130,1483,1141,1379,1224,1548,1130,1348,1334,1334,1315,1348,1220,1220,1334,1487,1334,1440,1334,1141,1316,1474,886,1334,1334,1440,1440,1474,1336,1141,1316,1334,1336,1478,1420,1420,1487
1210,1200,1313,1200,1478,1485,1200,1052,1200,1460,1210,1648,1200,1705,1453,1490,1200,1782,1200,1098,1200,1796,1308,1308,1594,1490,1705,1200,1200,1313,1041,1052,1166,1313,1648,1471,1365,1750,1200,1485,1308,1485,1436,1308,1365,1316,1194,1200,1200,2126
1510,1220,1563,1130,1316,1334,1206,1130,1654,1509,1581,1206,1316,1206,1440,1715,1715,1279,1220,1420,1334,1334,886,1478,1487,1581,1563,886,1334,886,886,1279,2271,1487,1334,1220,1548,1509,1600,1334,886,1141,1513,1334,1334,1708,1279,1130,1334,1600
1395,1654,1654,1471,1460,1713,1480,1200,1705,1604,1545,2075,1452,1316,1254,1452,1535,1245,1313,1557,1697,1200,1200,1648,1084,1660,1395,1553,1254,1762,1313,1194,1161,1490,1395,1200,1161,1245,1762,1200,1478,1509,2214,1313,1200,1200,1762,1340,1308,1245
1618,1350,1334,1509,1753,1510,1130,1487,1510,1753,1334,1550,1350,1130,1843,1404,1152,1739,1466,1510,1599,1690,1897,1486,1509,1509,886,1713,1979,1347,1660,1740,1548,1647,1581,1347,1637,1220,1334,1350,2053,886,1753,1440,1350,1347,1347,1279,1788,1152
1843,1489,1553,1245,1161,1308,1400,1648,1489,1313,1161,1713,1200,1452,1489,1480,1252,1161,1480,1947,1438,1510,1656,1460,1245,1460,1697,1161,1639,1252,1200,1194,1618,1313,1510,1194,1245,1480,1400,1400,1888,1308,1480,1489,1438,1542,1452,1161,1457,1455
1628,1130,886,1334,1282,1152,886,1846,1253,1152,1152,1282,1142,1510,1347,1152,1618,1347,1921,1510,1130,886,1788,886,1753,1869,1152,1404,1400,1599,1753,1892,1457,1817,1347,1347,1440,1618,1457,1656,1510,1817,1835,1782,1553,1334,1152,1521,1843,1521
1618,1346,1400,1480,1452,1618,1400,1596,1400,1805,1346,1346,1194,1400,1308,1200,1400,1200,1510,1400,1803,1452,1700,1194,1510,1308,1510,1346,1133,1938,1308,1277,1782,1286,1161,1480,1313,1313,1346,1346,1400,1553,1194,1346,1656,1346,2184,1439,1400,1907
886,886,1130,1130,886,1821,1589,1753,1440,1130,1481,1573,1549,1152,1598,1667,1553,1481,1656,1966,1130,1422,1334,1369,1669,1441,1249,1843,1497,1596,1497,1130,1782,886,1669,1497,1347,1573,1152,1991,1142,1573,1553,1441,1441,1598,2048,1540,1467,1130
1346,1439,1510,1688,1510,1781,1819,1433,1313,1607,1600,1547,1907,1782,1308,1308,1522,1346,1593,1497,1596,1594,1346,1635,1313,1308,1633,1656,1433,1308,1781,1990,1308,1308,1472,1313,1400,873,1308,1452,1472,1439,1607,1600,1277,1308,1313,1346,1308,1816
1913,1385,1130,1573,1531,1441,1841,1185,1791,1427,1441,1130,1130,1152,1130,1694,1599,1462,1441,1441,1669,1540,1607,1130,1385,1080,1462,1130,1130,1656,886,1130,1130,1388,886,1080,1385,1635,1995,1130,1497,1669,1438,1467,1130,1819,1130,1613,1441,1388
1954,1302,1497,1313,1510,1535,1144,1710,1556,1858,1308,1308,1720,873,1566,1819,1346,1400,1259,1287,1439,1692,1593,1346,1308,1083,1593,1858,1302,1496,1632,1308,1447,1624,1607,1447,873,1302,1607,1287,1144,873,1308,1308,1688,1346,1400,1308,1388,1316
1427,1638,1080,1604,1080,1845,1427,1497,1837,2066,1607,1575,1575,1845,1152,1607,1152,1363,1667,1540,1427,1152,1388,1427,1337,1642,1427,1283,1130,1550,1597,1575,1521,1607,1427,1152,1147,1765,1667,1612,1531,1904,1943,1147,1080,1415,1531,1080,1080,1606
1720,1302,1302,1484,1577,1524,1302,1308,1101,1871,1984,1718,1524,1677,1247,1484,873,1715,1467,1400,1302,1607,1822,1814,1710,2165,1642,1571,1393,1566,1718,1302,1302,1144,1196,1607,1539,1302,1467,1656,2171,1400,1275,1144,1247,1855,873,1720,1144,1392
1152,1720,1158,1529,1532,1526,1122,1363,1836,1907,1610,1627,1607,1341,1152,1627,1550,1568,1341,1416,1667,1720,1427,1560,1427,1416,1147,1712,1540,1627,1540,1062,1627,1080,1912,1686,1597,1080,1427,2003,1154,1835,1341,1416,1760,1550,1550,1830,1665,1615
1275,1309,1715,1101,1611,1144,1607,1715,873,1814,1144,1557,1577,1302,1840,1275,1840,1624,1247,1615,1715,1721,1615,1144,1615,1513,1527,1577,1624,1247,1865,1220,1275,1685,1840,1275,1788,1865,1247,1647,1144,1503,873,1275,1275,1571,1400,1393,1467,1569
1622,1589,1540,1918,1792,1540,1416,1994,1178,1550,1835,1062,1540,1341,1627,1290,1835,1882,1152,1540,1615,1607,1416,1152,1622,1646,1410,1062,1550,1469,1714,1363,1568,1290,1786,1416,1410,1560,1615,1812,1568,1341,1758,1532,1416,1709,1363,1918,1427,1550
1099,1099,1101,1101,1144,1647,2175,1816,1611,1144,1144,1144,873,1286,1615,1275,1503,1926,1101,1286,1400,1610,1144,1496,1274,1890,1220,1496,1220,1144,1624,1715,1721,1685,1635,1350,1247,1309,1496,1350,1812,1503,873,1715,1503,1815,1144,1792,1247,1607
1427,1977,1524,1977,2094,1753,1540,1152,1589,1635,1109,1722,1109,1748,1427,1341,2240,1725,1560,1812,1427,1835,1604,1707,1722,1706,1550,1812,1450,1560,1550,1975,1062,1792,1410,1062,1062,1725,2240,1062,1427,1239,1062,1474,1524,1427,1178,1062,1791,1341
2000,1356,1356,1600,1611,1503,1630,1101,1503,1219,1144,1610,1722,1529,1647,1726,1144,1309,1503,873,1309,1496,1496,1722,1219,1844,1101,1780,1356,1647,2362,1715,1209,1521,1737,873,1722,1351,1209,2180,1344,1429,1503,1503,1521,1841,2087,1157,1503,1737
1707,1996,1062,1715,1001,1197,1589,1646,1603,1560,1109,1550,1880,1062,1550,1604,1610,1953,1062,1166,1589,1770,1062,2244,1777,1735,1692,1062,1974,1834,2000,1753,1062,1848,1715,2000,1166,1834,1560,1062,1604,2208,1777,1715,1493,1777,1062,1654,1062,1748
1326,1711,1600,1503,1781,1356,1503,1953,1144,1732,2005,1344,1882,1356,1503,1428,1503,1827,1940,1556,1503,1144,1356,1334,1101,1209,2003,1503,1804,1960,1521,1428,1800,1209,1503,1351,1827,1351,1503,2000,1503,2031,1356,1326,1800,1503,1943,1556,1610,944
1344,1344,1781,1062,1610,1742,2048,1781,2025,1062,1777,1715,1062,1062,1715,1784,1520,1538,1514,1715,1713,1770,1782,1166,1879,2015,1784,2441,1324,1742,1940,1550,1768,1604,2115,1583,1062,1604,1814,1062,1604,1583,1834,1748,2015,1777,1604,1166,1803,2031
1537,1431,1578,1950,1827,1209,1503,1356,1984,1209,2116,1555,1610,1334,1356,1912,2271,1144,1996,2115,1702,1431,1865,1702,1555,2003,1713,1356,1918,1827,1503,1858,1334,1772,1827,1209,1781,1356,1814,1334,1209,1334,1334,1548,1356,1541,1144,1984,1512,1521
1715,1062,1908,1286,2096,1814,1375,1604,1673,1693,1673,1140,1718,1768,1831,1344,2227,1344,1583,1604,1693,1583,1748,1715,1714,1715,1604,2115,1382,1673,1718,1715,1800,1770,1670,1365,1583,1803,1344,1520,1715,2016,1375,1715,1777,1583,1271,1413,1062,1583
2016,1192,1776,1334,1647,1613,1480,1911,1439,1818,1209,1675,1685,2115,1334,1149,1209,1715,1555,1484,1800,1800,1555,1702,1555,1685,1440,1334,1334,1503,1610,1334,1827,1933,1209,1998,2016,1480,1334,1334,1428,1555,1657,1827,1814,1503,1548,1440,1685,1484
1140,1800,1344,1062,1438,1651,1800,1344,1603,1831,1562,1583,1718,1562,1583,1944,1583,1777,1651,1910,1540,1583,1674,1583,1583,1438,1800,1718,1375,1814,1801,1365,1140,1934,1413,1583,1413,2028,1344,1062,1526,1910,1604,1770,1583,2016,1438,1218,1581,1344
1408,1513,1149,1531,1334,1674,1503,1688,1515,1428,1334,1722,1513,1555,1460,1755,1776,1555,1357,1782,1334,1688,1555,1149,1555,1484,1192,1537,1531,1531,1963,1334,1782,1192,1800,1811,1555,1721,1613,1334,1944,1531,1209,1555,1910,1800,1801,1334,1537,1408
1721,1684,1482,2295,1344,1944,1658,1801,1344,1062,2138,1684,1709,1583,1910,1511,1562,1709,2109,1375,1942,1140,1966,1760,1511,1344,1199,1651,1801,1773,2069,1365,1866,1644,1801,1591,1526,1365,1721,1684,1583,1583,1511,1140,1706,1438,1562,1472,1583,1604
1738,1243,1784,1864,1743,2047,1192,1894,1334,2256,1942,1722,1613,1784,1721,1334,1643,1711,1334,1711,1209,1334,1531,1910,1892,1736,2256,1755,1643,2122,1555,1864,1537,1509,1643,1590,1149,1428,1515,1428,1801,1892,1910,1534,1531,1428,2139,1782,1243,1820
1356,1893,1242,1583,1604,1607,1748,1643,1344,1802,1351,2120,1583,1544,1242,1847,1936,1511,1583,1583,1607,1351,1607,1720,1643,1540,1604,1378,1255,1748,2187,1378,1583,1689,1351,1255,1526,1583,1841,1684,1562,1658,1893,1351,1591,1658,1511,1378,1604,1924
1603,1334,1603,1711,2086,1479,2107,1334,1336,1334,2034,1209,1243,1945,1209,1209,1209,1806,1651,1711,1742,1555,1209,1531,2034,1864,1729,1742,1209,1685,1334,1555,1334,1893,1729,1479,1840,1786,1461,1864,1786,1676,1706,1893,1806,1784,1192,1983,1334,1209
1526,1255,1526,1860,1641,1992,1583,1808,1519,1641,1808,1344,1344,2145,1744,1582,1604,1604,1687,1399,1808,1583,1921,1492,1945,1886,1583,1607,1604,1786,1526,1583,1604,1808,1921,1351,1604,1671,1658,1816,1815,1604,1583,1641,1604,1656,1671,1895,1849,1604
1706,1209,1209,1641,1209,1996,1334,1497,1209,1599,1603,1705,1209,1729,1137,1729,1426,1729,1334,1479,1555,1757,1334,1209,1192,1945,1479,1611,1303,1606,1137,1611,1886,1555,1454,1729,1439,1611,1209,1209,1209,1757,1209,1209,1864,1243,2145,1334,2145,1334
1604,1604,1604,1076,1604,1802,1914,2142,1587,1546,1583,1583,1577,1904,1607,1815,1587,1690,1344,1623,1808,1982,1519,1604,1525,1604,1344,1604,1159,1644,1904,1678,1657,1658,1587,1727,1715,1344,1604,1583,1737,2074,1076,1604,1604,1604,1577,1743,1587,1342
1559,1454,1801,1555,1728,1370,1209,1209,1700,1080,1370,1137,1080,1696,1209,1633,1209,1209,1339,1956,1787,1606,1243,1209,1209,1606,1209,1080,1555,1339,1724,1903,1750,1137,1370,1243,1920,1339,1606,1303,1828,1334,1303,1209,1555,1503,1209,1209,1334,1334
1607,1159,2188,1797,1801,1584,1415,1918,1743,1845,1604,1604,1583,1743,1043,1751,1487,1690,1525,1325,1415,1868,1525,1546,1509,808,1509,1657,1871,1076,1690,1678,1639,1604,1678,1607,1509,1604,1871,1509,1604,1657,1604,1650,1802,1509,2064,1845,1509,2264
1484,1370,2033,1775,1768,1733,1773,1209,1148,1080,1390,1745,1209,2106,1080,1733,1370,1342,1503,1787,1080,1880,1571,1370,1135,1263,1484,1582,1696,1422,1559,1339,1845,1422,1339,1080,1209,1625,1503,1080,1556,1889,1080,1390,1733,1884,1080,1422,1148,1571
1969,1509,1119,1509,1991,1427,2102,1714,1604,1597,1625,1509,1159,1604,1477,1553,1845,1743,1597,1668,1477,2106,1627,1627,1627,1119,1808,1629,1668,1544,1769,1597,1336,1159,1366,1509,1969,1758,1349,1818,2185,1845,1668,1639,1456,1336,1702,1554,1659,1931
1263,1602,1231,1760,1139,1845,1390,1608,1376,1735,1460,1745,1080,1209,1148,1728,1732,1139,1855,1732,1374,1503,1209,1652,1370,1139,1989,1422,1209,1683,1148,1885,2003,1080,1148,1080,1209,2100,1582,1503,1608,1390,1209,1080,1390,1443,1503,1824,1630,1460
1944,2002,1119,1761,1789,1990,1694,1705,1604,1509,1866,1694,1500,1612,1546,1526,1663,1438,1731,2002,1500,1702,1769,1126,1554,1663,1771,1604,1126,1639,1528,1502,1502,1479,1546,1528,1902,1728,1899,1467,1663,1119,1986,1769,1789,1546,1702,1663,1502,1702
2001,1139,1866,1231,1600,2001,1536,1148,1713,1460,2007,1148,1743,1231,1460,1139,1209,1231,1231,1231,1503,1600,1655,1992,1231,1503,1824,1745,1781,1696,1561,1694,1618,1939,1231,1602,1668,1694,1668,1713,1231,1593,1616,1391,1503,1939,1899,1593,1148,1882
1655,1737,1500,1761,1470,1840,1475,1829,1221,1478,1880,1119,1540,1645,1475,2046,1502,1126,1705,2046,1612,2088,1740,1540,1502,1708,1899,1612,1761,1645,1612,1766,1639,1823,1546,1475,1119,1140,1502,1832,2088,1148,1148,2007,1475,1528,2042,1778,2142,1140
1231,1651,1640,1440,1584,1464,1192,1440,1674,1481,1464,1464,1550,1655,1586,1586,1282,1810,1460,1397,1464,1231,1391,1231,1231,1870,1282,1545,1508,1508,1600,1503,1815,1713,1843,1460,1914,1148,1943,1460,1231,1391,1231,1810,1810,1586,1481,1914,1628,1139
1475,1282,1788,1540,1939,1463,1840,1681,1740,1502,1475,1546,1378,1475,1519,1612,1540,1502,1626,1140,1769,1831,1498,1498,1701,1976,1519,1600,1967,1914,1943,1472,1666,1282,1502,1140,1282,1590,1865,1932,1475,1502,1609,1701,1626,1148,1140,1502,1148,1140
1422,2066,1666,1464,1810,1231,1666,1464,1570,1943,1234,1989,1852,1681,1148,1464,1570,1682,1481,1788,1575,1148,1464,1148,1681,1440,1531,1231,1463,1867,1148,1796,1231,1803,1480,1495,1788,1545,1585,1231,1481,1586,1908,1570,1231,1570,1810,1575,1231,1558
1148,1546,1262,1558,1297,1546,1681,2070,1140,1590,1140,1947,1297,1779,1062,1612,1743,1475,1788,1148,1540,1140,1140,1282,1297,1612,1148,1463,1475,1282,1262,1519,1612,1490,1519,1490,1900,1552,1502,1535,1811,1535,2297,1850,1566,1490,1519,1502,1502,1760
1751,1464,1231,1237,1588,1464,1589,1368,1898,1335,1279,1231,1464,1682,1706,1440,1586,1810,1588,1322,1464,1464,1352,1846,1335,1537,1368,1464,1707,1826,1779,2024,1537,1493,1669,1352,1335,1493,2099,1837,1585,1558,1669,1586,1810,1422,1335,1724,1352,1675
1140,1065,1490,1327,1805,2281,1779,1673,1589,1680,1714,1065,1490,1663,1828,1140,1262,2071,1631,1327,1262,1515,1851,1671,1065,1756,1660,1475,1282,1671,1475,1798,1846,1947,1140,1671,1826,1978,1612,1673,1851,1140,1846,1502,1507,1757,1490,1282,1475,1540
1464,1440,1680,1788,1335,1335,1335,1471,1335,1826,2281,1588,1837,1828,1437,1451,1571,1576,1483,1733,2034,1642,1826,1788,1589,1483,1828,1568,1368,1451,1231,2071,1451,1587,1464,1437,1483,1231,1880,1588,1623,1649,1279,1335,1422,1522,1764,1842,1368,1810
1061,1743,1671,1065,1264,1327,2180,1751,1140,1763,1065,1589,1660,1786,1327,1061,1786,1264,2047,1515,1140,1427,1918,1264,1502,1507,1140,1671,1502,1899,1769,1507,1778,1738,1515,1764,1794,1757,1490,1798,1065,1671,1764,1650,1690,1743,1766,1671,2034,1821
1404,1404,1838,1571,1451,1335,1335,1231,1569,1279,1825,1664,1437,1725,1231,1841,1664,1534,2034,1690,1952,1665,1953,1766,1787,1880,1453,1764,1569,1588,1784,1968,1231,2001,1734,1642,1733,1873,1642,1826,1437,1568,1396,1784,1969,1335,2083,1969,1787,1464
1662,1798,1122,1502,1453,1327,1455,1569,1757,1327,2292,1502,2103,1787,1190,1490,1662,1140,1327,1802,1515,1327,1569,1502,1838,1211,1711,2103,1650,1294,1671,1569,1331,1859,1888,1909,1650,1751,1828,1787,1743,1569,1682,1502,1652,1502,1711,1652,1805,1757
1725,1569,2083,1927,1504,1664,2058,1664,1725,1437,2042,1231,1569,2286,1335,2058,1231,1755,1437,1940,1404,1505,1968,1990,1720,1464,1790,1164,1437,1437,1969,1231,1838,1734,1231,1695,1664,1808,1231,1437,1231,1164,1734,1826,1708,1725,1582,1279,1164,1449
1820,1690,2059,1454,1368,1700,1140,1652,1454,1578,1569,1700,1502,1190,1877,1502,1502,1652,1597,1711,1641,1671,1327,1569,1690,1802,1327,1444,1605,1605,1711,1455,1652,1802,1331,1641,1502,1502,1139,1700,1711,1682,1790,1327,1775,1706,1805,1327,1455,1775
1404,1495,1437,1164,1619,1437,1673,1342,1775,1653,1437,1146,1775,1335,1437,1878,1884,1696,1476,1696,1437,1476,1605,1146,1653,1342,1605,1944,1404,1932,1605,1335,1231,1808,1933,1146,1750,1884,1763,1335,1892,1605,1533,1843,1771,1495,1763,1916,1605,1723
1690,1694,1682,1502,1455,1341,1750,1750,1876,2034,1815,1561,1750,1864,2020,1876,1953,1628,1671,1924,1085,1600,1694,1600,1786,1368,1775,1641,1775,1864,1690,1454,1332,2191,1502,2020,1851,1327,1858,1327,1454,1605,1924,1327,1327,1327,1444,1455,2157,1577
1252,1476,1274,1588,1437,1476,2359,1476,1437,1491,1274,1533,1437,1710,1944,1146,1653,1231,1747,1146,1635,1241,1980,1605,1470,1274,1437,1146,1930,1470,1335,1241,1470,1404,1231,2191,1437,1775,1924,1437,1716,1252,1750,1713,1241,1750,2241,1342,1763,1448
1604,1694,1604,2020,1492,1683,1327,1704,1327,1391,1683,1896,1327,1830,1391,1855,1855,1812,1327,1694,1327,1671,1372,1682,1896,1736,1491,1827,1327,1502,1569,1327,1694,1818,1858,1713,1713,1694,1704,1505,1297,1671,1682,1694,1605,1391,1765,2020,1327,1745
1683,1781,1437,1535,1252,1231,1592,1146,1335,1476,1683,1829,1335,1437,1709,1668,1476,1470,1894,1543,1476,1404,1598,1241,1781,1252,1608,1492,1765,1335,1437,1605,1822,1822,1146,1713,1437,1458,1335,1912,2105,1437,1335,1903,1476,1486,1486,1437,1822,1448
1327,1671,1713,1297,1783,1912,1614,1781,1671,1327,1452,1327,1894,1327,1884,1642,1940,1626,1425,1614,1094,1327,1612,1834,1776,1625,1847,1327,1094,1327,1783,1683,1642,1568,1691,1327,1704,1691,1745,1327,1327,1625,1945,1781,1741,1671,1327,1694,1608,1502
1476,1729,1437,1550,1771,1437,1414,1608,1758,1884,1458,1709,1709,1980,1741,1833,1713,1476,1909,1437,1608,1437,1645,1709,1709,1458,1414,1547,1903,1458,1686,1758,1608,1749,1867,1791,1750,1771,1437,1437,1806,1231,1335,1573,1966,1758,1437,1980,1750,1774
1573,1425,2011,1094,1602,1791,1327,1568,1568,1694,1894,1464,1568,1319,1980,1094,1425,1822,1573,1317,1317,1608,1787,1568,1787,1979,1861,1094,1327,1327,1349,1094,1455,1094,1094,1327,1502,1717,2121,1925,1723,2074,1094,1671,1327,1465,1327,1327,2199,1319
1414,2092,1955,1235,1677,1762,1335,1585,1732,1431,1911,1465,1756,1431,1858,1193,1791,1840,1686,1651,1574,1303,2044,1414,1582,1980,1858,1790,2083,1437,2181,1947,1437,1582,1608,1686,1651,1309,1717,1979,1532,1437,1414,1414,1749,1414,1740,1414,1414,1437
1835,1517,1415,1652,2126,2113,1517,1425,1094,2018,2113,1712,1094,1776,1649,1568,1327,1094,1841,1708,2029,1652,1327,1984,1094,1841,1652,1327,1652,1689,1517,1984,1708,1828,1419,874,1465,1327,1822,1708,1608,1608,1296,1823,1327,1465,1094,1094,1778,1094
1793,1437,1987,1465,1572,1766,1437,2014,1793,1437,2143,1414,1538,1625,1535,1766,1724,1556,1490,1790,1749,1682,1682,1532,1465,1465,1437,2014,1801,1928,1414,1790,1414,1479,1692,1774,1987,1437,1279,1625,1556,2192,1414,1572,1235,1861,1414,2192,1193,1414
2083,1823,1094,1094,1239,1094,1327,1094,1415,1425,1327,1970,1649,1327,1094,1652,1614,1809,1296,1419,1572,1465,1614,1970,1533,1572,1948,1720,874,1711,1684,1425,1729,1875,1327,1760,1296,1809,1721,1652,1713,874,1860,1327,1778,1757,1094,2207,874,1778
1612,1414,1532,1414,2010,1571,1666,1849,1809,1724,1490,1383,1279,1437,1809,1571,1279,1414,1790,1759,1620,1490,1193,1988,1490,1437,1774,1749,1490,1497,1414,1620,1490,1988,1988,1437,1437,1747,1437,1497,1479,1770,1490,1414,1279,1724,1414,1279,1809,1437
1327,1327,1327,1449,1665,1327,874,1094,1614,1601,1649,2063,1901,1615,1861,1094,1094,1958,1612,1572,874,1094,1809,1853,2013,2058,874,1572,1094,1879,1961,1961,1405,874,1601,874,874,1296,1614,1861,1612,1615,1572,1649,1327,1717,1649,2013,1415,1405
1437,1414,1894,1414,1809,2112,1746,1454,1571,1431,1414,1645,1612,1666,1414,1490,2015,1809,1490,1791,1437,1414,1454,1193,1490,1988,1612,1645,1620,1490,1685,1279,1752,2248,2303,1414,1601,1497,1497,1620,1490,1752,1665,1612,1437,1490,1894,1490,1437,2063
1819,1689,1094,1612,1094,1981,1598,1094,1615,1578,1285,1334,874,1689,1894,1689,874,874,2011,874,1649,1615,1094,1601,1615,1685,1863,1612,1899,1874,1981,1094,1809,1327,874,1327,1689,1861,1598,1094,1805,2249,1431,2068,1835,1981,1395,1503,1861,1981
1979,1710,1499,1193,1814,1548,1620,1334,1975,1612,1490,1650,1601,1414,1805,1414,1650,2205,1454,1695,1601,1555,1431,1620,1626,1819,1193,1548,1555,1414,1334,1752,1414,1674,1414,1414,1775,1414,1612,1620,1490,1803,1805,1414,1894,1437,1437,2249,1775,2011
1601,1650,1695,1598,874,1695,1677,1949,1649,1094,1966,1585,1649,1698,874,1975,1549,1585,1615,1601,1836,1896,1815,874,1327,1094,2011,1094,1649,1094,1094,1011,1327,1698,1331,1782,1626,1601,1866,2011,1601,1612,1650,1601,1640,2040,1777,1094,1310,1094
2012,1333,1601,1193,1585,1414,1601,1741,1612,1490,1333,1414,1828,1711,1445,1647,1548,1193,1773,1818,1333,1334,1333,2106,1966,1836,2024,1414,1993,1734,2024,1212,1414,2024,1577,1193,1490,1414,2025,1333,1113,1891,2003,1745,1601,1333,1993,1601,1601,1414
1601,1552,1334,1711,1011,1834,1601,1011,1418,1910,1802,1767,1282,1693,1503,1187,1187,1773,1094,1503,874,1601,1888,1503,1910,1854,962,1884,1554,1722,1722,1693,2013,962,1531,1836,1554,1011,1585,1503,1187,1854,1282,1531,1554,1601,1531,1187,1612,1011
1926,1389,1113,1049,1667,1445,1884,1749,1770,1113,1333,1618,1333,2193,1389,1953,1049,1711,1618,1695,2242,1585,1916,1333,1773,1601,1333,1770,1389,1414,1632,1212,1773,1945,1945,1445,1870,1585,1703,1212,1049,1813,1695,1601,1813,1490,1689,1337,1445,1614
874,1682,962,1752,1531,1799,1885,1928,1200,1187,1799,1585,1773,1200,1554,1667,1316,1316,1682,1722,1349,1531,1614,1282,1195,1554,962,1503,1870,1667,1349,874,1981,1509,1503,1349,1884,1004,1601,1749,1011,1200,1910,1503,1711,1011,1612,1187,1872,1827
1889,1636,1049,1798,1366,1490,1840,1212,1885,1333,1316,1601,2233,1113,1113,1605,1632,1445,1389,1490,1389,2130,1945,1721,1810,1212,1832,1945,1245,1804,1049,1869,1667,1711,1316,1735,1816,1816,1490,1816,1316,1710,1245,1245,1389,1049,1333,1605,1049,1333
1569,1349,1860,1693,1531,1349,1968,874,1207,1607,874,1910,1349,1867,1316,1530,1531,1316,1711,1349,1503,1530,1671,1349,1316,1531,1316,1607,1349,1588,1571,1004,962,1910,1726,2158,1571,962,1588,962,1412,1349,1649,962,1554,962,1969,1349,2198,1978
1391,1245,1490,1762,1366,1316,1605,1212,1626,1711,1389,1959,1510,1245,1304,1316,1285,1245,1660,1389,1245,1212,1049,1245,1866,1589,2010,1049,1316,1989,1490,1416,1510,1816,1049,1049,1416,1391,1212,1389,1690,1634,1737,1049,1212,1490,1530,1660,1490,1490
1530,962,1357,2151,1530,1357,874,962,1057,2094,874,1276,2143,1873,1349,1602,962,874,962,874,1475,1605,1717,1316,1607,1475,1433,1316,1349,1531,1054,1531,1349,1884,1530,962,1638,1556,1349,1884,1638,1316,962,874,1531,1940,1605,1530,962,1782
1212,1212,1316,1490,2024,1389,1680,1924,1049,1316,1833,1258,1245,1785,1754,1212,1049,1490,1721,1389,1490,1825,1258,1049,1754,1554,1366,1366,1316,1389,1490,1212,1554,1785,1988,1490,1245,1389,1785,1049,1490,2127,1389,1212,1389,1212,1581,2221,1952,2119
962,1255,2025,1531,1385,1877,1607,1246,1777,1905,1255,2081,874,1448,1680,1754,962,1935,1607,962,1556,874,874,1349,874,962,2107,1430,1748,1457,874,962,1406,2203,1531,874,1607,1724,1349,1531,1576,2042,1531,1246,1576,1349,1732,1531,1531,1625
1718,1245,1587,1212,1212,1636,1490,1490,1490,1212,1245,1490,1777,1605,1731,1212,1817,1724,1673,1049,1718,1490,1722,1389,1212,1673,1490,1605,1389,1848,1962,1490,1840,2088,1049,2016,1209,1389,1209,1417,2015,2081,1680,2215,1755,1718,1490,1490,1636,1962
1329,1246,1385,1246,1973,1368,1935,962,1448,1255,1722,1246,1396,1735,1363,874,1368,1349,1531,1173,874,1246,2294,962,1363,874,1250,1722,1246,874,962,1329,1804,1246,1927,1044,1722,1966,1423,1622,874,874,1315,874,2023,962,1448,1246,1735,1385
1928,1718,1563,1049,1616,1925,1639,2048,1563,1605,1673,1490,1212,1510,1373,2014,1049,1629,1605,2028,1212,1438,1834,1955,1490,1718,1581,1718,1506,1510,1305,1490,1871,1920,1927,1490,1588,1718,2094,1718,1848,1722,1920,1920,1389,1389,1389,1673,1928,1597
962,1531,1448,1363,1981,1531,1312,962,1627,1745,1768,1927,1927,1659,1173,1405,874,1850,1299,1312,2105,1888,1472,1674,1531,1717,1834,1385,1312,1927,1627,1299,1531,962,1246,1246,1724,1680,1968,962,874,1246,1718,1920,1841,1472,1531,1044,874,1453
1718,1819,1563,1605,1872,1212,1717,1781,1605,1581,1718,1432,1682,2105,1923,1482,1748,1373,1818,1302,1771,1302,1605,2072,1490,1432,1389,2035,1889,1836,1389,1669,1526,1985,1737,1389,1718,1526,1414,1927,1819,1669,1673,1212,1502,1836,1490,2208,1212,1669
1472,1766,1460,1526,1759,962,1297,1919,1919,962,2071,962,1472,1385,1759,1472,2084,1420,1669,1993,1749,1453,1766,1297,1494,2005,1766,874,1418,1246,1531,1781,1448,1627,1385,1504,962,1494,1669,1246,1385,1385,1532,1453,1768,1385,1674,1893,1246,1205
1723,2177,1683,1212,1941,2035,1544,1700,1302,1713,1712,1316,1686,1312,1686,1719,1673,1669,1159,1544,1389,1389,1316,1605,1495,1316,1544,1700,1590,1469,1665,1669,1373,1993,1723,2102,1389,1784,1212,1389,1771,1312,1669,1686,1605,1605,1316,1605,1482,1498
1748,1628,962,1385,1728,1372,1504,1435,1748,1532,1531,1297,1460,1752,1780,1838,1385,1385,1385,1628,1858,1526,1297,1766,1888,1448,1650,1526,962,1309,1780,1752,1506,1919,1435,1587,1309,2089,1775,1643,1722,2165,1372,1472,962,962,1330,1504,2177,2295
1605,2295,1316,1544,1981,1693,1484,1482,1656,1932,1312,1389,1484,1389,1212,1312,1941,2065,1818,1656,1803,1700,1469,1702,1389,1389,1848,1686,1790,1693,1998,1720,1845,1533,1605,1544,1316,1753,1866,1673,1656,1845,1917,2123,1700,1825,1753,1673,1681,1544
1643,1527,1448,1588,1526,1778,2055,1778,1748,2055,1506,1268,1778,2182,1973,2091,1839,1848,1774,1692,1460,1506,1027,1385,1385,962,1848,1775,1527,1630,1838,1775,1775,1526,1526,1728,1656,1891,1560,1963,1656,962,1774,1506,1774,1775,1385,1988,1448,1780
1862,1673,2111,1729,1480,1484,1484,1673,1652,1532,1845,2100,1834,1686,1161,1702,1963,1729,1848,1812,1963,1673,1756,1389,1693,1720,1458,1702,1686,1312,2021,2139,1312,2077,1848,1480,1662,1652,1605,1825,1673,1825,1398,1603,1312,1852,1161,1966,1790,1720
1780,1268,2111,1706,1526,1714,1729,1448,1027,1706,2100,1728,1835,1448,1268,1725,1714,2166,2347,1588,1783,1795,1680,1901,1448,1588,1268,1777,1552,1964,1729,2200,1783,1654,1448,1506,1385,1385,1913,1654,1821,1838,1588,1835,1822,1780,1342,2298,1268,1714
1543,1312,1845,1729,1523,2118,1312,1398,1673,2006,1779,1702,1790,1898,1458,1779,1806,1398,1686,1704,1654,1702,1312,1484,1901,1749,2018,1601,1458,1673,1940,2006,1695,1673,1702,1424,1702,2197,1779,1484,1312,2076,1756,1872,1639,1790,1601,1997,1686,1639
1526,1797,1840,1576,1268,1337,1728,1268,1728,1576,1346,1763,1685,1706,1906,1918,1704,1502,2309,1526,1204,1685,1524,1913,1492,1728,1959,1395,1268,1997,1780,1898,1204,1588,1729,1268,2045,1603,2154,1268,1724,1807,1268,2021,1680,1925,1685,1337,2109,1552
1788,1853,1788,2046,1702,1484,1370,1370,2327,1704,2309,1579,1798,1790,1708,1708,2035,1858,1708,1398,1845,1702,1453,2035,1424,1397,1606,1756,1554,2117,1704,1646,1704,1668,1940,1788,1874,1312,1786,1370,1790,1397,1733,1671,1312,1312,1575,1398,1894,1606
1871,1651,2209,1397,1492,1268,1925,1268,1728,1711,1588,1706,1765,1983,1753,1711,1204,1582,1395,1907,1982,1603,1492,1874,1574,1576,1959,1397,1524,1582,1783,1603,1783,1907,1268,1786,1588,1268,1907,2035,1780,1346,1395,1588,1524,1268,1780,1925,1871,1576
1739,1397,1397,1691,1424,1702,1370,1704,1424,1424,1932,1704,1704,1370,1582,1370,1506,1881,2288,1685,1606,1671,1932,1397,1734,1881,1572,1575,1424,1579,1802,1845,1430,1430,1702,1554,1704,1802,1572,1704,1624,1397,1453,2199,1582,1575,1702,1424,1575,1579
1885,1783,1588,1959,2003,1702,1524,1397,1928,2003,1780,1494,2161,1421,1506,1543,1588,1588,1951,1379,1871,1874,1395,1524,1379,1588,1765,1492,1268,1804,1969,1783,1421,1239,1765,1603,1543,2042,1379,1622,1204,1268,2279,1572,1645,1579,1397,1091,1588,1765
1523,1506,1262,1540,2141,1994,1739,1702,1629,2130,1640,1523,1262,1633,1494,1506,1633,1523,1739,1937,1397,1397,1424,1606,1494,1540,1691,1453,1734,1453,1424,1868,1701,1691,1739,1720,1734,1633,1671,1502,1770,1523,1540,1572,1784,1579,1572,1959,1951,1579
1588,1379,1775,1397,1661,1661,1894,1506,1397,1514,1706,1379,1524,1633,1379,1891,1421,1421,1975,1379,1629,1379,1379,1884,1615,1204,1543,1572,1397,1768,1379,1788,1204,1543,2019,1615,1421,1588,1379,1702,1743,1588,1379,1494,1954,2024,1615,1543,1492,967
