2440,2271,2440,2631,2271,2359,2631,2440,2440,2631,2638,2631,2271,2271,2440,2659,2674,2271,2359,2705,2359,2705,2440,2439,2705,2631,2271,2440,2440,2439,2705,2439,2359,2705,2439,2638,2439,2705,2705,2271,2705,2631,2439,2271,2271,2271,2439,2705,2440,2271
2212,2176,2176,2228,2318,2366,2176,2418,2366,2121,2219,2121,2121,2255,2228,2278,2255,2474,2273,2212,2212,2255,2176,2121,2219,2419,2176,2212,2228,2121,2212,2318,2219,2176,2121,2367,2176,2462,2474,2219,2255,2318,2366,2219,2121,2176,2228,2474,2121,2212
2337,2257,1986,2257,2271,2234,2122,1986,2122,2250,1986,2234,2250,2234,2257,2337,1986,1986,2257,2337,2234,2122,2262,2250,2250,2283,2122,2278,2234,2257,2234,2271,2250,2234,1986,2250,1986,2122,2257,1986,2271,2278,2337,2234,2234,2234,2309,2271,2271,2337
2015,2199,2086,2171,2081,2199,2171,2081,2199,2015,2212,2199,2015,2199,2171,2199,2199,2015,2171,2086,2199,2199,2199,2199,2086,2081,2015,2086,2199,2199,2199,2199,2171,2081,2199,2199,2199,2199,2015,2086,2015,2250,2081,2086,2199,2212,2199,2199,2015,2199
1986,1927,1986,1986,1986,1986,1986,1986,1986,1986,1986,1927,1986,1927,1986,1986,1986,1986,1986,1986,1986,1927,1986,1986,1986,1927,1986,1986,1927,1986,1927,1986,1986,1986,1986,1986,1927,1986,1986,1986,1986,1986,1986,1986,1927,1986,1927,1927,1986,1986
2199,2199,2199,1898,1898,1545,2089,1912,1898,2199,1912,1545,2199,2199,1898,2199,2089,1912,2199,1898,2171,1844,1844,2199,2199,1912,2199,2171,1545,1545,2199,2199,1844,1844,1912,1545,2199,1912,2199,2199,1912,2199,2089,2199,1912,1545,1844,1545,2199,2199
1927,1857,1914,1914,1914,1914,1921,1914,1914,1914,1914,1914,1914,1927,1914,1914,1857,1857,1921,1914,1914,1950,1927,1914,1927,1927,1986,1914,1946,1921,1914,1914,1914,1914,1857,1950,1914,1927,1857,1914,1914,1914,1857,1914,1921,1914,1946,1914,1927,1927
1898,1552,1898,1898,1898,1805,1618,1552,1898,1691,1898,1898,1618,1898,1898,1634,1552,1691,1634,1898,1634,1618,1898,1634,1898,1805,1898,1898,1552,1898,1898,1634,1634,1618,1552,1552,1898,1898,1898,1634,1552,1618,1898,1691,1618,1898,1805,1898,1805,1618
1861,1914,1861,1860,1914,1861,1860,1861,1914,1861,1914,1861,1861,1861,1861,1860,1861,1861,1861,1860,1861,1861,1861,1914,1914,1861,1861,1860,1861,1861,1914,1861,1861,1914,1861,1860,1861,1861,1861,1914,1914,1861,1914,1860,1914,1861,1861,1884,1914,1861
1618,1618,1618,1618,1618,1618,1618,1618,1618,1898,1618,1618,1618,1618,1618,1618,1618,1618,1618,1618,1618,1618,1618,1618,1618,1618,1618,1618,1618,1618,1618,1618,1618,1618,1618,1618,1618,1618,1618,1618,1618,1618,1618,1618,1618,1618,1618,1618,1618,1618
1861,1861,1861,1861,1861,1736,1861,1736,1861,1861,1736,1861,1861,1736,1861,1861,1484,1861,1484,1861,1861,1861,1736,1861,1736,1861,1861,1484,1861,1861,1484,1861,1861,1861,1484,1861,1736,1861,1861,1484,1861,1484,1736,1861,1861,1861,1484,1484,1861,1861
1618,1618,1618,1618,1618,1618,1618,1618,1618,1618,1618,1618,1618,1618,1618,1618,1618,1618,1618,1618,1618,1618,1618,1618,1618,1618,1618,1618,1618,1618,1618,1618,1618,1618,1618,1618,1618,1618,1618,1618,1618,1618,1618,1618,1618,1618,1618,1618,1618,1618
1699,1699,1861,1861,1861,1861,1861,1699,1861,1861,1699,1535,1861,1861,1861,1861,1699,1535,1861,1861,1861,1861,1861,1861,1861,1861,1861,1861,1861,1861,1699,1861,1699,1699,1699,1861,1861,1861,1861,1861,1535,1861,1861,1535,1861,1861,1861,1861,1861,1861
1618,1618,1618,1618,1618,1618,1618,1618,1618,1618,1618,1618,1618,1618,1618,1618,1618,1618,1618,1618,1618,1618,1618,1618,1618,1618,1618,1618,1618,1618,1618,1618,1618,1618,1618,1618,1618,1618,1618,1618,1618,1618,1618,1618,1618,1618,1618,1618,1618,1618
1861,1861,1851,1861,1851,1861,1861,1861,1861,1851,1851,1851,1861,1861,1861,1861,1861,1861,1861,1861,1851,1861,1861,1861,1861,1861,1851,1861,1861,1861,1851,1861,1861,1861,1861,1861,1851,1861,1851,1861,1861,1861,1861,1861,1861,1861,1851,1861,1861,1861
1618,1618,1618,1488,1618,1618,1618,1618,1488,1618,1618,1618,1618,1618,1618,1618,1618,1618,1618,1618,1618,1618,1618,1488,1618,1565,1618,1618,1565,1488,1488,1488,1618,1618,1618,1618,1618,1488,1618,1618,1618,1618,1618,1618,1618,1618,1618,1618,1618,1618
1861,1861,1609,1609,1861,1861,1861,1861,1609,1609,1609,1861,1833,1861,1861,1861,1796,1861,1796,1861,1861,1796,1833,1609,1796,1861,1861,1861,1629,1796,1629,1833,1861,1609,1833,1609,1861,1861,1861,1861,1629,1796,1796,1861,1609,1629,1861,1861,1861,1796
1618,1618,1618,1618,1618,1618,1618,1618,1618,1618,1618,1618,1618,1618,1618,1618,1618,1618,1618,1618,1618,1618,1618,1618,1833,1618,1618,1618,1618,1618,1618,1618,1618,1618,1618,1618,1618,1618,1618,1618,1618,1618,1618,1618,1618,1618,1618,1618,1618,1618
1861,1861,1833,1861,1833,1861,1833,1861,1861,1861,1861,1675,1861,1861,1856,1861,1856,1861,1861,1833,1861,1861,1675,1861,1833,1861,1861,1856,1861,1856,1833,1861,1861,1861,1856,1861,1856,1675,1861,1861,1861,1861,1675,1861,1856,1861,1861,1675,1861,1856
1618,1568,1618,1618,1618,1618,1618,1618,1618,1618,1618,1618,1618,1618,1618,1618,1568,1618,1618,1568,1618,1618,1618,1618,1618,1618,1618,1618,1618,1568,1618,1618,1618,1618,1618,1618,1618,1568,1618,1618,1618,1618,1618,1568,1618,1618,1618,1618,1618,1618
1861,1861,1807,1861,1861,1861,1861,1861,1861,1861,1807,1861,1861,1861,1861,1861,1861,1861,1861,1807,1807,1861,1861,1861,1861,1861,1861,1807,1861,1861,1807,1807,1861,1861,1807,1861,1861,1861,1861,1861,1861,1861,1807,1861,1861,1861,1861,1861,1861,1861
1618,1618,1618,1618,1618,1618,1618,1618,1618,1618,1618,1618,1618,1618,1618,1618,1618,1618,1618,1618,1618,1618,1618,1618,1618,1618,1618,1618,1618,1618,1618,1618,1618,1618,1618,1618,1618,1618,1618,1618,1618,1618,1618,1618,1618,1618,1618,1618,1618,1618
1861,1854,1854,1854,1861,1741,1861,1670,1670,1861,1861,1861,1861,1811,1861,1861,1811,1861,1861,1670,1861,1861,1861,1854,1861,1861,1811,1861,1861,1811,1670,1854,1861,1861,1861,1861,1670,1861,1861,1861,1861,1670,1854,1861,1861,1861,1861,1861,1670,1861
1618,1618,1618,1618,1618,1618,1618,1618,1618,1618,1618,1618,1618,1618,1618,1618,1618,1618,1618,1618,1618,1618,1618,1618,1618,1618,1618,1618,1618,1618,1618,1618,1618,1618,1618,1618,1618,1618,1618,1618,1618,1618,1618,1618,1618,1618,1618,1618,1618,1618
1861,1848,1799,1848,1861,1861,1799,1812,1799,1861,1812,1848,1861,1861,1799,1799,1812,1861,1861,1861,1848,1861,1861,1812,1799,1799,1861,1799,1812,1861,1848,1848,1861,1812,1812,1861,1799,1861,1861,1799,1861,1812,1861,1848,1799,1799,1861,1848,1812,1848
1618,1618,1618,1618,1618,1618,1618,1618,1618,1618,1618,1618,1618,1618,1618,1857,1618,1618,1618,1618,1618,1618,1618,1618,1618,1618,1618,1618,1618,1618,1618,1618,1618,1618,1618,1618,1618,1618,1618,1618,1618,1618,1618,1618,1618,1618,1618,1618,1618,1618
1796,1861,1861,1861,1750,1861,1861,1861,1861,1861,1861,1861,1861,1861,1857,1750,1796,1861,1861,1861,1861,1861,1857,1796,1857,1857,1796,1857,1861,1796,1861,1861,1861,1861,1861,1861,1796,1857,1750,1861,1750,1769,1861,1769,1857,1861,1857,1750,1857,1861
1618,1618,1618,1618,1618,1618,1618,1618,1618,1618,1618,1618,1618,1618,1618,1618,1618,1618,1618,1618,1618,1618,1618,1618,1618,1618,1618,1618,1618,1618,1618,1618,1618,1618,1618,1618,1618,1618,1618,1618,1618,1618,1618,1618,1618,1618,1618,1618,1618,1857
1861,1861,1861,1739,1861,1861,1857,1861,1861,1857,1861,1861,1857,1861,1861,1857,1861,1861,1857,1739,1739,1861,1861,1861,1739,1861,1857,1861,1861,1861,1861,1861,1861,1861,1861,1861,1861,1857,1861,1861,1861,1857,1861,1861,1861,1857,1861,1861,1861,1861
1618,1618,1618,1618,1618,1618,1618,1618,1618,1618,1618,1618,1618,1618,1618,1618,1618,1618,1618,1618,1618,1618,1618,1618,1618,1618,1618,1618,1618,1618,1618,1618,1618,1618,1618,1618,1618,1618,1618,1618,1618,1618,1618,1618,1618,1618,1618,1618,1618,1618
1861,1861,1726,1861,1861,1861,1861,1775,1861,1861,1861,1726,1810,1775,1775,1861,1861,1810,1775,1810,1726,1861,1861,1726,1726,1861,1726,1861,1810,1861,1775,1861,1726,1726,1775,1726,1810,1861,1861,1861,1861,1726,1861,1810,1775,1726,1861,1861,1861,1861
1618,1618,1618,1618,1618,1618,1618,1618,1618,1618,1618,1618,1618,1618,1618,1618,1618,1618,1618,1618,1618,1618,1618,1618,1618,1618,1618,1618,1618,1618,1618,1618,1618,1618,1618,1618,1618,1618,1618,1618,1618,1618,1618,1618,1618,1618,1618,1618,1618,1618
1861,1745,1861,1861,1861,1861,1861,1861,1745,1861,1861,1861,1854,1861,1861,1861,1854,1861,1861,1861,1854,1861,1506,1854,1745,1506,1861,1745,1861,1861,1861,1861,1506,1861,1861,1861,1861,1854,1506,1854,1745,1861,1506,1745,1861,1506,1506,1745,1861,1861
1618,1618,1618,1618,1618,1618,1618,1618,1618,1618,1618,1618,1618,1618,1618,1618,1618,1618,1618,1618,1618,1618,1618,1618,1618,1618,1618,1618,1618,1618,1618,1618,1618,1618,1618,1618,1618,1618,1618,1618,1618,1618,1618,1618,1618,1618,1618,1618,1618,1618
1861,1861,1861,1861,1861,1861,1861,1861,1861,1861,1861,1861,1861,1861,1861,1861,1861,1861,1861,1861,1861,1861,1861,1861,1861,1861,1861,1861,1861,1861,1861,1861,1861,1861,1861,1861,1861,1861,1861,1861,1861,1861,1861,1861,1861,1861,1861,1861,1861,1861
1618,1618,1618,1618,1618,1618,1618,1618,1618,1618,1618,1618,1618,1618,1618,1618,1618,1618,1618,1618,1618,1618,1618,1618,1618,1618,1618,1618,1618,1618,1618,1618,1618,1618,1618,1618,1618,1618,1618,1618,1618,1618,1618,1618,1618,1618,1618,1618,1618,1618
1861,1861,1781,1861,1861,1861,1781,1861,1861,1861,1781,1781,1861,1861,1861,1861,1861,1861,1861,1861,1861,1861,1861,1781,1861,1861,1861,1861,1861,1861,1861,1861,1861,1861,1861,1861,1781,1861,1861,1861,1861,1781,1861,1861,1861,1861,1861,1861,1861,1861
1618,1618,1618,1618,1618,1618,1618,1618,1618,1618,1618,1618,1618,1618,1618,1618,1618,1618,1618,1618,1618,1618,1618,1618,1618,1618,1618,1618,1618,1618,1618,1618,1618,1618,1618,1618,1618,1618,1618,1618,1618,1618,1618,1618,1618,1618,1618,1618,1618,1618
1861,1861,1861,1861,1861,1861,1861,1861,1861,1861,1861,1861,1861,1861,1861,1861,1842,1861,1861,1861,1861,1861,1861,1861,1861,1861,1861,1842,1861,1861,1861,1842,1861,1861,1861,1842,1861,1861,1861,1861,1861,1861,1842,1861,1861,1861,1861,1861,1861,1861
1618,1618,1618,1618,1618,1618,1618,1618,1618,1618,1618,1618,1618,1618,1618,1618,1618,1618,1618,1618,1618,1618,1618,1618,1618,1618,1618,1618,1618,1618,1618,1618,1618,1618,1618,1618,1618,1618,1618,1618,1618,1618,1618,1618,1618,1618,1618,1618,1618,1618
1861,1861,1861,1861,1861,1861,1861,1861,1861,1861,1861,1861,1861,1861,1861,1861,1861,1795,1795,1861,1861,1861,1861,1861,1861,1861,1861,1861,1861,1861,1861,1861,1795,1795,1861,1861,1861,1861,1795,1861,1861,1861,1861,1795,1861,1795,1861,1795,1861,1861
1618,1618,1618,1618,1618,1618,1618,1618,1618,1618,1618,1618,1607,1618,1618,1618,1607,1607,1618,1618,1618,1618,1618,1618,1618,1618,1607,1607,1618,1618,1618,1607,1618,1607,1618,1618,1618,1618,1618,1607,1618,1618,1618,1618,1607,1618,1618,1618,1618,1618
1682,1605,1787,1605,1861,1861,1861,1847,1861,1861,1861,1605,1861,1861,1861,1682,1605,1847,1682,1861,1605,1861,1787,1787,1861,1861,1682,1861,1847,1682,1861,1861,1861,1861,1861,1605,1861,1605,1861,1861,1861,1861,1847,1787,1605,1605,1605,1861,1787,1847
1618,1618,1618,1618,1618,1618,1618,1618,1618,1618,1618,1618,1618,1618,1618,1618,1618,1618,1628,1618,1618,1618,1618,1618,1618,1628,1618,1618,1618,1618,1618,1618,1618,1618,1618,1618,1618,1618,1618,1618,1618,1618,1618,1618,1618,1618,1618,1618,1618,1618
1854,1605,1861,1834,1854,1861,1861,1861,1605,1605,1605,1834,1834,1854,1605,1861,1854,1605,1834,1834,1861,1861,1605,1854,1861,1605,1605,1861,1861,1861,1834,1605,1605,1861,1861,1861,1861,1861,1834,1861,1861,1605,1834,1605,1861,1605,1861,1834,1605,1605
1618,1618,1618,1618,1618,1618,1618,1618,1618,1618,1618,1618,1618,1618,1618,1618,1618,1618,1618,1618,1618,1618,1618,1618,1618,1618,1618,1618,1628,1618,1618,1618,1628,1618,1618,1618,1618,1618,1618,1618,1618,1618,1618,1618,1618,1618,1618,1618,1618,1618
1861,1861,1861,1717,1861,1741,1861,1605,1716,1861,1861,1861,1716,1605,1861,1717,1605,1861,1861,1861,1605,1605,1861,1861,1861,1861,1861,1861,1605,1861,1861,1861,1861,1741,1716,1861,1605,1861,1605,1741,1605,1716,1861,1605,1717,1861,1741,1861,1717,1717
1618,1618,1618,1618,1618,1618,1618,1618,1618,1618,1618,1618,1618,1618,1618,1618,1618,1618,1618,1618,1618,1618,1523,1618,1618,1618,1523,1618,1618,1717,1618,1618,1618,1618,1523,1618,1523,1618,1618,1618,1618,1618,1618,1618,1618,1523,1618,1618,1618,1618
1861,1861,1861,1861,1861,1717,1717,1861,1648,1861,1648,1861,1717,1861,1648,1861,1861,1861,1861,1861,1861,1861,1861,1648,1861,1861,1861,1861,1861,1861,1861,1717,1717,1861,1861,1648,1861,1861,1861,1861,1861,1861,1861,1861,1648,1861,1861,1861,1861,1861
1618,1618,1618,1618,1618,1618,1618,1618,1618,1618,1618,1618,1618,1618,1618,1618,1618,1618,1618,1618,1618,1618,1618,1618,1618,1618,1618,1618,1618,1618,1618,1618,1618,1618,1618,1618,1618,1618,1618,1618,1618,1618,1618,1618,1618,1618,1618,1618,1618,1618
1861,1861,1645,1861,1645,1697,1861,1697,1697,1861,1861,1697,1861,1861,1645,1861,1697,1861,1861,1697,1861,1697,1599,1697,1861,1861,1861,1697,1697,1861,1599,1697,1861,1697,1645,1697,1697,1861,1861,1861,1861,1861,1861,1697,1861,1861,1697,1861,1861,1861
1618,1618,1618,1618,1618,1618,1618,1618,1618,1618,1618,1618,1618,1618,1618,1618,1618,1618,1618,1618,1618,1618,1618,1618,1618,1618,1618,1618,1618,1618,1618,1618,1618,1618,1618,1618,1618,1618,1618,1618,1618,1618,1618,1618,1618,1618,1618,1618,1618,1618
1846,1861,1861,1861,1861,1846,1861,1815,1861,1861,1815,1815,1861,1861,1861,1861,1861,1846,1846,1861,1861,1815,1815,1861,1861,1861,1861,1861,1861,1861,1815,1815,1815,1861,1861,1861,1861,1861,1861,1815,1861,1861,1861,1861,1861,1861,1861,1861,1861,1861
1618,1618,1618,1618,1618,1618,1618,1618,1618,1618,1618,1618,1618,1618,1618,1618,1618,1618,1618,1618,1618,1618,1618,1618,1618,1618,1618,1618,1618,1618,1618,1618,1618,1618,1618,1618,1618,1618,1618,1618,1618,1618,1618,1618,1618,1618,1618,1618,1618,1618
1861,1838,1861,1861,1861,1861,1861,1861,1861,1838,1861,1861,1861,1861,1861,1861,1861,1838,1646,1838,1861,1838,1861,1861,1861,1861,1838,1861,1861,1861,1861,1861,1861,1861,1861,1861,1861,1861,1861,1861,1861,1861,1861,1861,1838,1861,1861,1861,1861,1861
1618,1618,1618,1618,1618,1618,1618,1618,1618,1618,1618,1618,1618,1618,1618,1618,1618,1618,1618,1618,1618,1618,1618,1618,1618,1618,1618,1618,1618,1618,1618,1618,1618,1618,1618,1618,1618,1618,1618,1618,1618,1618,1618,1618,1618,1618,1618,1618,1618,1618
1861,1861,1861,1861,1779,1861,1861,1779,1861,1861,1779,1861,1861,1861,1861,1779,1861,1779,1861,1779,1779,1861,1861,1861,1861,1861,1861,1861,1861,1861,1861,1861,1861,1861,1861,1861,1861,1861,1861,1779,1861,1861,1861,1861,1861,1861,1861,1861,1861,1861
1618,1618,1618,1618,1618,1618,1618,1618,1618,1618,1618,1618,1618,1618,1618,1618,1618,1618,1618,1618,1618,1618,1618,1618,1618,1618,1618,1618,1618,1618,1618,1618,1618,1618,1618,1618,1618,1618,1618,1618,1618,1618,1618,1618,1618,1618,1618,1618,1618,1618
1861,1861,1861,1861,1861,1705,1861,1861,1705,1861,1861,1861,1861,1705,1861,1705,1861,1861,1861,1861,1705,1861,1861,1861,1861,1861,1861,1861,1861,1705,1861,1861,1861,1861,1861,1861,1861,1861,1861,1861,1861,1861,1861,1861,1705,1861,1705,1861,1861,1861
1618,1618,1618,1618,1618,1618,1618,1618,1618,1618,1618,1618,1618,1618,1618,1618,1618,1618,1618,1618,1618,1618,1618,1618,1618,1618,1618,1618,1618,1618,1618,1618,1618,1618,1618,1618,1618,1618,1618,1618,1618,1618,1618,1618,1618,1618,1618,1618,1618,1618
1861,1861,1861,1861,1861,1861,1861,1861,1861,1861,1861,1861,1861,1861,1861,1654,1654,1861,1861,1654,1861,1861,1861,1861,1861,1654,1861,1861,1861,1861,1861,1654,1861,1654,1861,1861,1861,1654,1861,1654,1654,1861,1861,1861,1861,1861,1861,1861,1861,1861
1618,1618,1618,1618,1618,1618,1618,1618,1541,1618,1618,1618,1618,1618,1618,1618,1618,1618,1618,1618,1618,1618,1541,1618,1618,1541,1618,1541,1541,1618,1618,1618,1618,1618,1618,1541,1618,1618,1618,1618,1618,1618,1618,1618,1541,1541,1618,1618,1541,1618
1720,1861,1742,1742,1842,1742,1720,1742,1720,1742,1742,1742,1742,1742,1720,1720,1742,1742,1861,1742,1742,1720,1742,1861,1742,1861,1742,1720,1861,1742,1842,1742,1742,1742,1861,1720,1742,1742,1742,1742,1720,1742,1742,1742,1742,1742,1742,1742,1861,1742
1541,1541,1541,1541,1541,1541,1541,1541,1541,1541,1541,1541,1541,1541,1541,1541,1541,1541,1541,1541,1541,1541,1541,1541,1541,1541,1541,1541,1541,1831,1541,1541,1541,1541,1541,1541,1541,1541,1541,1541,1541,1541,1541,1541,1541,1541,1541,1541,1541,1541
1740,1612,1711,1742,1711,1726,1659,1742,1742,1553,1711,1612,1742,1612,1740,1742,1612,1740,1711,1612,1659,1742,1726,1742,1553,1659,1742,1742,1726,1612,1553,1742,1742,1742,1659,1742,1711,1740,1740,1553,1742,1742,1742,1740,1742,1659,1711,1553,1742,1711
1541,1541,1541,1541,1541,1541,1541,1541,1541,1664,1541,1541,1541,1541,1541,1541,1541,1541,1541,1541,1541,1541,1541,1541,1541,1541,1541,1541,1541,1541,1541,1541,1541,1541,1541,1541,1541,1541,1541,1541,1541,1541,1541,1541,1541,1541,1541,1541,1541,1541
1742,1676,1653,1742,1742,1553,1742,1742,1742,1742,1742,1676,1676,1553,1653,1742,1653,1742,1653,1742,1553,1742,1742,1742,1676,1742,1553,1553,1742,1742,1742,1742,1742,1742,1742,1553,1553,1742,1676,1742,1676,1553,1742,1742,1676,1742,1742,1553,1742,1553
1541,1541,1541,1541,1541,1541,1541,1541,1541,1541,1541,1541,1541,1541,1541,1541,1541,1541,1541,1541,1541,1541,1541,1541,1541,1541,1541,1541,1541,1541,1541,1541,1541,1541,1541,1541,1541,1541,1541,1541,1541,1541,1541,1541,1541,1541,1541,1541,1541,1541
1742,1538,1742,1538,1742,1567,1742,1742,1730,1742,1538,1730,1742,1742,1742,1730,1538,1742,1730,1742,1742,1538,1742,1742,1742,1567,1742,1538,1742,1538,1538,1538,1742,1742,1742,1538,1538,1742,1742,1742,1742,1538,1567,1742,1742,1567,1742,1730,1742,1742
1541,1541,1541,1541,1541,1541,1541,1541,1541,1541,1541,1541,1541,1541,1541,1541,1541,1541,1541,1541,1541,1541,1541,1541,1541,1541,1541,1541,1541,1541,1541,1541,1541,1541,1541,1541,1541,1541,1541,1541,1541,1541,1541,1541,1541,1541,1541,1541,1541,1541
1742,1742,1742,1742,1742,1742,1742,1742,1742,1742,1742,1742,1742,1742,1742,1742,1742,1742,1742,1742,1742,1742,1742,1742,1742,1742,1742,1742,1742,1742,1742,1742,1742,1742,1742,1742,1742,1742,1742,1742,1742,1742,1742,1742,1742,1742,1742,1742,1742,1742
1541,1541,1541,1541,1541,1541,1541,1541,1541,1541,1541,1541,1541,1541,1541,1541,1541,1541,1541,1541,1541,1541,1541,1541,1541,1541,1541,1541,1541,1541,1541,1541,1541,1541,1541,1541,1541,1541,1541,1541,1541,1541,1541,1541,1541,1541,1541,1541,1541,1541
1742,1742,1742,1418,1742,1742,1418,1742,1742,1742,1742,1407,1670,1742,1742,1742,1742,1742,1742,1742,1742,1742,1407,1407,1742,1742,1742,1407,1742,1742,1742,1742,1742,1742,1742,1418,1407,1418,1742,1742,1418,1670,1742,1742,1742,1742,1742,1742,1742,1742
1541,1541,1541,1541,1485,1541,1541,1541,1541,1485,1541,1541,1541,1541,1541,1541,1541,1541,1541,1541,1541,1541,1541,1541,1541,1541,1541,1485,1485,1541,1485,1485,1541,1541,1485,1541,1541,1541,1541,1485,1541,1541,1541,1541,1541,1541,1541,1541,1541,1485
1742,1739,1586,1742,1586,1742,1742,1739,1742,1742,1742,1742,1742,1742,1742,1742,1742,1586,1742,1742,1586,1742,1742,1586,1742,1742,1742,1586,1586,1586,1739,1742,1742,1742,1742,1742,1742,1742,1586,1739,1742,1742,1742,1742,1742,1742,1739,1742,1739,1742
1541,1541,1541,1541,1541,1541,1541,1541,1541,1541,1541,1541,1541,1541,1541,1541,1541,1541,1541,1541,1541,1541,1541,1541,1541,1541,1541,1541,1541,1541,1541,1541,1541,1541,1541,1541,1541,1541,1541,1541,1541,1541,1541,1541,1541,1541,1541,1541,1541,1541
1682,1682,1742,1742,1742,1742,1742,1742,1742,1742,1742,1742,1742,1742,1742,1682,1742,1682,1742,1682,1742,1742,1742,1742,1742,1682,1682,1682,1742,1742,1742,1742,1682,1742,1742,1742,1742,1742,1742,1742,1742,1742,1742,1742,1742,1742,1742,1742,1742,1742
1541,1541,1541,1541,1541,1541,1438,1541,1541,1541,1541,1541,1438,1541,1541,1541,1541,1438,1541,1541,1541,1541,1438,1438,1541,1541,1541,1541,1541,1541,1541,1541,1438,1541,1541,1438,1438,1541,1541,1541,1541,1541,1541,1541,1541,1541,1541,1438,1541,1541
1742,1354,1555,1742,1742,1742,1510,1742,1555,1742,1555,1354,1609,1742,1354,1354,1609,1510,1742,1354,1742,1555,1742,1742,1510,1510,1510,1510,1354,1555,1742,1742,1510,1354,1742,1742,1510,1609,1742,1510,1510,1742,1510,1354,1354,1354,1354,1510,1742,1555
1541,1541,1541,1541,1541,1541,1541,1541,1541,1541,1541,1541,1541,1541,1541,1541,1541,1541,1541,1541,1541,1541,1541,1388,1541,1546,1541,1541,1541,1541,1541,1388,1541,1541,1541,1541,1541,1541,1541,1541,1918,1541,1388,1388,1541,1541,1541,1541,1541,1541
1682,1682,1354,1354,1742,1354,1510,1742,1682,1742,1682,1354,1510,1742,1510,1682,1548,1682,1682,1742,1742,1742,1742,1742,1682,1742,1742,1548,1548,1742,1742,1354,1742,1548,1510,1742,1685,1742,1742,1510,1742,1742,1742,1742,1742,1682,1742,1510,1742,1685
1541,1541,1541,1541,1541,1541,1541,1541,1541,1541,1541,1541,1541,1541,1541,1541,1541,1541,1541,1541,1541,1541,1541,1541,1541,1541,1541,1541,1541,1541,1541,1541,1541,1541,1541,1541,1541,1541,1541,1541,1541,1541,1541,1541,1541,1541,1541,1541,1541,1541
1742,1742,1742,1742,1742,1690,1742,1667,1742,1742,1742,1742,1742,1742,1742,1667,1667,1742,1690,1742,1742,1742,1742,1742,1742,1690,1742,1742,1742,1742,1690,1742,1742,1742,1690,1742,1667,1742,1742,1742,1742,1742,1742,1742,1742,1667,1690,1742,1742,1690
1541,1541,1541,1541,1541,1541,1541,1541,1541,1541,1541,1541,1541,1541,1541,1541,1541,1541,1541,1541,1541,1541,1541,1541,1541,1541,1541,1541,1541,1541,1541,1541,1541,1541,1541,1541,1541,1541,1541,1541,1541,1541,1541,1541,1541,1541,1541,1541,1541,1541
1742,1742,1521,1521,1742,1742,1521,1742,1742,1742,1742,1521,1742,1742,1742,1742,1521,1742,1521,1742,1521,1742,1742,1742,1521,1742,1742,1742,1521,1742,1742,1742,1521,1742,1742,1742,1742,1742,1742,1742,1742,1742,1742,1742,1742,1742,1742,1742,1521,1742
1541,1541,1541,1541,1491,1541,1468,1541,1541,1491,1541,1541,1468,1541,1541,1541,1491,1541,1491,1541,1541,1468,1541,1490,1541,1490,1468,1491,1541,1491,1541,1541,1541,1541,1490,1541,1541,1541,1541,1490,1541,1541,1541,1468,1491,1468,1541,1490,1490,1541
1742,1742,1742,1742,1742,1685,1742,1742,1742,1685,1742,1742,1742,1742,1742,1642,1685,1742,1742,1685,1642,1742,1742,1742,1742,1742,1742,1742,1742,1685,1742,1742,1642,1742,1742,1742,1642,1742,1742,1742,1742,1742,1742,1742,1742,1742,1742,1742,1742,1685
1541,1541,1541,1390,1541,1541,1541,1541,1541,1541,1541,1541,1541,1541,1541,1390,1390,1541,1390,1541,1541,1541,1541,1541,1541,1541,1541,1541,1541,1541,1541,1541,1541,1541,1541,1541,1541,1390,1541,1541,1390,1541,1541,1541,1541,1541,1541,1541,1541,1541
1683,1742,1726,1742,1683,1742,1742,1726,1742,1742,1683,1742,1683,1586,1742,1742,1742,1742,1742,1742,1742,1742,1726,1742,1742,1586,1742,1742,1742,1726,1586,1742,1742,1742,1742,1742,1683,1742,1742,1742,1726,1742,1742,1742,1742,1742,1742,1726,1683,1742
1541,1541,1541,1541,1541,1541,1541,1541,1541,1541,1541,1541,1541,1541,1541,1541,1541,1541,1541,1541,1541,1541,1541,1541,1541,1541,1541,1541,1541,1541,1541,1541,1541,1541,1541,1541,1541,1541,1541,1541,1541,1541,1541,1541,1541,1541,1541,1541,1541,1541
1742,1742,1742,1742,1742,1742,1742,1742,1742,1742,1742,1742,1742,1099,1742,1742,1742,1742,1742,1742,1742,1742,1742,1742,1742,1742,1099,1742,1742,1742,1742,1742,1742,1742,1742,1742,1742,1742,1742,1742,1099,1742,1742,1742,1099,1742,1742,1742,1742,1742
1541,1541,1541,1541,1541,1541,1541,1541,1541,1541,1541,1541,1541,1541,1541,1541,1541,1541,1541,1541,1541,1541,1541,1541,1541,1541,1541,1541,1541,1541,1541,1541,1541,1541,1541,1541,1541,1541,1541,1541,1541,1541,1541,1541,1541,1541,1541,1541,1541,1541
1742,1742,1742,1742,1742,1742,1742,1742,1742,1742,1742,1742,1742,1742,1742,1742,1742,1742,1742,1742,1742,1742,1742,1742,1742,1742,1742,1742,1742,1742,1742,1742,1742,1742,1742,1742,1742,1742,1742,1742,1742,1742,1742,1742,1742,1742,1742,1742,1742,1742
1541,1541,1541,1541,1541,1541,1541,1541,1541,1541,1541,1541,1541,1541,1541,1541,1541,1541,1541,1541,1541,1541,1541,1541,1541,1541,1541,1541,1541,1541,1541,1541,1541,1541,1541,1541,1541,1541,1541,1541,1541,1541,1541,1541,1541,1541,1541,1541,1541,1541
1742,1680,1742,1742,1742,1742,1742,1742,1742,1680,1742,1690,1742,1476,1680,1680,1742,1690,1742,1742,1742,1742,1742,1742,1742,1742,1476,1742,1742,1742,1742,1742,1742,1476,1690,1742,1742,1742,1742,1742,1476,1742,1690,1742,1742,1476,1742,1742,1742,1742
1541,1541,1541,1541,1541,1541,1541,1541,1541,1541,1541,1541,1541,1541,1541,1541,1541,1541,1541,1541,1541,1541,1541,1541,1541,1541,1541,1541,1541,1541,1541,1541,1541,1541,1541,1541,1541,1541,1541,1541,1541,1541,1541,1541,1541,1541,1541,1541,1541,1541
1706,1664,1742,1742,1563,1742,1742,1742,1742,1742,1742,1706,1664,1664,1664,1742,1742,1742,1706,1742,1664,1563,1742,1563,1664,1742,1742,1742,1742,1563,1706,1742,1742,1742,1742,1742,1742,1664,1742,1742,1563,1563,1742,1742,1742,1563,1664,1742,1742,1742
1541,1541,1541,1541,1541,1541,1541,1541,1541,1541,1541,1541,1541,1541,1541,1541,1541,1541,1541,1541,1541,1541,1541,1541,1541,1541,1541,1541,1541,1541,1541,1541,1541,1541,1541,1541,1541,1541,1541,1541,1541,1541,1541,1541,1541,1541,1541,1541,1541,1541
1742,1742,1742,1626,1626,1742,1626,1718,1742,1742,1594,1742,1718,1626,1742,1742,1626,1742,1718,1742,1742,1718,1718,1742,1742,1742,1718,1718,1742,1742,1742,1626,1742,1594,1742,1742,1742,1742,1626,1742,1718,1594,1742,1742,1594,1742,1626,1626,1718,1594
1541,1541,1541,1541,1541,1541,1541,1541,1541,1541,1541,1541,1541,1541,1541,1541,1541,1541,1541,1541,1541,1541,1541,1541,1541,1541,1541,1541,1541,1541,1541,1541,1541,1541,1541,1541,1541,1541,1541,1541,1541,1541,1541,1541,1541,1541,1541,1541,1541,1541
1742,1742,1742,1742,1742,1742,1742,1742,1742,1742,1742,1742,1742,1691,1742,1742,1742,1742,1742,1742,1691,1742,1742,1742,1742,1742,1742,1742,1742,1691,1742,1742,1742,1742,1742,1742,1742,1742,1742,1742,1742,1742,1742,1742,1742,1742,1742,1742,1742,1742
1541,1541,1541,1541,1541,1541,1541,1541,1541,1541,1541,1541,1541,1541,1541,1541,1541,1541,1541,1541,1541,1541,1541,1541,1541,1541,1541,1541,1541,1541,1541,1541,1541,1541,1541,1541,1541,1541,1541,1541,1541,1541,1541,1541,1541,1541,1541,1541,1541,1541
1742,1742,1742,1742,1742,1742,1742,1742,1742,1742,1742,1742,1742,1742,1742,1742,1742,1742,1742,1742,1742,1742,1742,1742,1742,1742,1742,1742,1742,1742,1742,1742,1742,1742,1742,1742,1742,1742,1742,1742,1742,1742,1742,1742,1742,1742,1742,1742,1742,1742
1541,1541,1541,1541,1541,1541,1541,1541,1541,1541,1541,1541,1541,1541,1541,1541,1541,1541,1541,1541,1541,1541,1541,1541,1541,1541,1541,1541,1541,1541,1541,1541,1541,1541,1541,1541,1541,1541,1541,1541,1541,1541,1541,1541,1541,1541,1541,1541,1541,1541
1711,1742,1711,1742,1742,1742,1742,1742,1742,1742,1742,1742,1742,1742,1742,1742,1742,1742,1742,1742,1742,1742,1742,1742,1742,1742,1742,1742,1742,1742,1742,1742,1742,1742,1742,1742,1742,1742,1711,1742,1742,1742,1742,1742,1711,1742,1742,1742,1742,1742
1541,1541,1509,1541,1509,1509,1509,1541,1541,1541,1541,1541,1541,1541,1541,1541,1541,1541,1541,1541,1541,1541,1541,1541,1541,1541,1509,1541,1541,1541,1541,1541,1509,1541,1541,1541,1541,1541,1541,1541,1541,1509,1541,1541,1541,1541,1541,1541,1541,1541
1742,1742,1742,1742,1742,1742,1742,1742,1738,1742,1738,1739,1742,1742,1738,1742,1742,1742,1739,1742,1742,1742,1739,1738,1742,1742,1742,1742,1742,1742,1739,1742,1738,1742,1742,1742,1742,1742,1742,1742,1738,1742,1739,1742,1739,1742,1742,1742,1742,1742
1541,1541,1541,1541,1541,1541,1541,1541,1541,1541,1541,1541,1541,1541,1541,1541,1541,1541,1541,1541,1541,1541,1541,1541,1541,1541,1541,1541,1541,1541,1541,1541,1541,1541,1541,1541,1541,1541,1541,1541,1541,1541,1541,1541,1541,1541,1541,1541,1541,1541
1742,1742,1742,1742,1742,1742,1742,1742,1742,1742,1742,1742,1742,1742,1742,1742,1742,1742,1742,1742,1742,1742,1742,1742,1742,1742,1742,1742,1742,1742,1742,1742,1742,1742,1742,1742,1742,1742,1742,1742,1742,1742,1742,1742,1742,1742,1742,1742,1742,1742
1541,1541,1541,1541,1541,1541,1541,1541,1541,1541,1541,1541,1541,1541,1541,1541,1541,1541,1541,1541,1541,1541,1541,1541,1541,1541,1541,1541,1541,1541,1541,1541,1541,1541,1541,1541,1541,1541,1541,1541,1541,1541,1541,1541,1541,1541,1541,1541,1541,1541
1742,1742,1742,1742,1742,1742,1742,1699,1699,1742,1742,1742,1742,1742,1742,1699,1742,1742,1742,1742,1742,1742,1699,1742,1742,1742,1699,1742,1699,1742,1742,1742,1742,1742,1742,1742,1742,1742,1699,1742,1699,1742,1742,1742,1742,1742,1742,1742,1742,1699
1541,1541,1541,1541,1541,1541,1541,1541,1541,1541,1541,1541,1541,1541,1541,1541,1541,1541,1541,1541,1541,1541,1541,1541,1541,1541,1541,1541,1541,1541,1541,1541,1541,1541,1541,1541,1541,1541,1541,1541,1541,1541,1541,1541,1541,1541,1541,1541,1541,1541
1632,1742,1742,1742,1566,1742,1742,1742,1632,1742,1632,1742,1742,1742,1742,1742,1742,1632,1632,1742,1742,1742,1742,1742,1632,1742,1742,1742,1742,1566,1742,1632,1742,1742,1742,1742,1632,1742,1632,1742,1742,1742,1632,1742,1742,1742,1742,1742,1742,1742
1541,1541,1541,1541,1541,1541,1541,1541,1541,1541,1541,1541,1541,1541,1541,1541,1541,1541,1541,1541,1541,1541,1541,1541,1541,1541,1541,1541,1541,1541,1541,1541,1541,1541,1541,1541,1541,1541,1541,1541,1541,1541,1541,1541,1541,1541,1541,1541,1541,1541
1742,1742,1705,1742,1742,1584,1742,1742,1742,1584,1742,1742,1742,1742,1742,1742,1742,1742,1742,1705,1742,1742,1742,1742,1742,1742,1742,1584,1705,1742,1742,1705,1742,1584,1742,1742,1742,1742,1742,1742,1742,1742,1742,1584,1742,1742,1584,1584,1584,1742
1541,1541,1541,1541,1541,1541,1541,1541,1541,1541,1541,1541,1541,1541,1541,1541,1541,1541,1541,1541,1541,1541,1541,1541,1541,1541,1541,1541,1541,1541,1541,1541,1541,1541,1541,1541,1541,1541,1541,1541,1541,1541,1541,1541,1541,1541,1541,1541,1541,1541
1742,1598,1742,1497,1598,1742,1630,1598,1742,1497,1742,1742,1742,1630,1742,1598,1742,1497,1742,1742,1497,1742,1742,1742,1630,1742,1742,1497,1742,1742,1742,1742,1497,1497,1598,1742,1742,1598,1742,1742,1598,1742,1742,1742,1598,1598,1598,1742,1742,1742
1541,1540,1541,1541,1541,1221,1541,1541,1541,1541,1541,1541,1541,1221,1221,1541,1541,1221,1541,1541,1541,1541,1221,1541,1221,1541,1541,1541,1541,1541,1221,1221,1541,1541,1221,1541,1541,1221,1541,1541,1541,1541,1541,1541,1541,1221,1541,1541,1221,1541
1742,1742,1707,1550,1742,1742,1742,1742,1742,1742,1742,1702,1707,1742,1742,1679,1742,1550,1707,1679,1550,1742,1742,1719,1550,1719,1742,1550,1719,1742,1719,1742,1707,1550,1702,1719,1742,1742,1550,1550,1702,1679,1702,1550,1719,1742,1550,1742,1719,1702
1541,1541,1541,1541,1541,1541,1541,1541,1541,1541,1541,1541,1541,1541,1541,1541,1855,1541,1541,1541,1541,1541,1541,1541,1541,1541,1541,1541,1541,1541,1541,1541,1541,1541,1541,1541,1541,1541,1541,1541,1541,1541,1541,1541,1541,1541,1541,1541,1541,1541
1633,1742,1633,1633,1742,1694,1550,1742,1506,1742,1506,1694,1633,1742,1742,1633,1742,1742,1550,1633,1742,1742,1694,1633,1506,1742,1506,1633,1506,1506,1694,1506,1694,1506,1506,1506,1506,1738,1722,1550,1742,1742,1633,1742,1550,1506,1738,1550,1742,1742
1541,1541,1541,1541,1541,1541,1541,1541,1541,1541,1541,1476,1541,1476,1541,1541,1476,1541,1541,1541,1541,1541,1541,1541,1541,1541,1541,1541,1541,1541,1541,1541,1541,1541,1541,1541,1541,1541,1541,1541,1541,1541,1541,1541,1541,1541,1541,1541,1476,1541
1604,1604,1742,1604,1742,1742,1742,1742,1604,1604,1604,1742,1742,1604,1604,1604,1604,1742,1604,1604,1742,1604,1604,1604,1742,1742,1742,1604,1604,1604,1742,1742,1742,1604,1604,1742,1742,1604,1604,1604,1742,1604,1604,1742,1742,1604,1604,1742,1742,1742
1363,1476,1476,1476,1363,1476,1476,1476,1476,1476,1476,1476,1476,1476,1363,1476,1363,1476,1476,1476,1476,1476,1476,1476,1476,1476,1363,1476,1363,1476,1476,1363,1476,1476,1476,1476,1476,1476,1476,1476,1476,1476,1363,1476,1476,1476,1476,1476,1476,1476
1604,1604,1604,1604,1604,1604,1604,1604,1604,1604,1604,1604,1604,1604,1604,1604,1604,1604,1604,1604,1604,1604,1604,1604,1604,1604,1604,1604,1604,1604,1604,1604,1604,1604,1604,1604,1604,1604,1604,1604,1604,1604,1604,1604,1604,1604,1604,1604,1604,1604
1393,1476,1476,1476,1476,1476,1476,1476,1476,1476,1476,1476,1476,1476,1476,1476,1476,1476,1476,1393,1476,1393,1476,1476,1476,1393,1476,1393,1476,1476,1476,1393,1393,1476,1476,1476,1476,1476,1476,1476,1476,1476,1393,1476,1476,1476,1476,1476,1476,1476
1536,1604,1604,1604,1604,1604,1536,1604,1604,1604,1536,1604,1604,1536,1604,1604,1604,1604,1522,1604,1604,1604,1522,1604,1604,1522,1604,1604,1604,1604,1604,1604,1604,1604,1604,1604,1604,1536,1604,1522,1604,1604,1522,1604,1536,1604,1604,1604,1604,1604
1476,1450,1476,1476,1476,1476,1476,1476,1476,1476,1476,1450,1476,1476,1476,1476,1450,1450,1450,1476,1450,1476,1476,1476,1476,1476,1476,1476,1476,1450,1476,1476,1476,1450,1476,1476,1476,1450,1476,1476,1476,1476,1476,1476,1476,1476,1476,1476,1450,1476
1604,1604,1604,1604,1604,1604,1604,1604,1604,1604,1604,1604,1604,1604,1604,1604,1604,1604,1604,1604,1604,1604,1604,1604,1604,1604,1604,1604,1604,1604,1604,1604,1604,1604,1604,1604,1604,1604,1604,1604,1604,1604,1604,1604,1604,1604,1604,1604,1604,1604
1476,1476,1476,1476,1476,1476,1476,1476,1476,1476,1476,1476,1476,1476,1473,1476,1476,1476,1473,1476,1476,1476,1473,1476,1476,1476,1476,1476,1476,1476,1476,1476,1476,1476,1476,1476,1476,1476,1476,1476,1476,1476,1476,1476,1476,1473,1473,1476,1476,1476
1604,1604,1604,1604,1604,1603,1604,1604,1604,1604,1604,1604,1604,1604,1604,1604,1604,1604,1603,1604,1603,1604,1604,1604,1603,1604,1604,1604,1604,1604,1604,1604,1604,1604,1604,1604,1604,1604,1604,1604,1603,1604,1604,1604,1604,1604,1604,1604,1604,1604
1476,1476,1476,1476,1476,1476,1476,1476,1476,1476,1476,1476,1476,1476,1476,1476,1476,1476,1476,1476,1476,1476,1476,1476,1476,1476,1476,1476,1476,1476,1476,1476,1476,1476,1476,1476,1476,1476,1476,1476,1476,1476,1476,1476,1476,1476,1476,1476,1476,1476
1604,1604,1604,1604,1604,1604,1604,1604,1604,1604,1604,1604,1604,1604,1604,1604,1604,1604,1604,1604,1604,1604,1604,1604,1604,1604,1604,1604,1604,1604,1604,1604,1604,1604,1604,1604,1604,1604,1604,1604,1604,1604,1604,1604,1604,1604,1604,1604,1604,1604
1476,1476,1476,1476,1476,1476,1476,1476,1476,1476,1476,1476,1476,1476,1476,1476,1476,1476,1476,1476,1476,1476,1476,1476,1476,1476,1476,1476,1476,1476,1476,1476,1476,1476,1476,1476,1476,1476,1476,1476,1476,1476,1476,1476,1476,1476,1476,1476,1476,1476
974,1604,1604,1604,1604,1604,1604,1604,1604,1604,974,1604,1604,974,1604,1604,1604,1604,974,1604,974,1539,974,1604,974,1604,1604,1604,1604,1604,1604,974,974,1604,974,1604,1539,1604,974,1604,1604,1539,1604,1604,1604,1604,1604,1539,1604,1604
1476,1476,1476,1476,1476,1378,1476,1439,1439,1378,1476,1476,1476,1476,1476,1378,1476,1476,1476,1476,1439,1476,1476,1476,1476,1476,1378,1378,1476,1476,1476,1476,1476,1476,1476,1476,1439,1378,1476,1476,1476,1476,1476,1476,1476,1476,1476,1378,1476,1439
1541,1541,1604,1518,1541,1604,1604,1518,1541,1541,1541,1604,1604,1541,1541,1518,1518,1541,1541,1541,1541,1541,1604,1604,1541,1541,1541,1518,1541,1541,1541,1541,1541,1518,1518,1518,1518,1518,1541,1541,1518,1604,1518,1541,1541,1604,1518,1541,1541,1541
1439,1439,1439,1439,1439,1439,1439,1439,1439,1439,1439,1439,1439,1439,1439,1439,1439,1439,1439,1439,1439,1439,1439,1439,1439,1439,1439,1439,1439,1439,1439,1439,1439,1439,1439,1439,1439,1439,1439,1439,1439,1439,1439,1439,1439,1439,1439,1439,1439,1439
1541,1541,1541,1367,1367,1367,1541,1541,1367,1541,1541,1541,1541,1541,1367,1541,1541,1541,1541,1541,1541,1541,1541,1541,1541,1367,1367,1541,1541,1541,1541,1541,1541,1541,1541,1541,1541,1541,1541,1541,1541,1541,1367,1367,1541,1367,1541,1541,1541,1367
1439,1439,1439,1439,1439,1439,1439,1439,1439,1439,1428,1439,1439,1439,1439,1439,1439,1439,1439,1439,1439,1439,1439,1428,1439,1439,1439,1439,1439,1439,1439,1439,1428,1439,1439,1439,1439,1428,1428,1439,1439,1439,1439,1439,1439,1439,1428,1428,1439,1439
1541,1541,1541,1541,1541,1541,1541,1541,1541,1468,1541,1541,1541,1541,1541,1468,1541,1541,1541,1541,1541,1541,1541,1541,1541,1541,1541,1541,1541,1541,1541,1541,1541,1541,1541,1541,1541,1541,1468,1541,1541,1541,1541,1541,1468,1541,1541,1541,1541,1541
1439,1439,1439,1439,1439,1439,1439,1439,1439,1439,1439,1439,1439,1439,1439,1439,1439,1439,1439,1439,1439,1439,1439,1439,1439,1439,1439,1439,1439,1439,1439,1439,1439,1439,1439,1439,1439,1439,1439,1439,1439,1439,1439,1439,1439,1439,1439,1439,1439,1439
1541,1541,1541,999,1541,1541,1483,1541,1541,1541,1541,1541,1541,999,1541,1541,1541,1541,1541,1541,1541,1541,1483,1541,1541,1483,1541,1483,1541,1541,1483,1541,1541,1541,999,1541,999,999,1541,1541,1483,1483,1541,1541,1483,1541,1541,1541,1483,1541
1439,1439,1439,1439,1439,1439,1439,1439,1439,1439,1439,1439,1439,1439,1439,1439,1439,1439,1439,1439,1439,1439,1439,1439,1439,1439,1439,1439,1439,1439,1439,1439,1439,1439,1439,1439,1439,1439,1439,1439,1439,1439,1439,1439,1439,1439,1439,1439,1439,1439
1541,1541,1541,1541,1541,1512,1541,1541,1541,1541,1541,1541,1541,1541,1541,1512,1541,1541,1541,1541,1512,1541,1512,1541,1512,1541,1541,1541,1541,1541,1541,1541,1541,1541,1541,1541,1512,1541,1512,1512,1541,1541,1541,1512,1541,1512,1541,1541,1541,1541
1439,1439,1439,1439,1439,1439,1439,1439,1439,1439,1439,1439,1439,1439,1439,1439,1439,1439,1439,1439,1439,1439,1439,1439,1439,1439,1439,1439,1439,1439,1439,1439,1439,1439,1439,1439,1439,1439,1439,1439,1439,1439,1439,1439,1439,1439,1439,1439,1439,1439
1541,1541,1541,1541,1446,1541,1541,1541,1541,1541,1446,1541,1541,1541,1541,1541,1446,1541,1541,1541,1541,1541,1541,1541,1446,1446,1541,1541,1541,1541,1541,1541,1541,1541,1541,1541,1541,1541,1541,1541,1541,1541,1541,1541,1541,1541,1541,1541,1541,1541
1439,1439,1439,1439,1439,1439,1439,1439,1439,1439,1439,1439,1439,1439,1439,1439,1439,1439,1439,1439,1439,1439,1439,1439,1439,1439,1439,1439,1439,1439,1439,1439,1439,1439,1439,1439,1439,1439,1439,1439,1439,1439,1439,1439,1439,1439,1439,1439,1439,1439
1519,1519,1541,1541,1541,1541,1541,1541,1541,1541,1519,1541,1541,1541,1541,1541,1541,1519,1519,1541,1541,1541,1541,1541,1541,1541,1541,1541,1541,1541,1541,1541,1541,1541,1541,1541,1519,1541,1541,1519,1541,1541,1541,1519,1541,1541,1541,1541,1541,1541
1439,1439,1439,1439,1439,1439,1439,1439,1439,1439,1439,1439,1439,1439,1439,1439,1439,1439,1439,1439,1439,1439,1439,1439,1439,1439,1439,1439,1439,1439,1439,1439,1439,1439,1439,1439,1439,1439,1439,1439,1439,1439,1439,1439,1439,1439,1439,1439,1439,1439
1541,1541,1541,1541,1471,1541,1471,1471,1541,1471,1541,1541,1541,1541,1541,1541,1541,1471,1541,1541,1541,1541,1541,1541,1541,1541,1541,1541,1471,1541,1541,1541,1541,1541,1541,1471,1541,1471,1541,1541,1541,1541,1541,1541,1541,1541,1541,1471,1541,1541
1439,1439,1439,1439,1439,1439,1439,1439,1439,1439,1439,1439,1439,1439,1439,1439,1439,1439,1439,1439,1439,1439,1439,1439,1439,1439,1439,1439,1439,1439,1439,1439,1439,1439,1439,1439,1439,1439,1439,1439,1439,1439,1439,1439,1439,1439,1439,1439,1439,1439
1462,1541,1440,1541,1541,1541,1541,1462,1541,1541,1541,1541,1462,1541,1541,1541,1541,1440,1541,1541,1541,1440,1541,1440,1440,1541,1541,1541,1541,1440,1440,1440,1440,1541,1541,1440,1541,1541,1541,1541,1541,1541,1541,1440,1541,1440,1440,1541,1541,1541
1439,1439,1439,1439,1439,1439,1439,1439,1439,1439,1439,1439,1439,1439,1439,1439,1439,1439,1439,1439,1439,1439,1439,1439,1439,1439,1439,1439,1439,1439,1439,1439,1439,1439,1439,1439,1439,1439,1439,1439,1439,1439,1439,1439,1439,1439,1439,1439,1439,1439
1541,1541,1541,1541,1541,1541,1541,1541,1541,1541,1541,1541,1541,1541,1541,1541,1541,1541,1541,1541,1541,1541,1541,1541,1541,1541,1541,1541,1541,1541,1541,1541,1541,1541,1541,1541,1541,1541,1541,1541,1541,1541,1541,1541,1541,1541,1541,1541,1541,1541
1439,1439,1439,1439,1439,1439,1439,1439,1439,1439,1439,1439,1439,1439,1439,1439,1439,1439,1439,1439,1439,1439,1439,1439,1439,1439,1439,1439,1439,1439,1439,1439,1439,1439,1439,1439,1439,1439,1439,1439,1439,1439,1439,1439,1439,1439,1439,1439,1439,1439
1541,1541,1541,1541,1541,1541,1541,1541,1541,1541,1541,1541,1541,1541,1541,1541,1541,1541,1541,1541,1541,1541,1541,1541,1541,1541,1541,1541,1541,1541,1541,1541,1541,1541,1541,1541,1541,1541,1541,1541,1541,1541,1541,1541,1541,1541,1541,1541,1541,1541
1439,1439,1439,1439,1439,1439,1439,1439,1439,1439,1439,1439,1439,1439,1439,1439,1439,1439,1439,1439,1439,1439,1439,1439,1439,1439,1439,1439,1439,1439,1439,1439,1439,1439,1439,1439,1439,1439,1439,1439,1439,1439,1439,1439,1439,1439,1439,1439,1439,1439
1541,1406,1541,1531,1541,1541,1541,1406,1541,1406,1541,1541,1541,1099,1541,1099,1099,1541,1099,1531,1541,1099,1531,1541,1541,1531,1099,1531,1531,1531,1541,1406,1541,1541,1541,1099,1541,1541,1541,1531,1541,1541,1531,1406,1406,1406,1531,1541,1541,1541
1439,1439,1439,1439,1439,1439,1439,1439,1439,1439,1439,1439,1439,1439,1439,1439,1439,1439,1439,1439,1439,1439,1439,1439,1439,1439,1439,1439,1439,1439,1439,1439,1439,1439,1439,1439,1439,1439,1439,1439,1439,1439,1439,1439,1439,1439,1439,1439,1439,1439
1541,1541,1541,1541,1541,1541,1541,1541,1541,1541,1541,1541,1541,1541,1541,1541,1541,1541,1541,1541,1541,1541,1541,1541,1541,1541,1541,1541,1541,1541,1541,1541,1541,1541,1541,1541,1541,1541,1541,1541,1541,1541,1541,1541,1541,1541,1541,1541,1541,1541
1439,1439,1439,1439,1439,1439,1439,1439,1439,1439,1439,1439,1439,1439,1439,1439,1439,1439,1439,1439,1439,1439,1439,1439,1439,1439,1439,1439,1439,1439,1439,1439,1439,1439,1439,1439,1439,1439,1439,1439,1439,1439,1439,1439,1439,1439,1439,1439,1439,1439
1358,1541,1541,1541,1541,1541,1358,1541,1541,1541,1541,1541,1541,1541,1541,1541,1541,1541,1541,1541,1358,1541,1541,1541,1541,1541,1541,1541,1541,1541,1541,1541,1541,1541,1541,1541,1358,1541,1541,1541,1358,1541,1541,1358,1358,1541,1541,1541,1541,1541
1439,1439,1439,1439,1439,1439,1439,1439,1439,1439,1439,1439,1439,1439,1439,1439,1439,1439,1439,1439,1439,1439,1439,1439,1439,1439,1439,1439,1439,1439,1439,1439,1439,1439,1439,1439,1439,1439,1439,1439,1439,1439,1439,1439,1439,1439,1439,1439,1439,1439
1541,1541,1541,1541,1541,1541,1541,1439,1541,1541,1541,1541,1541,1541,1541,1541,1541,1439,1541,1541,1541,1541,1541,1541,1541,1439,1541,1439,1439,1541,1439,1541,1439,1541,1439,1541,1541,1439,1541,1541,1541,1541,1541,1541,1541,1541,1541,1541,1541,1541
1439,1439,1439,1439,1439,1439,1439,1439,1439,1439,1439,1439,1439,1439,1439,1439,1439,1439,1439,1439,1439,1439,1439,1439,1439,1439,1439,1439,1439,1439,1439,1439,1439,1439,1439,1439,1439,1439,1439,1439,1439,1439,1439,1439,1439,1439,1439,1439,1439,1439
1541,1541,1541,1541,1541,1541,1541,1541,1541,1541,1541,1541,1541,1541,1541,1541,1541,1541,1541,1541,1541,1541,1541,1541,1541,1541,1541,1541,1541,1541,1541,1541,1541,1541,1541,1541,1541,1541,1541,1541,1541,1541,1541,1541,1541,1541,1541,1541,1541,1541
1439,1439,1439,1439,1439,1439,1439,1439,1439,1439,1439,1439,1439,1439,1439,1439,1439,1439,1439,1439,1439,1439,1439,1439,1439,1439,1439,1439,1439,1439,1439,1439,1439,1439,1439,1439,1439,1439,1439,1439,1439,1439,1439,1439,1439,1439,1439,1439,1439,1439
1541,1541,1541,1541,1541,1541,1541,1541,1541,1541,1541,1541,1541,1541,1541,1541,1541,1541,1541,1541,1541,1541,1541,1541,1541,1541,1541,1541,1541,1541,1541,1541,1541,1541,1541,1541,1541,1541,1541,1541,1541,1541,1541,1541,1541,1541,1541,1541,1541,1541
1439,1439,1439,1439,1439,1439,1439,1439,1439,1439,1439,1439,1439,1439,1439,1439,1439,1439,1439,1439,1439,1439,1439,1439,1439,1439,1439,1439,1439,1439,1439,1439,1439,1439,1439,1439,1439,1439,1439,1439,1439,1439,1439,1439,1439,1439,1439,1439,1439,1439
1541,1541,1541,1541,1541,1541,1541,1541,1541,1541,1541,1541,1541,1541,1541,1541,1541,1541,1541,1541,1541,1541,1541,1541,1541,1541,1541,1541,1541,1541,1541,1541,1541,1541,1541,1541,1541,1541,1541,1541,1541,1541,1541,1541,1541,1541,1541,1541,1541,1541
1439,1439,1439,1439,1439,1439,1439,1439,1439,1439,1439,1439,1439,1439,1439,1439,1439,1439,1439,1439,1439,1439,1439,1439,1439,1439,1439,1439,1439,1439,1439,1439,1439,1439,1439,1439,1439,1439,1439,1439,1439,1439,1439,1439,1439,1439,1439,1439,1439,1439
1480,1480,1541,1541,1541,1541,1480,1480,1541,1541,1541,1480,1541,1541,1541,1541,1541,1541,1541,1541,1541,1480,1541,1541,1541,1541,1480,1541,1480,1541,1541,1541,1541,1541,1541,1541,1541,1541,1541,1541,1541,1541,1541,1541,1541,1541,1541,1541,1541,1541
1439,1439,1439,1439,1439,1439,1439,1439,1439,1439,1439,1439,1439,1439,1439,1439,1439,1439,1439,1439,1439,1439,1439,1439,1439,1439,1439,1439,1439,1439,1439,1439,1439,1439,1439,1439,1439,1439,1439,1439,1439,1439,1439,1439,1439,1439,1439,1439,1439,1439
1541,1541,1377,1377,1541,1533,1541,1541,1541,1533,1533,1541,1541,1541,1541,1541,1541,1533,1541,1541,1541,1541,1541,1541,1541,1541,1377,1541,1377,1541,1541,1541,1541,1541,1541,1541,1541,1541,1541,1541,1541,1541,1541,1541,1533,1541,1377,1541,1541,1377
1439,1439,1439,1439,1439,1439,1439,1439,1439,1439,1439,1439,1439,1439,1439,1439,1439,1439,1439,1439,1439,1439,1439,1439,1439,1439,1439,1439,1439,1439,1439,1439,1439,1439,1439,1439,1439,1439,1439,1439,1439,1439,1439,1439,1439,1439,1439,1439,1439,1439
1541,1541,1541,1541,1541,1541,1541,1541,1541,1541,1541,1541,1541,1541,1541,1541,1541,1541,1541,1541,1541,1541,1541,1541,1541,1541,1541,1541,1541,1541,1541,1541,1541,1541,1541,1541,1541,1541,1541,1541,1541,1541,1541,1541,1541,1541,1541,1541,1541,1541
1439,1439,1439,1439,1439,1439,1439,1439,1439,1439,1439,1439,1439,1439,1439,1439,1439,1439,1439,1439,1439,1439,1439,1439,1439,1439,1439,1439,1439,1439,1439,1439,1439,1439,1439,1439,1439,1439,1439,1439,1439,1439,1439,1439,1439,1439,1439,1439,1439,1439
1541,1541,1541,1541,1541,1541,1541,1541,1541,1541,1541,1541,1541,1541,1541,1541,1541,1541,1541,1541,1541,1541,1541,1541,1541,1541,1541,1541,1541,1541,1541,1541,1541,1541,1541,1541,1541,1541,1541,1541,1541,1541,1541,1541,1541,1541,1541,1541,1541,1541
1439,1439,1439,1439,1439,1439,1439,1439,1439,1439,1439,1439,1439,1439,1266,1439,1439,1439,1266,1439,1266,1439,1439,1439,1439,1439,1266,1439,1439,1439,1439,1439,1439,1439,1439,1439,1439,1439,1439,1439,1439,1439,1439,1439,1439,1439,1439,1266,1439,1439
1536,1541,1541,1541,1541,1541,1541,1541,1541,1536,1541,1541,1541,1541,1541,1541,1536,1541,1541,1541,1541,1541,1541,1541,1541,1541,1536,1541,1541,1536,1541,1541,1541,1541,1541,1541,1541,1541,1536,1541,1541,1541,1541,1541,1541,1541,1536,1541,1541,1536
1439,1439,1439,1439,1439,1439,1439,1439,1439,1439,1439,1439,1439,1439,1439,1439,1439,1439,1439,1439,1439,1439,1439,1439,1439,1439,1439,1439,1439,1439,1439,1439,1439,1439,1439,1439,1439,1439,1439,1439,1439,1439,1439,1439,1439,1439,1439,1439,1439,1439
1475,1475,1475,1541,1475,1475,1541,1541,1541,1475,1541,1541,1541,1541,1541,1541,1541,1475,1541,1541,1475,1541,1541,1541,1541,1541,1541,1541,1541,1541,1541,1475,1541,1541,1541,1475,1541,1541,1541,1541,1541,1475,1541,1541,1541,1541,1541,1475,1541,1541
1439,1439,1373,1373,1439,1439,1439,1439,1439,1439,1373,1439,1439,1439,1439,1439,1439,1439,1439,1439,1439,1439,1439,1439,1439,1439,1439,1439,1439,1439,1439,1439,1439,1373,1373,1439,1373,1439,1439,1439,1439,1439,1439,1439,1439,1439,1439,1439,1439,1439
1541,1541,1541,1541,1541,1541,1541,1541,1541,1541,1541,1541,1541,1541,1541,1541,1541,1541,1541,1541,1541,1541,1541,1541,1541,1541,1541,1541,1541,1541,1541,1541,1541,1541,1541,1541,1541,1541,1541,1541,1541,1541,1541,1541,1541,1541,1541,1541,1541,1541
1439,1439,1439,1439,1439,1439,1439,1439,1439,1439,1439,1439,1439,1439,1439,1439,1439,1439,1439,1439,1439,1439,1439,1439,1439,1439,1439,1439,1439,1439,1439,1439,1439,1439,1439,1439,1439,1439,1439,1439,1439,1439,1439,1439,1439,1439,1439,1439,1439,1439
1541,1541,1541,1541,1541,1541,1541,1541,1541,1541,1541,1541,1541,1541,1541,1541,1541,1541,1541,1541,1541,1541,1541,1541,1541,1541,1541,1541,1541,1541,1541,1541,1541,1541,1541,1541,1541,1541,1541,1541,1541,1541,1541,1541,1541,1541,1541,1541,1541,1541
1439,1439,1439,1439,1439,1439,1439,1439,1439,1439,1439,1439,1439,1439,1439,1439,1439,1439,1439,1439,1439,1439,1439,1439,1439,1439,1439,1439,1439,1439,1439,1439,1439,1439,1439,1439,1439,1439,1439,1439,1439,1439,1439,1439,1439,1439,1439,1439,1439,1439
1541,1541,1541,1541,1151,1541,1541,1541,1541,1541,1541,1541,1541,1541,1541,1541,1541,1541,1541,1541,1541,1541,1541,1151,1541,1541,1541,1541,1541,1151,1541,1541,1541,1151,1151,1541,1541,1541,1541,1541,1541,1151,1151,1151,1541,1541,1151,1541,1541,1151
1439,1439,1439,1431,1439,1431,1439,1439,1439,1431,1439,1439,1439,1439,1439,1439,1431,1439,1439,1439,1431,1431,1439,1439,1439,1682,1439,1439,1439,1431,1439,1439,1431,1439,1431,1439,1439,1439,1439,1431,1431,1439,1439,1439,1439,1439,1439,1439,1431,1439
1151,1541,1541,1541,1524,1541,1524,1151,1541,1541,1524,1541,1524,1541,1541,1541,1524,1541,1541,1524,1541,1541,1541,1541,1541,1541,1541,1541,1151,1541,1524,1541,1541,1541,1151,1541,1541,1541,1524,1541,1151,1151,1541,1524,1524,1541,1541,1541,1541,1541
1439,1439,1439,1439,1439,1439,1439,1439,1439,1439,1439,1439,1439,1439,1439,1439,1439,1439,1439,1439,1439,1439,1439,1439,1439,1439,1439,1439,1439,1439,1439,1439,1439,1439,1439,1439,1439,1439,1439,1439,1439,1439,1439,1439,1439,1439,1439,1439,1439,1439
1535,1535,1399,1541,1541,1535,1541,1535,1541,1541,1541,1541,1541,1541,1541,1399,1541,1541,1535,1541,1541,1399,1541,1541,1541,1541,1541,1541,1541,1541,1541,1541,1541,1541,1541,1541,1535,1541,1541,1399,1541,1541,1541,1535,1541,1541,1541,1399,1535,1541
1439,1439,1439,1439,1439,1439,1439,1439,1439,1439,1439,1439,1439,1439,1439,1439,1439,1439,1439,1439,1439,1439,1439,1439,1439,1439,1439,1439,1439,1439,1439,1439,1439,1439,1439,1439,1439,1439,1439,1439,1439,1439,1439,1439,1439,1439,1439,1439,1439,1439
1541,1499,1541,1541,1541,1541,1499,1541,1541,1541,1541,1541,1541,1541,1541,1541,1541,1499,1541,1541,1541,1541,1541,1541,1541,1541,1541,1541,1541,1541,1541,1541,1541,1499,1541,1541,1541,1541,1499,1541,1499,1541,1541,1541,1541,1541,1541,1499,1541,1541
1439,1439,1439,1439,1439,1439,1439,1439,1439,1439,1439,1439,1439,1439,1439,1439,1439,1439,1439,1439,1439,1439,1439,1439,1439,1439,1439,1439,1439,1439,1439,1439,1439,1439,1439,1439,1439,1439,1439,1439,1439,1439,1439,1439,1439,1439,1439,1439,1439,1439
1541,1541,1541,1541,1538,1541,1541,1541,1541,1541,1541,1541,1541,1541,1541,1541,1541,1541,1541,1538,1538,1541,1541,1541,1541,1538,1541,1541,1541,1541,1541,1541,1541,1541,1541,1541,1541,1541,1541,1541,1541,1541,1541,1541,1538,1541,1541,1541,1538,1541
1439,1439,1439,1439,1439,1439,1439,1439,1439,1439,1439,1439,1439,1439,1439,1439,1439,1439,1439,1439,1439,1439,1439,1439,1439,1439,1439,1439,1439,1439,1439,1439,1439,1439,1439,1439,1439,1439,1439,1439,1439,1439,1439,1439,1439,1439,1439,1439,1439,1439
1541,1541,1541,1541,1541,1541,1541,1541,1541,1541,1541,1541,1541,1541,1541,1541,1541,1541,1541,1541,1541,1541,1541,1541,1541,1541,1541,1541,1541,1541,1541,1541,1541,1541,1541,1541,1541,1541,1541,1541,1541,1541,1541,1541,1541,1541,1541,1541,1541,1541
1439,1439,1439,1439,1439,1439,1439,1439,1439,1439,1439,1439,1439,1439,1439,1439,1439,1439,1439,1439,1439,1439,1439,1439,1439,1439,1439,1439,1439,1439,1439,1439,1439,1439,1439,1439,1439,1439,1439,1439,1439,1439,1439,1439,1439,1439,1439,1439,1439,1439
1541,1541,1541,1541,1541,1541,1541,1541,1541,1541,1541,1369,1541,1541,1541,1541,1541,1541,1541,1541,1541,1541,1541,1541,1541,1541,1369,1541,1541,1369,1541,1541,1541,1541,1541,1541,1541,1541,1541,1541,1541,1369,1369,1541,1541,1541,1541,1541,1541,1541
1439,1439,1439,1439,1439,1439,1439,1439,1439,1439,1439,1439,1439,1439,1439,1439,1439,1439,1439,1439,1439,1439,1439,1439,1439,1439,1439,1439,1439,1439,1439,1439,1439,1439,1439,1439,1439,1439,1439,1439,1439,1439,1439,1439,1439,1439,1439,1439,1439,1439
1541,1541,1541,1541,1541,1541,1541,1541,1541,1541,1541,1541,1541,1541,1541,1541,1541,1541,1541,1541,1541,1541,1541,1541,1541,1541,1541,1541,1541,1541,1541,1541,1541,1541,1541,1541,1541,1541,1541,1541,1541,1541,1541,1541,1541,1541,1541,1541,1541,1541
1439,1439,1439,1439,1439,1439,1439,1439,1439,1439,1439,1439,1439,1439,1439,1439,1439,1439,1439,1439,1439,1439,1439,1439,1439,1439,1439,1439,1439,1439,1439,1439,1439,1439,1439,1439,1439,1439,1439,1439,1439,1439,1439,1439,1439,1439,1439,1439,1439,1439
1541,1541,1541,1541,1541,1541,1541,1541,1541,1541,1541,1541,1541,1541,1541,1541,1541,1541,1541,1541,1541,1541,1541,1541,1541,1541,1541,1541,1541,1541,1541,1541,1541,1541,1541,1541,1541,1541,1541,1541,1541,1541,1541,1541,1541,1541,1541,1541,1541,1541
1439,1439,1439,1439,1439,1439,1439,1439,1439,1253,1439,1253,1439,1439,1439,1439,1253,1439,1253,1439,1439,1439,1439,1439,1439,1439,1439,1439,1253,1439,1439,1439,1439,1439,1439,1253,1439,1439,1439,1439,1439,1439,1439,1439,1439,1253,1439,1439,1439,1439
1541,1541,1541,1541,1541,1541,1541,1541,1541,1541,1541,1541,1541,1541,1541,1541,1541,1541,1541,1541,1541,1541,1541,1541,1541,1541,1541,1541,1541,1541,1541,1541,1541,1541,1541,1541,1541,1541,1541,1541,1541,1541,1541,1541,1541,1541,1541,1541,1541,1541
1439,1439,1439,1439,1439,1439,1439,1439,1439,1439,1439,1439,1439,1439,1439,1439,1439,1439,1439,1439,1439,1439,1439,1439,1439,1439,1439,1439,1439,1439,1439,1439,1439,1439,1439,1439,1439,1439,1439,1439,1439,1439,1439,1439,1439,1439,1439,1439,1439,1439
1541,1541,1541,1541,1541,1266,1541,1541,1541,1541,1541,1541,1541,1266,1541,1541,1541,1541,1541,1541,1541,1541,1541,1541,1541,1541,1266,1541,1266,1541,1541,1541,1541,1541,1541,1541,1266,1541,1541,1266,1541,1541,1541,1541,1541,1541,1541,1541,1541,1541
1435,1439,1439,1439,1439,1439,1439,1439,1435,1439,1439,1439,1439,1439,1439,1439,1439,1435,1435,1439,1435,1439,1439,1439,1435,1439,1439,1435,1439,1439,1439,1439,1439,1439,1439,1439,1439,1439,1439,1439,1439,1435,1439,1439,1439,1435,1439,1435,1439,1439
1541,1541,1541,1541,1541,1541,1541,1541,1541,1541,1541,1541,1541,1541,1541,1541,1535,1535,1541,1541,1541,1541,1541,1541,1541,1541,1541,1541,1535,1535,1541,1541,1535,1541,1541,1541,1535,1535,1535,1541,1541,1541,1541,1535,1541,1541,1541,1535,1541,1535
1439,1439,1439,1439,1439,1439,1439,1439,1439,1439,1439,1439,1439,1439,1439,1439,1439,1439,1439,1439,1439,1439,1439,1439,1439,1439,1439,1439,1439,1439,1439,1439,1439,1439,1439,1439,1439,1439,1439,1439,1439,1439,1439,1439,1439,1439,1439,1439,1439,1439
1541,1541,1541,1541,1541,1362,1541,1362,1541,1362,1541,1541,1541,1541,1541,1541,1541,1541,1541,1541,1362,1541,1541,1541,1541,1541,1541,1362,1362,1541,1541,1541,1362,1541,1541,1541,1541,1541,1362,1541,1541,1541,1541,1362,1541,1541,1541,1541,1541,1541
1439,1439,1439,1439,1439,1430,1439,1439,1439,1439,1439,1439,1439,1439,1439,1439,1439,1430,1439,1439,1439,1439,1430,1439,1439,1439,1439,1439,1439,1439,1439,1439,1439,1430,1439,1439,1439,1439,1439,1439,1430,1439,1439,1430,1439,1439,1439,1430,1439,1439
1541,1541,1541,1541,1541,1541,1541,1541,1541,1541,1541,1541,1541,1541,1541,1541,1541,1541,1541,1541,1541,1541,1541,1541,1541,1541,1541,1541,1541,1541,1541,1541,1541,1541,1541,1541,1541,1541,1541,1541,1541,1541,1541,1541,1541,1541,1541,1541,1541,1541
1439,1439,1439,1439,1439,1439,1439,1439,1439,1439,1439,1439,1439,1439,1439,1439,1439,1439,1439,1439,1439,1439,1439,1439,1439,1439,1439,1439,1439,1439,1439,1439,1439,1439,1439,1439,1439,1439,1439,1439,1439,1439,1439,1439,1439,1439,1439,1439,1439,1439
1541,1541,1541,1541,1541,1541,1541,1541,1541,1541,1541,1541,1541,1541,1541,1541,1541,1541,1541,1541,1541,1541,1541,1541,1541,1541,1541,1541,1541,1541,1541,1541,1541,1541,1541,1541,1541,1541,1541,1541,1541,1541,1541,1541,1541,1541,1541,1541,1541,1541
1439,1439,1439,1439,1439,1439,1419,1439,1439,1439,1439,1439,1439,1419,1419,1439,1439,1419,1439,1439,1439,1439,1439,1419,1439,1439,1439,1439,1439,1439,1439,1439,1439,1439,1419,1439,1439,1439,1439,1439,1439,1419,1439,1439,1439,1439,1439,1419,1419,1419
1541,1541,1541,1541,1541,1541,1541,1541,1541,1541,1541,1541,1541,1541,1541,1541,1541,1541,1541,1541,1541,1541,1541,1541,1541,1541,1541,1541,1541,1541,1541,1541,1541,1541,1541,1541,1541,1541,1541,1541,1541,1541,1541,1541,1541,1541,1541,1541,1541,1541
1439,1439,1439,1439,1439,1439,1439,1439,1439,1439,1439,1439,1439,1439,1439,1439,1439,1439,1439,1439,1439,1439,1439,1439,1439,1439,1439,1439,1439,1439,1439,1439,1439,1439,1439,1439,1439,1439,1439,1439,1439,1439,1439,1439,1439,1439,1439,1439,1439,1439
1541,1541,1479,1541,1479,1479,1541,1541,1541,1541,1541,1541,1541,1541,1541,1541,1479,1541,1541,1541,1541,1541,1541,1541,1541,1541,1541,1541,1541,1541,1541,1479,1541,1541,1541,1541,1541,1479,1541,1541,1541,1541,1541,1541,1541,1541,1479,1541,1541,1541
1439,1439,1439,1439,1439,1439,1439,1439,1439,1439,1439,1439,1439,1439,1439,1439,1439,1439,1439,1439,1439,1439,1439,1439,1439,1439,1439,1439,1439,1439,1439,1439,1439,1439,1439,1439,1439,1439,1439,1439,1439,1439,1439,1439,1439,1439,1439,1439,1439,1439
1541,1541,1541,1541,1541,1541,1541,1541,1541,1541,1541,1541,1541,1541,1541,1541,1541,1541,1541,1541,1541,1541,1541,1541,1541,1541,1541,1541,1541,1541,1541,1541,1541,1541,1541,1541,1541,1541,1541,1541,1541,1541,1541,1541,1541,1541,1541,1541,1541,1541
1439,1439,1439,1439,1439,1439,1439,1439,1439,1439,1439,1439,1439,1439,1439,1439,1439,1439,1439,1439,1439,1439,1439,1439,1439,1439,1439,1439,1439,1439,1439,1439,1439,1439,1439,1439,1439,1439,1439,1439,1439,1439,1439,1439,1439,1439,1439,1439,1439,1439
1541,1541,1541,1541,1541,1541,1541,1541,1541,1541,1541,1541,1541,1541,1541,1541,1541,1541,1541,1541,1541,1541,1541,1541,1541,1541,1541,1541,1541,1541,1541,1541,1541,1541,1541,1541,1541,1541,1541,1541,1541,1541,1541,1541,1541,1541,1541,1541,1541,1541
1439,1439,1439,1439,1439,1439,1439,1439,1439,1439,1439,1439,1439,1439,1439,1439,1439,1439,1439,1439,1439,1439,1439,1439,1439,1439,1439,1439,1439,1439,1439,1439,1439,1439,1439,1439,1439,1439,1439,1439,1439,1439,1439,1439,1439,1439,1439,1439,1439,1439
1541,1541,1541,1541,1541,1541,1541,1541,1541,1541,1541,1541,1541,1541,1541,1541,1541,1541,1541,1541,1541,1541,1541,1541,1541,1541,1541,1541,1541,1541,1541,1541,1541,1541,1541,1541,1541,1541,1541,1541,1541,1541,1541,1541,1541,1541,1541,1541,1541,1541
1439,1439,1439,1439,1439,1439,1439,1439,1439,1439,1439,1439,1439,1439,1439,1439,1439,1439,1439,1439,1439,1439,1439,1439,1439,1439,1439,1439,1439,1439,1439,1439,1439,1439,1439,1439,1439,1439,1439,1439,1439,1439,1439,1439,1439,1439,1439,1439,1439,1439
1541,1541,1541,1541,1541,1541,1541,1541,1541,1488,1541,1541,1541,1541,1488,1541,1541,1488,1488,1541,1541,1541,1541,1541,1541,1541,1488,1541,1541,1541,1488,1488,1541,1541,1541,1541,1541,1541,1541,1541,1541,1488,1541,1488,1541,1488,1541,1541,1541,1541
1439,1439,1439,1439,1439,1439,1439,1439,1439,1439,1439,1439,1439,1439,1439,1439,1439,1439,1439,1439,1439,1439,1439,1439,1439,1439,1439,1439,1439,1439,1439,1439,1439,1439,1439,1439,1439,1439,1439,1439,1439,1439,1439,1439,1439,1439,1439,1439,1439,1439
1541,1541,1541,1541,1541,1541,1541,1541,1541,1541,1541,1541,1541,1541,1541,1541,1541,1541,1541,1541,1541,1541,1541,1541,1541,1541,1541,1541,1541,1541,1541,1541,1541,1541,1541,1541,1541,1541,1541,1541,1541,1541,1541,1541,1541,1541,1541,1541,1541,1541
1439,1439,1439,1439,1439,1439,1439,1439,1439,1439,1439,1439,1439,1439,1439,1439,1439,1439,1439,1439,1439,1439,1439,1439,1439,1439,1439,1439,1439,1439,1439,1439,1439,1439,1439,1439,1439,1439,1439,1439,1439,1439,1439,1439,1439,1439,1439,1439,1439,1439
1541,1504,1541,1504,1541,1541,1541,1541,1501,1541,1541,1541,1541,1541,1541,1541,1541,1541,1504,1541,1501,1541,1541,1541,1501,1541,1501,1541,1501,1501,1541,1504,1541,1541,1541,1541,1541,1541,1541,1541,1541,1541,1541,1541,1541,1541,1541,1504,1501,1541
1439,1439,1439,1439,1439,1439,1439,1439,1439,1439,1439,1439,1439,1439,1439,1439,1439,1439,1439,1439,1439,1439,1439,1439,1439,1439,1439,1439,1439,1439,1439,1439,1439,1439,1439,1439,1439,1439,1439,1439,1439,1439,1439,1439,1439,1439,1439,1439,1439,1439
1541,1541,1541,1541,1541,1541,1541,1541,1541,1541,1541,1541,1541,1541,1541,1541,1541,1541,1541,1541,1541,1541,1541,1541,1541,1541,1541,1541,1541,1541,1541,1541,1541,1541,1541,1541,1541,1541,1541,1541,1541,1541,1541,1541,1541,1541,1541,1541,1541,1541
1439,1439,1439,1439,1439,1439,1439,1439,1439,1439,1439,1439,1439,1439,1439,1439,1439,1439,1439,1439,1439,1439,1439,1439,1439,1439,1439,1439,1439,1439,1439,1439,1439,1439,1439,1439,1439,1439,1439,1439,1439,1439,1439,1439,1439,1439,1439,1439,1439,1439
1541,1541,1541,1541,1541,1541,1541,1541,1541,1541,1541,1541,1541,1541,1541,1541,1541,1541,1541,1541,1541,1541,1541,1541,1541,1541,1541,1541,1541,1541,1541,1541,1541,1541,1541,1541,1541,1541,1541,1541,1541,1541,1541,1541,1541,1541,1541,1541,1541,1541
1439,1439,1439,1439,1439,1439,1439,1439,1439,1439,1439,1439,1439,1439,1439,1439,1439,1439,1439,1439,1439,1439,1439,1439,1439,1439,1439,1439,1439,1439,1439,1439,1439,1439,1439,1439,1439,1439,1439,1439,1439,1439,1439,1439,1439,1439,1439,1439,1439,1439
1530,1492,1492,1541,1492,1530,1541,1541,1541,1541,1541,1541,1541,1541,1541,1530,1541,1492,1541,1530,1541,1492,1541,1541,1541,1541,1541,1530,1541,1541,1541,1541,1541,1541,1541,1530,1492,1541,1541,1541,1530,1541,1541,1541,1492,1530,1541,1541,1530,1541
1439,1439,1439,1439,1439,1439,1439,1439,1439,1439,1439,1439,1439,1439,1439,1439,1439,1439,1439,1439,1439,1439,1439,1439,1439,1439,1439,1439,1439,1439,1439,1439,1439,1439,1439,1439,1439,1439,1439,1439,1439,1439,1439,1439,1439,1439,1439,1439,1439,1439
1541,1541,1541,1541,1541,1541,1541,1541,1541,1541,1541,1541,1541,1541,1541,1541,1541,1541,1541,1541,1541,1541,1541,1541,1541,1541,1541,1541,1541,1541,1541,1541,1541,1541,1541,1541,1541,1541,1541,1541,1541,1541,1541,1541,1541,1541,1541,1541,1541,1541
1439,1439,1439,1439,1439,1439,1439,1439,1439,1439,1439,1439,1439,1439,1439,1439,1439,1439,1439,1439,1439,1439,1439,1439,1439,1439,1439,1439,1439,1439,1439,1439,1439,1439,1439,1439,1439,1439,1439,1439,1439,1439,1439,1439,1439,1439,1439,1439,1439,1439
1541,1541,1541,1541,1541,1541,1541,1541,1541,1541,1541,1541,1541,1541,1541,1541,1541,1541,1541,1541,1541,1541,1541,1541,1541,1541,1541,1541,1541,1541,1541,1541,1541,1541,1541,1541,1541,1541,1541,1541,1541,1541,1541,1541,1541,1541,1541,1541,1541,1541
1439,1439,1439,1439,1439,1439,1439,1439,1439,1439,1439,1439,1348,1439,1439,1439,1439,1439,1439,1439,1439,1348,1439,1439,1348,1439,1439,1439,1439,1439,1439,1439,1439,1439,1439,1439,1439,1348,1439,1439,1439,1439,1439,1348,1439,1439,1439,1439,1439,1439
1541,1541,1541,1535,1541,1541,1541,1535,1541,1541,1541,1541,1541,1541,1541,1535,1541,1541,1535,1541,1541,1541,1541,1541,1541,1541,1541,1541,1541,1535,1541,1541,1535,1541,1541,1541,1541,1541,1541,1541,1535,1535,1541,1541,1541,1541,1541,1541,1541,1541
1439,1439,1439,1439,1439,1439,1171,1439,1171,1439,1171,1439,1439,1439,1439,1439,1439,1439,1439,1439,1439,1439,1171,1171,1439,1439,1439,1439,1171,1439,1439,1439,1439,1439,1439,1439,1439,1439,1439,1439,1439,1439,1439,1171,1171,1439,1439,1439,1439,1439
1541,1541,1541,1541,1541,1541,1541,1541,1541,1541,1541,1541,1541,1541,1541,1541,1541,1541,1541,1541,1541,1541,1541,1541,1541,1541,1541,1541,1541,1541,1541,1541,1541,1541,1541,1541,1541,1541,1541,1541,1541,1541,1541,1541,1541,1541,1541,1541,1541,1541
1439,1439,1439,1439,1439,1439,1439,1439,1439,1439,1439,1439,1439,1439,1439,1439,1439,1439,1439,1439,1439,1439,1439,1439,1439,1439,1439,1439,1439,1439,1439,1439,1439,1439,1439,1439,1439,1439,1439,1439,1439,1439,1439,1439,1439,1439,1439,1439,1439,1439
1541,1541,1541,1541,1541,1541,1476,1476,1541,1541,1541,1541,1541,1541,1541,1541,1476,1476,1541,1541,1541,1541,1476,1541,1476,1541,1476,1541,1541,1541,1541,1541,1541,1541,1541,1541,1541,1541,1541,1541,1541,1476,1541,1541,1476,1541,1476,1541,1541,1541
1439,1439,1439,1439,1439,1439,1439,1439,1439,1439,1439,1439,1439,1439,1439,1439,1439,1439,1439,1439,1439,1439,1439,1439,1439,1439,1439,1439,1439,1439,1439,1439,1439,1439,1439,1439,1439,1439,1439,1439,1439,1439,1439,1439,1439,1439,1439,1439,1439,1439
1541,1363,1541,1541,1541,1541,1541,1363,1363,1363,1541,1541,1541,1541,1541,1541,1541,1541,1541,1541,1541,1541,1541,1363,1541,1541,1541,1541,1541,1541,1363,1541,1363,1541,1541,1541,1541,1541,1541,1363,1541,1363,1541,1363,1541,1541,1541,1363,1541,1541
1439,1439,1439,1439,1439,1439,1439,1439,1439,1439,1439,1439,1439,1439,1439,1439,1439,1439,1439,1439,1439,1439,1439,1439,1439,1439,1439,1439,1439,1439,1439,1439,1439,1439,1439,1439,1439,1439,1439,1439,1439,1439,1439,1439,1439,1439,1439,1439,1439,1439
1481,1541,1541,1541,1541,1541,1541,1541,1541,1541,1541,1541,1481,1481,1541,1541,1541,1541,1541,1541,1481,1541,1541,1481,1481,1541,1541,1541,1541,1541,1541,1541,1541,1541,1481,1541,1481,1541,1541,1541,1541,1541,1541,1541,1481,1541,1541,1541,1481,1541
1439,1439,1439,1439,1439,1439,1439,1439,1439,1439,1439,1439,1439,1439,1439,1439,1439,1439,1439,1439,1439,1439,1439,1439,1439,1439,1439,1439,1439,1439,1439,1439,1439,1439,1439,1439,1439,1439,1439,1439,1439,1439,1439,1439,1439,1439,1439,1439,1439,1439
1541,1541,1541,1541,1541,1487,1541,1541,1541,1487,1541,1541,1541,1541,1541,1541,1541,1541,1541,1541,1487,1541,1541,1541,1541,1541,1541,1541,1541,1541,1487,1541,1541,1541,1541,1541,1541,1541,1541,1541,1541,1541,1487,1541,1541,1541,1541,1541,1541,1541
1439,1439,1439,1439,1439,1439,1439,1439,1439,1439,1439,1439,1439,1439,1439,1439,1439,1439,1439,1439,1439,1439,1439,1439,1439,1439,1439,1439,1439,1439,1439,1439,1439,1439,1439,1439,1439,1439,1439,1439,1439,1439,1439,1439,1439,1439,1439,1439,1439,1439
1541,1541,1541,1541,1541,1541,1541,1541,1541,1541,1541,1541,1541,1541,1541,1541,1541,1541,1541,1541,1541,1541,1541,1541,1541,1541,1541,1541,1541,1541,1541,1541,1541,1541,1541,1541,1541,1541,1541,1541,1541,1541,1541,1541,1541,1541,1541,1541,1541,1541
1439,1439,1439,1439,1439,1439,1439,1439,1439,1439,1439,1439,1439,1439,1439,1439,1439,1439,1439,1439,1439,1439,1439,1439,1439,1439,1439,1439,1439,1439,1439,1439,1439,1439,1439,1439,1439,1439,1439,1439,1439,1439,1439,1439,1439,1439,1439,1439,1439,1439
1341,1341,1541,1541,1541,1541,1341,1541,1541,1541,1341,1341,1541,1541,1541,1541,1541,1541,1541,1541,1341,1341,1541,1541,1541,1341,1341,1341,1541,1541,1541,1541,1541,1541,1541,1541,1541,1541,1541,1541,1541,1541,1541,1541,1541,1541,1541,1541,1541,1541
1439,1439,1439,1439,1439,1439,1439,1439,1439,1439,1439,1439,1439,1439,1439,1439,1439,1439,1439,1439,1439,1439,1439,1439,1439,1439,1439,1439,1439,1439,1439,1439,1439,1439,1439,1439,1439,1439,1439,1439,1439,1439,1439,1439,1439,1439,1439,1439,1439,1439
1541,1541,1541,1541,1541,1541,1541,1541,1541,1541,1541,1541,1541,1541,1541,1541,1541,1541,1541,1541,1541,1541,1541,1541,1541,1541,1541,1541,1541,1541,1541,1541,1541,1541,1541,1541,1541,1541,1541,1541,1541,1541,1541,1541,1541,1541,1541,1541,1541,1541
1439,1439,1439,1439,1439,1439,1439,1439,1439,1439,1439,1439,1439,1439,1439,1439,1439,1439,1439,1439,1439,1439,1439,1439,1439,1439,1439,1439,1439,1439,1439,1439,1439,1439,1439,1439,1439,1439,1439,1439,1439,1439,1439,1439,1439,1439,1439,1439,1439,1439
1541,1541,1541,1541,1541,1541,1541,1541,1541,1541,1541,1541,1541,1533,1541,1541,1541,1541,1541,1541,1541,1541,1541,1541,1541,1541,1541,1541,1541,1541,1541,1541,1541,1533,1541,1533,1541,1541,1541,1541,1533,1541,1541,1541,1541,1541,1541,1541,1541,1533
1439,1439,1439,1439,1439,1439,1439,1439,1439,1439,1439,1439,1439,1439,1439,1439,1439,1439,1439,1439,1439,1439,1439,1439,1439,1439,1439,1439,1439,1439,1439,1439,1439,1439,1439,1439,1439,1439,1439,1439,1439,1439,1439,1439,1439,1439,1439,1439,1439,1439
1541,1541,1541,1541,1541,1541,1466,1541,1541,1541,1541,1541,1541,1466,1541,1541,1466,1541,1541,1541,1541,1541,1541,1541,1541,1541,1541,1541,1541,1541,1541,1541,1541,1541,1466,1541,1541,1541,1541,1541,1541,1541,1541,1541,1541,1466,1541,1541,1541,1541
1439,1439,1439,1439,1439,1439,1439,1439,1439,1439,1439,1439,1439,1439,1439,1439,1439,1439,1439,1439,1439,1439,1439,1439,1439,1439,1439,1439,1439,1439,1439,1439,1439,1439,1439,1439,1439,1439,1439,1439,1439,1439,1439,1439,1439,1439,1439,1439,1439,1439
1541,1541,1541,1541,1541,1541,1541,1541,1541,1541,1541,1541,1541,1541,1541,1541,1541,1541,1541,1541,1541,1541,1541,1541,1541,1541,1541,1541,1541,1541,1541,1541,1541,1541,1541,1541,1541,1541,1541,1541,1541,1541,1541,1541,1541,1541,1541,1541,1541,1541
1439,1439,1439,1439,1439,1439,1439,1439,1439,1439,1439,1439,1439,1439,1439,1439,1439,1439,1439,1439,1439,1439,1439,1439,1439,1439,1439,1439,1439,1439,1439,1439,1439,1439,1439,1439,1439,1439,1439,1439,1439,1439,1439,1439,1439,1439,1439,1439,1439,1439
1541,1480,1541,1541,1480,1541,1471,1541,1541,1541,1480,1541,1541,1541,1541,1541,1541,1541,1471,1541,1471,1471,1471,1541,1541,1480,1541,1541,1480,1541,1471,1541,1471,1541,1541,1541,1471,1541,1541,1541,1471,1541,1541,1541,1541,1541,1541,1541,1541,1541
1439,1439,1439,1439,1439,1439,1439,1439,1439,1439,1439,1439,1439,1439,1439,1439,1439,1439,1439,1439,1439,1439,1439,1439,1439,1439,1439,1439,1439,1439,1439,1439,1439,1439,1439,1439,1439,1439,1439,1439,1439,1439,1439,1439,1439,1439,1439,1439,1439,1439
1515,1541,1541,1541,1541,1541,1515,1541,1541,1541,1541,1541,1541,1541,1515,1515,1541,1541,1541,1541,1541,1541,1541,1515,1541,1541,1541,1541,1541,1541,1515,1541,1541,1541,1541,1541,1541,1541,1541,1541,1541,1541,1541,1541,1541,1541,1541,1515,1541,1541
1439,1439,1439,1439,1439,1439,1439,1439,1439,1439,1439,1439,1439,1439,1439,1439,1439,1439,1439,1439,1439,1439,1439,1439,1439,1439,1439,1439,1439,1439,1439,1439,1439,1439,1439,1439,1439,1439,1439,1439,1439,1439,1439,1439,1439,1439,1439,1439,1439,1439
1541,1541,1541,1541,1541,1541,1541,1541,1541,1541,1541,1541,1541,1541,1541,1541,1541,1541,1541,1541,1541,1541,1541,1541,1541,1541,1541,1541,1541,1541,1541,1541,1541,1541,1541,1541,1541,1541,1541,1541,1541,1541,1541,1541,1541,1541,1541,1541,1541,1541
1439,1439,1439,1439,1439,1439,1439,1439,1439,1439,1439,1439,1439,1439,1439,1439,1439,1439,1439,1439,1439,1439,1439,1439,1439,1439,1439,1439,1439,1439,1439,1439,1439,1439,1439,1439,1439,1439,1439,1439,1439,1439,1439,1439,1439,1439,1439,1439,1439,1439
1236,1236,1541,1541,1236,1303,1541,1541,1541,1541,1541,1541,1303,1541,1303,1541,1541,1303,1236,1541,1236,1303,1541,1541,1303,1541,1541,1541,1541,1541,1541,1236,1303,1541,1541,1236,1541,1541,1541,1541,1303,1541,1541,1541,1541,1541,1541,1541,1541,1541
1439,1439,1439,1439,1439,1439,1439,1439,1439,1439,1439,1439,1439,1439,1439,1439,1439,1439,1439,1439,1439,1439,1439,1439,1439,1439,1439,1439,1439,1439,1439,1439,1439,1439,1439,1439,1439,1439,1439,1439,1439,1439,1439,1439,1439,1439,1439,1439,1439,1439
1541,1541,1541,1541,1541,1541,1541,1541,1541,1541,1541,1541,1541,1541,1541,1541,1541,1541,1541,1541,1541,1541,1541,1541,1541,1541,1541,1541,1541,1541,1541,1541,1541,1541,1541,1541,1541,1541,1541,1541,1541,1541,1541,1541,1541,1541,1541,1541,1541,1541
1439,1439,1439,1439,1439,1439,1439,1439,1439,1439,1439,1439,1439,1439,1439,1439,1439,1439,1439,1439,1439,1439,1439,1439,1439,1439,1439,1439,1439,1439,1439,1439,1439,1439,1439,1439,1439,1439,1439,1439,1439,1439,1439,1439,1439,1439,1439,1439,1439,1439
1541,1541,1541,1541,1541,1541,1541,1541,1541,1541,1541,1469,1541,1469,1469,1541,1541,1541,1541,1469,1469,1469,1541,1541,1541,1541,1541,1541,1541,1541,1541,1469,1541,1469,1469,1541,1541,1541,1541,1541,1541,1469,1469,1541,1541,1541,1541,1541,1541,1541
1439,1439,1439,1439,1439,1439,1439,1439,1439,1439,1439,1439,1439,1439,1439,1439,1439,1439,1439,1439,1439,1439,1439,1439,1439,1439,1439,1439,1439,1439,1439,1439,1439,1439,1439,1439,1439,1439,1439,1439,1439,1439,1439,1439,1439,1439,1439,1439,1439,1439
1541,1541,1541,1541,1541,1541,1541,1541,1541,1541,1541,1541,1541,1541,1541,1541,1541,1541,1541,1541,1541,1541,1541,1541,1541,1541,1541,1541,1541,1541,1541,1541,1541,1541,1541,1541,1541,1541,1541,1541,1541,1541,1541,1541,1541,1541,1541,1541,1541,1541
1439,1439,1439,1439,1439,1439,1439,1439,1439,1439,1439,1439,1439,1439,1439,1439,1439,1439,1439,1439,1439,1439,1439,1439,1439,1439,1439,1439,1439,1439,1439,1439,1439,1439,1439,1439,1439,1439,1439,1439,1439,1439,1439,1439,1439,1439,1439,1439,1439,1439
1541,1541,1541,1541,1541,1541,1541,1541,1541,1541,1541,1541,1541,1541,1541,1541,1541,1541,1541,1541,1541,1541,1541,1541,1541,1541,1541,1541,1541,1541,1541,1541,1541,1541,1541,1541,1541,1541,1541,1541,1541,1541,1541,1541,1541,1541,1541,1541,1541,1541
1439,1439,1439,1439,1439,1439,1439,1439,1439,1439,1439,1439,1439,1439,1439,1439,1439,1439,1439,1439,1439,1439,1439,1439,1439,1439,1439,1439,1439,1439,1439,1439,1439,1439,1439,1439,1439,1439,1439,1439,1439,1439,1439,1439,1439,1439,1439,1439,1439,1439
1541,1541,1541,1541,1541,1541,1541,1541,1541,1541,1541,1541,1541,1541,1541,1541,1541,1541,1541,1541,1541,1541,1541,1541,1541,1541,1541,1541,1541,1541,1541,1541,1541,1541,1541,1541,1541,1541,1541,1541,1541,1541,1541,1541,1541,1541,1541,1541,1541,1541
1439,1439,1439,1439,1439,1439,1439,1439,1439,1439,1439,1439,1439,1439,1439,1439,1439,1439,1439,1439,1439,1439,1439,1439,1439,1439,1439,1439,1439,1439,1439,1439,1439,1439,1439,1439,1439,1439,1439,1439,1439,1439,1439,1439,1439,1439,1439,1439,1439,1439
1541,1541,1541,1541,1541,1541,1541,1541,1541,1541,1541,1541,1541,1541,1541,1541,1541,1541,1541,1541,1541,1541,1541,1541,1541,1541,1541,1541,1541,1541,1541,1541,1541,1541,1541,1541,1541,1541,1541,1541,1541,1541,1541,1541,1541,1541,1541,1541,1541,1541
1439,1439,1439,1439,1439,1439,1439,1439,1439,1439,1439,1439,1439,1439,1439,1439,1439,1439,1439,1439,1439,1439,1439,1439,1439,1439,1439,1439,1439,1439,1439,1439,1439,1439,1439,1439,1439,1439,1439,1439,1439,1439,1439,1439,1439,1439,1439,1439,1439,1439
1541,1541,1541,1541,1541,1541,1541,1541,1541,1541,1541,1541,1541,1541,1541,1541,1541,1541,1541,1541,1541,1541,1541,1541,1541,1541,1541,1541,1541,1541,1541,1541,1541,1541,1541,1541,1541,1541,1541,1541,1541,1541,1541,1541,1541,1541,1541,1541,1541,1541
1439,1439,1439,1439,1439,1439,1439,1439,1439,1439,1439,1439,1439,1439,1439,1439,1439,1439,1439,1439,1439,1439,1439,1439,1439,1439,1439,1439,1439,1439,1439,1439,1439,1439,1439,1439,1439,1439,1439,1439,1439,1439,1439,1439,1439,1439,1439,1439,1439,1439
1541,1541,1541,1541,1541,1541,1541,1541,1541,1541,1541,1541,1541,1541,1541,1541,1541,1541,1541,1541,1541,1541,1541,1541,1541,1541,1541,1541,1541,1541,1541,1541,1541,1541,1541,1541,1541,1541,1541,1541,1541,1541,1541,1541,1541,1541,1541,1541,1541,1541
1439,1439,1439,1439,1439,1439,1439,1439,1439,1308,1308,1439,1439,1308,1422,1439,1422,1439,1439,1439,1439,1439,1439,1422,1439,1308,1439,1439,1439,1422,1422,1439,1422,1439,1422,1439,1439,1439,1422,1439,1439,1422,1439,1439,1422,1439,1308,1422,1439,1308
1541,1498,1541,1541,1541,1479,1479,1541,1498,1541,1541,1498,1541,1541,1541,1541,1541,1541,1541,1498,1498,1541,1479,1479,1479,1541,1541,1498,1541,1541,1541,1541,1541,1541,1541,1541,1541,1541,1541,1479,1541,1541,1541,1541,1541,1541,1541,1541,1541,1541
1439,1439,1439,1439,1439,1439,1439,1439,1439,1439,1439,1439,1439,1439,1439,1439,1439,1439,1439,1439,1439,1439,1439,1439,1439,1439,1439,1439,1439,1439,1439,1439,1439,1439,1439,1439,1439,1439,1439,1439,1439,1439,1439,1439,1439,1439,1439,1439,1439,1439
1541,1541,1541,1541,1541,1541,1541,1541,1541,1541,1541,1541,1541,1541,1541,1541,1541,1541,1541,1541,1541,1541,1541,1541,1541,1541,1541,1541,1541,1541,1541,1541,1541,1541,1541,1541,1541,1541,1541,1541,1541,1541,1541,1541,1541,1541,1541,1541,1541,1541
1427,1439,1287,1427,1439,1439,1439,1287,1287,1439,1439,1287,1439,1287,1439,1439,1427,1439,1287,1427,1439,1439,1439,1439,1439,1439,1439,1439,1439,1439,1439,1439,1439,1439,1427,1427,1439,1439,1439,1287,1427,1427,1439,1439,1287,1439,1439,1439,1439,1439
1541,1541,1541,1541,1541,1541,1541,1541,1541,1541,1541,1541,1541,1541,1541,1541,1541,1541,1541,1541,1541,1541,1541,1541,1541,1541,1541,1541,1541,1541,1541,1541,1541,1541,1541,1541,1541,1541,1541,1541,1541,1541,1541,1541,1541,1541,1541,1541,1541,1541
1439,1439,1439,1439,1439,1439,1439,1439,1439,1439,1439,1439,1439,1439,1439,1439,1439,1439,1439,1439,1439,1439,1439,1439,1439,1439,1439,1439,1439,1439,1439,1439,1439,1439,1439,1439,1439,1439,1439,1439,1439,1439,1439,1439,1439,1439,1439,1439,1439,1439
1541,1541,1541,1541,1541,1444,1541,1444,1541,1541,1541,1444,1541,1541,1541,1541,1541,1541,1541,1541,1541,1541,1444,1541,1541,1444,1541,1541,1541,1444,1541,1541,1541,1541,1541,1541,1541,1541,1541,1444,1541,1444,1541,1541,1541,1541,1541,1541,1444,1541
1439,1439,1439,1439,1439,1439,1439,1439,1439,1439,1439,1439,1439,1439,1439,1439,1439,1439,1439,1439,1439,1439,1439,1439,1439,1439,1439,1439,1439,1439,1439,1439,1439,1439,1439,1439,1439,1439,1439,1439,1439,1439,1439,1439,1439,1439,1439,1439,1439,1439
1541,1541,1541,1541,1541,1541,1541,1541,1541,1541,1541,1541,1541,1541,1541,1541,1541,1541,1541,1541,1541,1541,1541,1541,1541,1541,1541,1541,1541,1541,1541,1541,1541,1541,1541,1541,1541,1541,1541,1541,1541,1541,1541,1541,1541,1541,1541,1541,1541,1541
1439,1439,1439,1439,1439,1439,1439,1439,1439,1439,1439,1439,1439,1439,1439,1439,1439,1439,1439,1439,1439,1439,1439,1439,1439,1439,1439,1439,1439,1439,1439,1439,1439,1439,1439,1439,1439,1439,1439,1439,1439,1439,1439,1439,1439,1439,1439,1439,1439,1439
1541,1541,1492,1541,1541,1541,1541,1492,1541,1541,1541,1541,1541,1541,1541,1492,1541,1541,1541,1541,1492,1492,1541,1541,1541,1541,1541,1541,1541,1541,1541,1541,1541,1541,1541,1492,1541,1541,1541,1541,1541,1541,1492,1541,1541,1541,1541,1541,1541,1492
1439,1439,1439,1439,1439,1439,1439,1439,1439,1439,1439,1439,1439,1439,1439,1439,1439,1439,1439,1439,1439,1439,1439,1439,1439,1439,1439,1439,1439,1439,1439,1439,1439,1439,1439,1439,1439,1439,1439,1439,1439,1439,1439,1439,1439,1439,1439,1439,1439,1439
1541,1541,1186,1522,1186,1541,1541,1541,1541,1484,1484,1541,1541,1541,1186,1484,1484,1484,1186,1541,1541,1541,1541,1541,1484,1541,1541,1541,1541,1541,1541,1541,1522,1484,1541,1522,1541,1186,1541,1541,1541,1522,1541,1541,1186,1541,1541,1541,1541,1522
1439,1439,1439,1206,1434,1439,1206,1439,1439,1439,1206,1206,1439,1439,1439,1439,1439,1439,1439,1439,1439,1439,1434,1439,1439,1439,1439,1434,1206,1439,1439,1439,1439,1439,1439,1434,1439,1439,1439,1439,1439,1439,1439,1434,1439,1439,1439,1439,1439,1434
1372,1434,1541,1434,1372,1458,1434,1541,1541,1372,1509,1434,1458,1541,1434,1541,1458,1434,1541,1372,1434,1541,1434,1434,1372,1434,1434,1541,1434,1434,1434,1509,1434,1372,1434,1434,1434,1434,1434,1372,1434,1541,1434,1434,1434,1434,1541,1434,1372,1372
1392,1434,1434,1392,1434,1434,1434,1434,1434,1392,1434,1434,1434,1392,1434,1434,1434,1434,1392,1434,1434,1434,1434,1434,1434,1434,1434,1392,1434,1392,1434,1434,1392,1434,1434,1434,1434,1434,1434,1434,1434,1434,1434,1434,1392,1434,1434,1434,1434,1434
1434,1434,1434,1434,1434,1434,1434,1434,1434,1434,1434,1434,1434,1434,1434,1434,1434,1434,1434,1434,1434,1434,1434,1434,1434,1434,1434,1434,1434,1434,1434,1434,1434,1434,1434,1434,1434,1434,1434,1434,1434,1434,1434,1434,1434,1434,1434,1434,1434,1434
1434,1434,1434,1434,1434,1434,1434,1434,1434,1434,1434,1434,1434,1434,1434,1434,1434,1434,1434,1434,1434,1434,1434,1434,1434,1434,1434,1434,1434,1434,1434,1434,1434,1434,1434,1434,1434,1434,1434,1434,1434,1434,1434,1434,1434,1434,1434,1434,1434,1434
1434,1434,1434,1434,1434,1434,1434,1169,1434,1434,1434,1169,1434,1434,1169,1434,1434,1434,1169,1434,1434,1434,1434,1434,1434,1434,1434,1169,1434,1434,1434,1434,1434,1434,1434,1434,1434,1434,1434,1434,1169,1434,1434,1434,1434,1434,1169,1434,1434,1434
1434,1434,1434,1434,1434,1434,1434,1434,1434,1434,1434,1434,1434,1434,1434,1434,1434,1434,1434,1434,1434,1434,1434,1434,1434,1434,1434,1434,1434,1434,1434,1434,1434,1434,1434,1434,1434,1434,1434,1434,1434,1434,1434,1434,1434,1434,1434,1434,1434,1434
1434,1434,1434,1434,1434,1187,1434,1434,1434,1434,1187,1434,1434,1434,1434,1434,1434,1434,1434,1434,1434,1187,1434,1187,1434,1187,1434,1434,1434,1434,1187,1434,1434,1434,1434,1434,1434,1187,1434,1434,1434,1187,1434,1434,1434,1434,1434,1187,1434,1434
1434,1434,1434,1434,1434,1434,1434,1434,1434,1434,1434,1434,1434,1434,1434,1434,1434,1434,1434,1434,1434,1434,1434,1434,1434,1434,1434,1434,1434,1434,1434,1434,1434,1434,1434,1434,1434,1434,1434,1434,1434,1434,1434,1434,1434,1434,1434,1434,1434,1434
1434,1434,1434,1434,1434,1434,1434,1434,1434,1434,1434,1434,1434,1434,1434,1434,1434,1434,1434,1434,1434,1434,1434,1434,1434,1434,1434,1434,1434,1434,1434,1434,1434,1434,1434,1434,1434,1434,1434,1434,1434,1434,1434,1434,1434,1434,1434,1434,1434,1434
1394,1394,1434,1434,1394,1434,1434,1434,1394,1434,1434,1434,1434,1434,1434,1434,1434,1434,1434,1434,1434,1434,1394,1434,1394,1434,1434,1434,1394,1394,1434,1434,1434,1434,1434,1434,1434,1434,1434,1434,1434,1434,1394,1434,1434,1434,1434,1434,1434,1434
1434,1419,1434,1434,1434,1434,1434,1434,1434,1434,1434,1434,1434,1434,1434,1434,1434,1434,1434,1434,1434,1434,1434,1419,1434,1434,1419,1434,1434,1434,1419,1434,1434,1434,1419,1434,1419,1419,1419,1434,1434,1434,1434,1434,1434,1434,1434,1434,1434,1434
1434,1434,1434,1434,1434,1434,1434,1434,1434,1434,1434,1434,1434,1434,1434,1434,1434,1434,1434,1434,1434,1434,1434,1434,1434,1434,1434,1434,1434,1434,1434,1434,1434,1434,1434,1434,1434,1434,1434,1434,1434,1434,1434,1434,1434,1434,1434,1434,1434,1434
1434,1434,1434,1403,1434,1434,1434,1434,1403,1434,1434,1434,1434,1434,1434,1434,1434,1434,1434,1434,1434,1434,1434,1434,1434,1434,1434,1403,1434,1434,1434,1434,1434,1434,1434,1434,1434,1403,1434,1434,1434,1434,1434,1434,1434,1434,1434,1434,1403,1434
1434,942,1434,1434,1434,1434,1434,1434,1434,1434,1434,1434,1434,1434,1434,942,1434,1434,1434,1434,942,1434,1434,1434,1434,1434,1434,1434,1434,1434,1434,942,1434,942,1434,1434,1434,1434,1434,1434,1434,1434,1434,1434,1434,1434,1434,942,1434,1434
1434,1434,1434,1434,1434,1434,1352,1434,1434,1434,1434,1434,1352,1434,1434,1434,1434,1434,1434,1352,1434,1434,1434,1352,1434,1434,1434,1434,1434,1352,1434,1434,1434,1434,1434,1434,1434,1434,1434,1434,1434,1352,1434,1434,1434,1434,1434,1434,1434,1352
1354,1354,1369,1434,1369,1400,1434,1434,1369,1434,1434,1434,1434,1434,1434,1434,1369,1434,1354,1434,1400,1369,1434,1400,1434,1434,1369,1434,1434,1434,1434,1354,1400,1434,1400,1354,1434,1354,1400,1434,1434,1434,1434,1434,1369,1434,1434,1369,1434,1369
1251,1434,1434,1434,1434,1434,1434,1434,1434,1434,1434,1434,1434,1434,1434,1434,1434,1434,1434,1434,1434,1434,1434,1434,1251,1251,1434,1251,1434,1434,1434,1434,1251,1434,1434,1434,1434,1434,1251,1251,1434,1434,1434,1251,1434,1251,1434,1434,1251,1434
1434,1434,1434,1434,1434,1288,1434,1434,1288,1434,1434,1434,1288,1434,1288,1434,1434,1434,1434,1434,1434,1434,1434,1288,1434,1288,1434,1434,1434,1434,1434,1288,1434,1288,1288,1434,1288,1288,1434,1288,1434,1288,1434,1434,1434,1288,1434,1288,1434,1434
1400,1434,1434,1400,1108,1108,1108,1434,1434,1434,1434,1434,1379,1108,1434,1434,1400,1434,1108,1434,1379,1434,1434,1434,1434,1434,1434,1379,1434,1108,1434,1434,1434,1379,1434,1434,1434,1434,1434,1379,1434,1108,1108,1434,1434,1434,1434,1400,1434,1434
1434,1434,1434,1434,1414,1434,1434,1434,1434,1434,1434,1434,1414,1414,1414,1434,1434,1434,1434,1434,1414,1434,1434,1414,1434,1434,1434,1414,1414,1434,1434,1434,1434,1434,1434,1434,1434,1434,1434,1434,1434,1414,1434,1434,1434,1434,1434,1434,1434,1434
1434,1434,1434,1434,1434,1434,1434,1434,1434,1434,1434,1434,1434,1434,1434,1434,1434,1434,1434,1434,1434,1434,1434,1434,1434,1434,1434,1434,1434,1434,1434,1434,1434,1434,1434,1434,1434,1434,1434,1434,1434,1434,1434,1434,1434,1434,1434,1434,1434,1434
1434,1434,1366,1366,1434,1434,1434,1434,1434,1366,1366,1434,1434,1434,1434,1434,1434,1434,1434,1434,1366,1434,1434,1434,1366,1434,1434,1434,1434,1434,1434,1434,1434,1434,1434,1434,1434,1434,1434,1434,1434,1434,1434,1366,1366,1434,1434,1434,1434,1434
1434,1434,1434,1434,1434,1434,1434,1434,1434,1434,1434,1434,1434,1434,1434,1434,1434,1434,1434,1434,1434,1434,1434,1434,1434,1434,1434,1434,1434,1434,1434,1434,1434,1434,1434,1434,1434,1434,1434,1434,1434,1434,1434,1434,1434,1434,1434,1434,1434,1434
1434,1434,1434,1136,1434,1434,1434,1434,1434,1434,1136,1434,1434,1434,1429,1429,1434,1429,1136,1434,1434,1136,1136,1434,1136,1434,1434,1434,1136,1434,1136,1434,1434,1429,1434,1434,1434,1434,1434,1434,1434,1434,1434,1136,1434,1434,1434,1434,1429,1434
1434,1434,1434,1434,1434,1434,1434,1434,1434,1434,1434,1434,1434,1434,1434,1434,1434,1434,1434,1434,1434,1434,1434,1434,1434,1434,1434,1434,1434,1434,1434,1434,1434,1434,1434,1434,1434,1434,1434,1434,1434,1434,1434,1434,1434,1434,1434,1434,1434,1434
1434,1434,1434,1434,1343,1434,1343,1434,1343,1434,1343,1434,1434,1434,1434,1434,1434,1434,1343,1434,1434,1343,1434,1434,1434,1434,1434,1434,1434,1434,1343,1434,1434,1434,1434,1434,1434,1434,1434,1343,1343,1434,1434,1434,1434,1434,1434,1434,1434,1343
1434,1434,1434,1434,1434,1434,1434,1434,1434,1434,1434,1434,1434,1434,1434,1434,1434,1434,1370,1434,1370,1434,1434,1434,1434,1370,1434,1434,1434,1434,1370,1434,1434,1434,1370,1434,1370,1434,1434,1434,1434,1434,1434,1434,1434,1434,1434,1434,1434,1434
1434,1434,1423,1434,1434,1434,1434,1434,1434,1434,1434,1434,1434,1423,1434,1434,1434,1434,1434,1434,1434,1434,1423,1434,1434,1434,1423,1434,1434,1434,1434,1423,1434,1434,1434,1423,1434,1434,1434,1434,1423,1434,1434,1434,1434,1434,1434,1434,1434,1434
1434,1434,1434,1434,1434,1434,1434,1434,1434,1434,1434,1434,1434,1434,1434,1434,1434,1434,1434,1434,1434,1434,1434,1434,1434,1434,1434,1434,1434,1434,1434,1434,1434,1434,1434,1434,1434,1434,1434,1434,1434,1434,1434,1434,1434,1434,1434,1434,1434,1434
1434,1434,1434,1434,1434,1434,1434,1434,1434,1434,1434,1434,1434,1434,1434,1434,1434,1434,1434,1434,1434,1434,1434,1434,1434,1434,1434,1434,1434,1434,1434,1434,1434,1434,1434,1434,1434,1434,1434,1434,1434,1434,1434,1434,1434,1434,1434,1434,1434,1434
1434,1381,1389,1434,1434,1434,1434,1434,1434,1389,1434,1434,1389,1434,1381,1434,1389,1434,1434,1434,1389,1381,1381,1381,1434,1381,1434,1434,1434,1434,1434,1434,1434,1381,1434,1434,1434,1381,1434,1434,1389,1434,1434,1434,1434,1434,1434,1434,1434,1434
1389,1434,1389,1389,1434,1389,1389,1389,1389,1389,1389,1389,1389,1389,1434,1389,1434,1434,1389,1389,1434,1389,1389,1389,1434,1389,1434,1389,1434,1389,1434,1434,1434,1434,1389,1389,1434,1434,1389,1389,1434,1389,1434,1389,1389,1389,1389,1434,1434,1434
1389,1389,1389,1389,1389,1389,1389,1389,1326,1389,1389,1389,1389,1326,1293,1389,1389,1389,1293,1389,1389,1326,1389,1389,1389,1293,1389,1389,1389,1389,1389,1389,1389,1389,1389,1389,1389,1389,1389,1389,1293,1293,1389,1293,1389,1389,1389,1389,1389,1389
1389,1389,1389,1389,1389,1389,1389,1389,1389,1389,1389,1389,1389,1389,1389,1389,1389,1389,1389,1389,1389,1389,1389,1389,1389,1389,1389,1389,1389,1389,1389,1389,1389,1389,1389,1389,1389,1389,1389,1389,1389,1389,1389,1389,1389,1389,1389,1389,1389,1389
1389,1389,1389,1389,1389,1389,1389,1389,1389,1389,1389,1389,1389,1389,1389,1389,1389,1389,1389,1389,1389,1389,1389,1389,1389,1389,1389,1389,1389,1389,1389,1389,1389,1389,1389,1389,1389,1389,1389,1389,1389,1389,1389,1389,1389,1389,1389,1389,1389,1389
1389,1389,1389,1389,1389,1389,1389,1389,1389,1389,1389,1389,1389,1389,1389,1389,1389,1389,1389,1389,1389,1389,1389,1389,1389,1389,1389,1389,1389,1389,1389,1389,1389,1389,1389,1389,1389,1389,1389,1389,1389,1389,1389,1389,1389,1389,1389,1389,1389,1389
1389,1389,1389,1389,1389,1389,1385,1389,1389,1389,1385,1389,1389,1385,1389,1389,1389,1389,1389,1389,1385,1389,1389,1389,1389,1389,1389,1389,1385,1389,1389,1389,1389,1389,1389,1389,1389,1389,1389,1389,1389,1389,1389,1389,1389,1389,1389,1389,1389,1389
1389,1389,1389,1389,1389,1389,1389,1389,1389,1389,1389,1389,1389,1389,1389,1389,1389,1389,1389,1389,1389,1389,1389,1389,1389,1389,1389,1389,1389,1389,1389,1389,1389,1389,1389,1389,1389,1389,1389,1389,1389,1389,1389,1389,1389,1389,1389,1389,1389,1389
1389,1389,1389,1389,1389,1389,1389,1389,1389,1389,1389,1389,1389,1389,1389,1389,1389,1389,1389,1389,1389,1389,1389,1389,1389,1389,1389,1389,1389,1389,1389,1389,1389,1389,1389,1389,1389,1389,1389,1389,1389,1389,1389,1389,1389,1389,1389,1389,1389,1389
1389,1389,1389,1389,1389,1389,1389,1389,1389,1389,1389,1389,1389,1389,1389,1389,1389,1389,1389,1389,1389,1389,1389,1389,1389,1389,1389,1389,1389,1389,1389,1389,1389,1389,1389,1389,1389,1389,1389,1389,1389,1389,1389,1389,1389,1389,1389,1389,1389,1389
1389,1389,1389,1389,1389,1389,1389,1389,1389,1389,1389,1389,1389,1389,1389,1389,1389,1389,1389,1389,1389,1389,1389,1389,1389,1389,1389,1389,1389,1389,1389,1389,1389,1389,1389,1389,1389,1389,1389,1389,1389,1389,1389,1389,1389,1389,1389,1389,1389,1389
1389,1389,1389,1389,1389,1389,1389,1389,1389,1389,1389,1389,1389,1389,1389,1389,1389,1389,1389,1389,1389,1389,1389,1389,1389,1389,1389,1389,1389,1389,1389,1389,1389,1389,1389,1389,1389,1389,1389,1389,1389,1389,1389,1389,1389,1389,1389,1389,1389,1389
1389,1389,1389,1389,1389,1389,1389,1389,1389,1389,1389,1389,1389,1389,1389,1389,1389,1389,1389,1389,1389,1389,1389,1389,1389,1389,1389,1389,1389,1389,1389,1389,1389,1389,1389,1389,1389,1389,1389,1389,1389,1389,1389,1389,1389,1389,1389,1389,1389,1389
1389,1389,1389,1389,1389,1389,1389,1389,1389,1389,1389,1389,1389,1389,1389,1389,1389,1389,1389,1389,1389,1389,1389,1389,1389,1389,1389,1389,1389,1389,1389,1389,1389,1389,1389,1389,1389,1389,1389,1389,1389,1389,1389,1389,1389,1389,1389,1389,1389,1389
1389,1389,1389,1389,1389,1389,1389,1382,1389,1389,1389,1389,1389,1389,1389,1389,1382,1389,1389,1389,1389,1389,1389,1389,1389,1389,1382,1382,1389,1389,1389,1389,1389,1389,1389,1389,1389,1382,1389,1389,1389,1389,1382,1389,1389,1389,1389,1389,1389,1389
1382,1382,1389,1389,1341,1382,1382,1389,1382,1382,1382,1389,1389,1382,1382,1382,1382,1382,1382,1382,1382,1382,1382,1382,1382,1382,1389,1382,1382,1382,1341,1389,1389,1341,1382,1382,1382,1382,1389,1389,1389,1382,1389,1382,1382,1382,1389,1389,1382,1382
1382,1382,1382,1382,1382,1382,1382,1382,1382,1382,1382,1382,1382,1382,1382,1382,1382,1382,1382,1382,1382,1382,1382,1382,1382,1382,1382,1382,1382,1382,1382,1382,1382,1382,1382,1382,1382,1382,1382,1382,1382,1382,1382,1382,1382,1382,1382,1382,1382,1382
1382,1382,1382,1382,1382,1382,1382,1382,1382,1382,1382,1382,1382,1382,1382,1382,1382,1382,1382,1382,1382,1382,1382,1382,1382,1382,1382,1382,1382,1382,1382,1382,1382,1382,1382,1382,1382,1382,1382,1382,1382,1382,1382,1382,1382,1382,1382,1382,1382,1382
1382,1382,1382,1382,1382,1382,1382,1382,1382,1382,1382,1382,1382,1382,1382,1382,1382,1382,1382,1382,1382,1382,1382,1382,1382,1382,1382,1382,1382,1382,1382,1382,1382,1382,1382,1382,1382,1382,1382,1382,1382,1382,1382,1382,1382,1382,1382,1382,1382,1382
1382,1382,1382,1382,1382,1382,1382,1382,1056,1382,1382,1382,1382,1382,1382,1382,1382,1382,1382,1382,1382,1382,1382,1382,1382,1382,1382,1382,1382,1382,1382,1382,1382,1056,1382,1382,1382,1382,1382,1382,1382,1382,1382,1382,1382,1382,1382,1382,1382,1056
1382,1382,1382,1382,1382,1382,1382,1382,1382,1382,1382,1382,1382,1382,1382,1382,1382,1382,1382,1382,1382,1382,1382,1382,1382,1382,1382,1382,1382,1382,1382,1382,1382,1382,1382,1382,1382,1382,1382,1382,1382,1382,1382,1382,1382,1382,1382,1382,1382,1382
1382,1382,1382,1382,1382,1382,1382,1382,1382,1382,1382,1382,1382,1382,1382,1382,1382,1382,1382,1382,1382,1382,1382,1382,1382,1382,1382,1382,1382,1382,1382,1382,1382,1382,1382,1382,1382,1382,1382,1382,1382,1382,1382,1382,1382,1382,1382,1382,1382,1382
1382,1382,1382,1382,1382,1382,1382,1382,1382,1382,1382,1382,1382,1382,1382,1382,1382,1382,1382,1382,1382,1382,1382,1382,1382,1382,1382,1382,1382,1382,1382,1382,1382,1382,1382,1382,1382,1382,1382,1382,1382,1382,1382,1382,1382,1382,1382,1382,1382,1382
1382,1382,1382,1382,1382,1382,1382,1382,1382,1382,1382,1382,1382,1382,1382,1382,1382,1382,1382,1382,1382,1382,1382,1382,1382,1382,1382,1382,1382,1382,1382,1382,1382,1382,1382,1382,1382,1382,1382,1382,1382,1382,1382,1382,1382,1382,1382,1382,1382,1382
1382,1382,1382,1382,1382,1381,1382,1382,1382,1381,1382,1382,1382,1382,1381,1382,1382,1382,1382,1382,1382,1382,1382,1382,1382,1382,1382,1382,1382,1382,1381,1382,1381,1382,1382,1381,1382,1381,1382,1382,1382,1382,1381,1382,1382,1382,1382,1382,1382,1382
1382,1382,1382,1382,1382,1382,1382,1382,1382,1382,1382,1382,1382,1382,1382,1382,1382,1382,1382,1382,1382,1382,1382,1382,1382,1382,1382,1382,1382,1382,1382,1382,1382,1382,1382,1382,1382,1382,1382,1382,1382,1382,1382,1382,1382,1382,1382,1382,1382,1382
1382,1382,1382,1382,1382,1382,1382,1382,1382,1382,1382,1382,1382,1382,1382,1382,1382,1382,1382,1382,1382,1382,1382,1382,1382,1382,1382,1382,1382,1382,1382,1382,1382,1382,1382,1382,1382,1382,1382,1382,1382,1382,1382,1382,1382,1382,1382,1382,1382,1382
1382,1382,1382,1382,1382,1382,1382,1382,1382,1382,1382,1382,1382,1382,1382,1382,1382,1382,1382,1382,1382,1382,1382,1382,1382,1382,1382,1382,1382,1382,1382,1382,1382,1382,1382,1382,1382,1382,1382,1382,1382,1382,1382,1382,1382,1382,1382,1382,1382,1382
1382,1382,1363,1382,1318,1382,1318,1318,1318,1318,1382,1382,1382,1382,1382,1382,1382,1382,1382,1382,1382,1382,1382,1382,1382,1382,1382,1318,1363,1382,1382,1318,1318,1382,1382,1318,1382,1382,1382,1382,1318,1363,1382,1382,1363,1363,1382,1382,1382,1382
1382,1382,1382,1237,1382,1382,1382,1382,1382,1237,1382,1382,1237,1382,1382,1382,1382,1382,1237,1237,1237,1382,1237,1382,1382,1382,1382,1382,1382,1237,1382,1237,1237,1382,1382,1382,1382,1382,1382,1382,1382,1382,1237,1382,1382,1382,1382,1382,1237,1382
1289,1382,1382,1382,1382,1382,1382,1382,1382,1382,1382,1382,1289,1382,1382,1382,1382,1382,1382,1382,1382,1382,1382,1382,1382,1382,1382,1289,1382,1382,1382,1382,1382,1382,1382,1382,1382,1382,1382,1382,1382,1382,1382,1382,1382,1382,1382,1382,1382,1289
1355,1382,1382,1382,1382,1382,1382,1382,1382,1382,1382,1382,1382,1382,1382,1382,1382,1355,1382,1382,1382,1355,1382,1382,1382,1382,1382,1382,1382,1382,1382,1382,1382,1382,1382,1382,1382,1382,1382,1382,1355,1382,1382,1382,1382,1382,1382,1355,1382,1382
1382,1382,1382,1382,1382,1382,1382,1382,1382,1382,1382,1382,1382,1382,1382,1382,1382,1382,1382,1382,1382,1382,1382,1382,1382,1382,1382,1382,1382,1382,1382,1382,1382,1382,1382,1382,1382,1382,1382,1382,1382,1382,1382,1382,1382,1382,1382,1382,1382,1382
1382,1372,1382,1382,1382,1382,1382,1382,1382,1382,1382,1382,1382,1382,1339,1382,1372,1382,1382,1372,1382,1382,1382,1382,1382,1382,1382,1382,1382,1382,1339,1372,1382,1382,1382,1382,1339,1382,1339,1339,1382,1382,1382,1382,1382,1382,1382,1382,1382,1339
1382,1382,1382,1382,1382,1382,1382,1382,1382,1382,1382,1382,1382,1382,1382,1382,1382,1382,1382,1382,1382,1382,1382,1382,1382,1382,1382,1382,1382,1382,1382,1382,1382,1382,1382,1382,1382,1382,1382,1382,1382,1382,1382,1382,1382,1382,1382,1382,1382,1382
1382,1382,1382,1382,1125,1382,1125,1382,1382,1382,1382,1382,1382,1125,1382,1382,1125,1382,1382,1382,1382,1382,1382,1382,1382,1382,1382,1382,1382,1382,1382,1125,1382,1382,1382,1382,1125,1382,1382,1382,1125,1382,1382,1382,1125,1382,1382,1125,1382,1382
1243,1243,1243,1243,1243,1243,1243,1243,1382,1243,1382,1243,1243,1243,1243,1243,1243,1243,1243,1243,1243,1243,1243,1243,1243,1243,1243,1243,1243,1243,1243,1382,1243,1243,1243,1243,1382,1243,1382,1382,1243,1243,1243,1243,1243,1243,1243,1243,1382,1243
1125,1125,1125,1125,1125,1125,1125,1125,1125,1125,1125,1125,1125,1125,1125,1125,1125,1125,1125,1125,1125,1125,1125,1125,1125,1125,1125,1125,1125,1125,1125,1125,1125,1125,1125,1125,1125,1125,1125,1125,1125,1125,1125,1125,1125,1125,1125,1125,1125,1125
1243,1243,1243,1243,1243,1243,1243,1243,1243,1243,1243,1243,1243,1243,1243,1243,1243,1243,1243,1243,1243,1243,1243,1243,1243,1243,1243,1243,1243,1243,1243,1243,1243,1243,1243,1243,1243,1243,1243,1243,1243,1243,1243,1243,1243,1243,1243,1243,1243,1243
1125,1125,1125,1125,1125,1125,1125,1125,1125,1125,1125,1125,1125,1125,1125,1125,1125,1125,1125,1125,1125,1125,1125,1125,1125,1125,1125,1125,1125,1125,1125,1125,1125,1125,1125,1125,1125,1125,1125,1125,1125,1125,1125,1125,1125,1125,1125,1125,1125,1125
1243,1243,1243,1243,1243,1243,1243,1243,1243,1243,1243,1243,1243,1243,1243,1243,1243,1243,1243,1243,1243,1243,1243,1243,1243,1243,1243,1243,1243,1243,1243,1243,1243,1243,1243,1243,1243,1243,1243,1243,1243,1243,1243,1243,1243,1243,1243,1243,1243,1243
1125,1125,1125,1125,1125,1125,1125,1125,1125,1125,1125,1125,1125,1125,1125,1125,1125,1125,1125,1125,1125,1125,1125,1125,1125,1125,1125,1125,1125,1125,1125,1125,1125,1125,1125,1125,1125,1125,1125,1125,1125,1125,1125,1125,1125,1125,1125,1125,1125,1125
1243,1243,1243,1243,1243,1243,1243,1243,1243,1243,1243,1243,1243,1243,1243,1243,1243,1243,1243,1243,1243,1243,1243,1243,1243,1243,1243,1243,1243,1243,1243,1243,1243,1243,1243,1243,1243,1243,1243,1243,1243,1243,1243,1243,1243,1243,1243,1243,1243,1243
1125,1125,1125,1125,1125,1125,1125,1125,1125,1125,1125,1125,1125,1125,1125,1125,1125,1125,1125,1125,1125,1125,1125,1125,1125,1125,1125,1125,1125,1125,1125,1125,1125,1125,1125,1125,1125,1125,1125,1125,1125,1125,1125,1125,1125,1125,1125,1125,1125,1125
1243,1243,1243,1243,1243,1243,1243,1243,1243,1243,1243,1243,1243,1243,1243,1243,1243,1243,1243,1243,1243,1043,1243,1243,1043,1243,1243,1243,1243,1043,1043,1243,1243,1243,1243,1243,1243,1243,1243,1043,1043,1043,1243,1243,1243,1243,1043,1243,1043,1243
1125,1125,1125,1125,1125,1125,1125,1125,1125,1125,1125,1125,1125,1125,1125,1125,1125,1125,1125,1125,1125,1125,1125,1125,1125,1125,1125,1125,1125,1125,1125,1125,1125,1125,1125,1125,1125,1125,1125,1125,1125,1125,1125,1125,1125,1125,1125,1125,1125,1125
1243,1243,1243,1243,1243,1243,1243,1243,1243,1214,1243,1243,1243,1243,1243,1243,1243,1243,1243,1243,1243,1243,1243,1214,1243,1243,1243,1214,1243,1243,1243,1243,1214,1214,1243,1214,1243,1243,1243,1214,1243,1243,1243,1243,1214,1243,1243,1243,1243,1214
1125,1125,1125,1125,1125,1125,1125,1125,1125,1125,1125,1125,1125,1125,1125,1125,1125,1125,1125,1125,1125,1125,1125,1125,1125,1125,1125,1125,1125,1125,1125,1125,1125,1125,1125,1125,1125,1125,1125,1125,1125,1125,1125,1125,1125,1125,1125,1125,1125,1125
1243,1243,1243,1243,1243,1243,1243,1243,1243,1243,1243,1243,1243,1243,1243,1243,1243,1243,1243,1243,1243,1243,1243,1243,1243,1243,1243,1243,1243,1243,1243,1243,1243,1243,1243,1243,1243,1243,1243,1243,1243,1243,1243,1243,1243,1243,1243,1243,1243,1243
1125,1125,1125,1125,1125,1125,1125,1125,1125,1125,1125,1125,1125,1125,1125,1125,1125,1125,1125,1125,1125,1125,1125,1125,1125,1125,1125,1125,1125,1125,1125,1125,1125,1125,1125,1125,1125,1125,1125,1125,1125,1125,1125,1125,1125,1125,1125,1125,1125,1125
1243,1243,1243,1243,1243,1243,1243,1243,1243,1243,1243,1243,1243,1243,1243,1243,1243,1243,1243,1243,1243,1243,1243,1243,1243,1243,1243,1243,1243,1243,1243,1243,1243,1243,1243,1243,1243,1243,1243,1243,1243,1243,1243,1243,1243,1243,1243,1243,1243,1243
1125,1125,1125,1125,1125,1125,1125,1125,1125,1125,1125,1125,1125,1125,1125,1125,1125,1125,1125,1125,1125,1125,1125,1125,1125,1125,1125,1125,1125,1125,1125,1125,1125,1125,1125,1125,1125,1125,1125,1125,1125,1125,1125,1125,1125,1125,1125,1125,1125,1125
1243,1243,1243,1243,1243,1243,1243,1243,1243,1243,1243,1243,1243,1243,1243,1243,1243,1243,1243,1243,1243,1243,1243,1243,1243,1243,1243,1243,1243,1243,1243,1243,1243,1243,1243,1243,1243,1243,1243,1243,1243,1243,1243,1243,1243,1243,1243,1243,1243,1243
1125,1125,1125,1125,1125,1125,1125,1125,1125,1125,1125,1125,1125,1125,1125,1125,1125,1125,1125,1125,1125,1125,1125,1125,1125,1125,1125,1125,1125,1125,1125,1125,1125,1125,1125,1125,1125,1125,1125,1125,1125,1125,1125,1125,1125,1125,1125,1125,1125,1125
1243,1243,1243,1243,1243,1243,1243,1243,1243,1243,1243,1243,1243,1243,1243,1243,1243,1243,1243,1243,1243,1243,1243,1243,1243,1243,1243,1243,1243,1243,1243,1243,1243,1243,1243,1243,1243,1243,1243,1243,1243,1243,1243,1243,1243,1243,1243,1243,1243,1243
1125,1125,1125,1125,1125,1125,1125,1125,1125,1125,1125,1125,1125,1125,1125,1125,1125,1125,1125,1125,1125,1125,1125,1125,1125,1125,1125,1125,1125,1125,1125,1125,1125,1125,1125,1125,1125,1125,1125,1125,1125,1125,1125,1125,1125,1125,1125,1125,1125,1125
1243,1243,1243,1243,1243,1243,1243,1243,1243,1243,1243,1243,1243,1243,1243,1243,1243,1243,1243,1243,1243,1243,1243,1243,1243,1243,1243,1243,1243,1243,1243,1243,1243,1243,1243,1243,1243,1243,1243,1243,1243,1243,1243,1243,1243,1243,1243,1243,1243,1243
1125,1125,1125,1125,1125,1125,1125,1125,1125,1125,1125,1125,1125,1125,1125,1125,1125,1125,1125,1125,1125,1125,1125,1125,1125,1125,1125,1125,1125,1125,1125,1125,1125,1125,1125,1125,1125,1125,1125,1125,1125,1125,1125,1125,1125,1125,1125,1125,1125,1125
1243,1243,1243,1243,1243,1243,1243,1243,1243,1243,1243,1243,1243,1243,1243,1243,1243,1243,1243,1243,1243,1243,1243,1243,1243,1243,1243,1243,1243,1243,1243,1243,1243,1243,1243,1243,1243,1243,1243,1243,1243,1243,1243,1243,1243,1243,1243,1243,1243,1243
1125,1125,1125,1125,1125,1125,1125,1125,1125,1125,1125,1125,1125,1125,1125,1125,1125,1125,1125,1125,1125,1125,1125,1125,1125,1125,1125,1125,1125,1125,1125,1125,1125,1125,1125,1125,1125,1125,1125,1125,1125,1125,1125,1125,1125,1125,1125,1125,1125,1125
1243,1243,1243,1243,1243,1243,1243,1243,1243,1243,1243,1243,1243,1243,1243,1243,1243,1243,1243,1243,1243,1243,1243,1243,1243,1243,1243,1243,1243,1243,1243,1243,1243,1243,1243,1243,1243,1243,1243,1243,1243,1243,1243,1243,1243,1243,1243,1243,1243,1243
1125,1125,1125,1125,1125,1125,1125,1125,1125,1125,1125,1125,1125,1125,1125,1125,1125,1125,1125,1125,1125,1125,1125,1125,1125,1125,1125,1125,1125,1125,1125,1125,1125,1125,1125,1125,1125,1125,1125,1125,1125,1125,1125,1125,1125,1125,1125,1125,1125,1125
1243,1243,1243,1243,1243,1243,1243,1243,1243,1243,1243,1243,1243,1243,1243,1243,1243,1243,1243,1243,1243,1243,1243,1243,1243,1243,1243,1243,1243,1243,1243,1243,1243,1243,1243,1243,1243,1243,1243,1243,1243,1243,1243,1243,1243,1243,1243,1243,1243,1243
1125,1125,1125,1125,1125,1125,1125,1125,1125,1125,1125,1125,1125,1125,1125,1125,1125,1125,1125,1125,1125,1125,1125,1125,1125,1125,1125,1125,1125,1125,1125,1125,1125,1125,1125,1125,1125,1125,1125,1125,1125,1125,1125,1125,1125,1125,1125,1125,1125,1125
