2331,2699,2514,2331,3151,2444,2749,2549,2589,2128,2589,2616,2355,2546,3309,2339,2699,2589,2631,2539,2665,2546,2699,3177,2485,2665,2360,3028,2339,2730,2331,3033,2355,2589,2331,2979,2364,2511,2613,2781,3017,2637,2796,2511,2339,2626,2638,2803,2828,2631
2292,2876,2292,2182,2381,2766,2517,2511,2359,2517,2554,2799,2491,2173,2629,2396,2517,2608,2491,2490,2608,2610,2986,2299,2554,2341,2437,2517,2299,2437,2341,2554,2633,2501,2467,2851,2467,2560,2511,2665,2652,2669,2359,2665,2341,2544,2396,2182,2159,2353
2693,2189,2339,2368,2423,2387,2598,2368,2589,2511,2754,2423,2449,2456,2224,2367,2696,2449,2522,2485,2189,2224,2449,2453,2498,2422,2393,2637,2339,2403,2432,2355,2355,2339,2339,2453,2339,2339,2331,2355,2730,2720,2375,2470,2453,2665,2448,2224,2339,2182
2588,2216,2482,2214,2561,2257,1921,2282,2416,2599,2653,2469,2389,2467,2209,2607,2362,2410,2517,2498,2257,2482,2108,2381,2362,2279,2282,1921,2214,2381,2517,2396,2396,2214,2108,2299,2554,2362,2396,2396,2299,2216,2416,2216,2511,1921,2467,2308,2299,2282
2276,2471,2598,2272,2435,2453,2327,2110,2141,2189,2110,2374,2272,2339,2039,2443,2110,2420,2004,2522,2557,2453,2224,2407,2389,2389,2641,2039,2189,2435,2308,2004,2110,2589,2545,2485,2339,2557,2420,2339,2224,2004,2498,2423,2204,2004,2087,2598,2304,2087
2069,2561,2462,2216,2460,1921,1921,2181,2106,2181,2248,2460,2511,2282,2561,2356,2204,2460,2211,2211,2381,2544,2405,2250,2321,2248,2356,2321,2396,2498,2209,1976,2180,2462,2250,1921,2460,2204,2204,2682,2095,2248,2106,2340,2352,2449,1921,2321,2214,2440
2087,2485,2301,2210,2349,2242,2110,2253,2293,2221,2625,2110,2004,2141,2272,2301,2272,2110,2272,2435,2479,2440,2272,2110,2227,2301,2004,2084,2435,2253,2141,2304,2180,2404,2227,2224,2221,2267,2267,2224,1985,2274,2631,2004,2242,2180,2287,2404,2189,2272
2180,2247,2280,2310,2196,2021,2215,2106,2082,2301,2209,2248,2301,2076,1921,2272,1921,2685,2471,2054,2433,2319,2151,2095,2248,1921,2151,2204,2272,2034,2222,2324,2216,2356,2091,2460,2324,2270,2247,2211,2095,2069,2280,2324,2381,2099,2272,2151,2505,2013
2110,2253,1966,2565,2240,2410,2201,2236,2245,2227,2189,2101,2217,2232,2479,2143,2286,2204,2236,2435,2272,2267,2149,2147,2008,2758,2388,2180,2245,2221,2328,2016,2272,2110,2255,2227,2179,2149,2245,2232,2304,2180,2110,2328,2245,2421,2287,2147,2212,2253
2410,2180,2034,2276,2470,2184,2151,2410,1921,2363,1921,2022,2099,1976,2269,2565,2401,1864,2345,2127,2196,2107,2130,2211,2248,1932,2257,2269,2248,1864,2107,2196,1921,2034,2022,2276,1932,1878,2276,2209,2269,2151,2196,2013,1921,2356,2297,2236,2130,2356
2352,1857,2236,2147,2006,2148,2435,1857,1978,1978,2335,2508,2241,2050,2089,2227,2110,2147,2227,2126,2223,2267,2108,1857,1911,2202,2135,2304,1784,1978,2286,2136,2016,2211,2479,2110,2110,2201,2286,2212,2435,2212,2135,2080,2147,2130,2080,2375,2212,2097
2283,1864,2099,2276,2148,1864,2126,2185,2323,2034,2382,2216,2013,1963,2396,2055,2130,2339,2276,2144,1932,2283,2047,2342,2188,2041,1932,1921,2148,2210,2356,1963,1921,1913,1932,1932,2342,2323,2107,2239,1921,2106,2209,2401,2149,2130,2185,2034,2106,2423
1961,1978,2089,2229,1857,2201,1784,2290,2145,2241,1893,2147,2201,2190,2009,1978,2055,2148,2241,2033,2225,2190,2110,2016,2103,2016,2098,2126,2126,2168,2290,2006,2055,2211,2175,2006,1893,2201,2336,2016,1726,2033,2110,1911,2055,2174,2450,1978,2075,1978
2216,2176,2229,2248,2013,2208,2144,2342,2332,2131,2055,2400,2177,1880,1932,2315,1932,2107,2208,2107,2013,1864,1932,2201,2332,1921,1932,2370,1921,2041,1683,2342,2095,2095,2432,1932,2013,2095,2383,2210,2440,2144,2106,2055,2229,2095,1932,2075,2315,2107
2241,2175,2001,1978,2211,1978,1992,2157,2000,2292,2194,2154,2015,2009,2016,2016,1992,2229,2504,2015,2096,2308,2088,2432,1978,1797,1978,1978,1683,2194,2009,2149,2015,2016,2055,2380,2190,2175,2281,2292,2143,2179,2174,1683,2543,1797,2172,1918,1978,2009
1932,2313,2042,2013,2313,1932,1932,1827,2200,2151,2108,1992,2248,1958,2446,2144,2238,1932,2353,1992,1880,1958,2216,2131,1932,2229,1840,2055,1932,2216,2177,1898,2224,1840,2107,1932,2001,2171,2281,2161,1992,2161,2208,2297,2036,1840,2310,2280,2081,2177
2174,2172,2088,2171,2526,1886,1945,1683,1797,2047,1992,2409,2015,2143,2172,2229,2175,1992,2096,2096,2276,2526,2015,1869,2210,2009,2045,2017,1683,1978,2172,2297,1992,2075,2172,2496,1992,2385,2252,1945,1869,2190,2214,1683,1976,2292,2175,2097,2175,1945
2229,1898,1898,2280,1958,2236,2118,2118,2248,1771,1983,1920,2109,2061,2337,2063,2216,2337,2109,1552,1552,2280,1992,2106,2131,2055,1898,2106,2258,1967,2175,1992,1771,2150,2036,1937,1840,1552,2188,2205,2216,2420,1837,1992,2118,2354,1958,2085,1771,2085
2204,2054,1978,2082,1884,2379,1960,1884,2060,2177,2136,1886,1945,2082,1884,1533,2096,2058,2233,2177,2256,2060,1683,1992,1797,2063,1945,2082,2129,1807,2190,1992,2421,2045,2204,1945,2038,2015,2204,2086,1797,1787,1992,1807,1827,1575,2129,2204,2060,2098
2161,1898,1552,1949,2049,1552,2087,1837,1771,2218,1874,1898,2320,1992,1771,2030,2052,1898,1992,1840,1816,1967,1552,2161,2023,1771,1552,1928,2181,2233,2087,2106,2320,2084,1552,1921,2135,1785,2233,1816,1817,2229,1992,2063,2106,1941,2109,1785,2149,1941
2044,1759,1787,1787,2060,2303,1921,1884,1990,2204,1945,2096,1956,1945,1575,2206,1884,2071,2032,1990,1978,1992,1915,1884,2204,2206,1925,2033,1593,2396,1884,2033,1884,2115,1956,2177,1921,2157,1921,1945,1945,1575,1575,1945,2203,2071,1945,1945,1945,1992
1872,1898,1785,1978,2115,2084,1921,2262,1785,1766,2136,2149,2019,1552,2019,1552,2136,2220,1552,2074,2023,1761,2084,2130,2109,2030,2136,1771,2030,2153,2026,2083,1967,1898,1898,2153,2081,2026,2126,2030,1949,1974,2302,1761,1992,1898,1552,1874,2203,1921
1830,2255,1884,1702,1575,1945,2022,2306,2346,1827,1575,2022,1702,1745,2027,1830,1925,1932,2174,1821,2022,1954,2100,1821,2060,1730,1575,1978,2060,1915,1978,1575,2217,2069,1960,1702,2033,1915,1960,2088,1575,1946,1830,2027,1575,1978,2100,1787,2033,1575
1785,2210,2030,1928,1766,2030,1967,2142,2323,1822,1766,1903,2024,1967,2248,2030,2126,1922,2027,2126,2024,1771,1928,2030,1766,2142,2248,1660,2436,1916,1874,2010,1874,1785,2142,1660,1967,2010,2358,1627,1627,2248,1928,2030,2297,2126,1967,2126,2052,1766
1776,1575,1571,2228,2293,1830,1575,1776,1925,1821,2136,1945,1915,1954,1571,1702,1928,1978,2390,2355,2222,1575,1781,2053,1978,2390,1763,2226,1954,1945,1787,2201,1921,1849,1575,1821,2141,2354,1997,2148,2131,2148,1954,1886,1835,1730,2228,1795,1830,1978
1900,2030,1922,1964,1744,2104,1928,1744,2111,2107,1785,2065,1903,1943,2000,1967,1785,1926,1884,2024,1766,2065,1884,2111,1913,1903,2010,1967,2105,1977,1921,1900,1874,1627,2089,2126,1884,1744,1922,2089,2279,1744,1669,1963,1544,1943,1967,2105,1996,2232
2246,1821,2384,1571,1749,1997,2235,1978,1925,1868,1858,2044,2330,1868,1978,1954,2196,1776,1954,2044,1787,2300,1984,1776,1702,1580,1821,1571,1702,1969,1978,1835,1921,1945,1835,1969,1730,1997,1969,1730,1763,2192,2305,1781,1714,1575,1983,1571,1580,1730
1861,2279,1900,2131,2146,1881,2007,1963,1832,1921,2126,1744,2361,2010,1967,1967,2053,1744,2085,2188,1903,2000,2257,1903,1964,1736,2067,1744,1846,1832,2294,1967,1451,2000,1874,1881,1921,2175,1980,2103,1846,2221,1868,2361,1744,1922,2010,1885,1851,1922
2155,1883,2297,2297,1994,2053,2266,2300,1571,2155,2092,2114,2300,1945,2121,1773,1978,1921,1983,1702,2482,1964,1945,1821,1961,1994,1997,1571,1730,1964,1961,2075,1984,1702,1978,1702,1994,1984,1984,2308,1921,1730,2192,1964,1787,2350,1945,2228,1868,2057
2098,2104,2041,2146,2007,1967,1964,2094,1964,1903,1921,1921,1722,2161,1964,2232,2213,2035,2263,2146,2140,1921,2270,1572,1900,2090,1722,2140,2025,1744,2368,1746,2156,2025,1921,1922,1746,2216,2198,2170,1950,2390,2593,2000,2593,2104,2058,2161,2042,2275
2295,2083,1962,2261,1824,1571,1821,1921,2202,2258,2275,1845,1869,2269,1901,1833,2070,1978,2022,1921,1538,2083,1571,1994,1869,1964,1964,2157,2168,1571,1964,1821,2158,1571,1983,2158,2182,1983,1994,1701,1921,2092,2092,1709,1964,1577,2070,1921,1709,1640
2060,1900,2282,2179,2004,1828,2140,2123,1921,2176,1771,1947,1982,1744,2252,2285,2041,1964,1900,2260,2108,1964,1744,2170,2041,2172,1673,1964,2232,1964,1964,2060,2170,1900,1744,2238,1921,1744,1900,1744,1921,2223,1891,1921,1416,1673,2156,2172,2282,1982
1730,1920,1983,2291,2624,2020,2119,1560,1709,1921,1994,2356,1701,1920,2229,2171,1867,1571,1867,1921,1920,2206,2183,2290,1994,1983,2240,2340,1827,2315,1962,2145,2211,2240,1730,2400,1983,2171,1964,2119,2088,2119,1985,1921,1983,2199,1701,1983,2234,2208
1928,2384,1981,2191,1974,1744,1900,2198,1935,2346,1902,1673,2071,1964,1921,2093,1982,1902,1947,1921,2227,2191,1902,1893,1911,2108,1981,1911,1992,1416,1927,1935,2180,2231,2236,2179,1744,1744,1416,1982,2160,1981,2465,2004,2231,1902,2236,2547,2140,1445
2013,1589,1994,1951,2171,1848,1957,1867,1607,2119,2119,1985,2117,1968,2117,1968,2346,1589,1920,1935,1946,2033,1957,2103,1968,1935,2117,1946,1701,1699,1951,2228,1985,1607,2228,1848,1867,1983,2496,2145,1921,1827,1701,2118,1964,2020,1920,2229,2122,1957
1947,2319,1816,2140,2138,1981,2060,1964,1933,2147,2075,2236,2056,2067,2377,1937,2075,2140,1911,2302,2075,1875,1813,1844,1863,2167,1863,2524,2075,2138,2272,1981,2000,1930,1930,1947,1875,1844,2000,2140,2349,2000,1723,1744,1933,1982,1921,1992,1933,1933
1968,1607,2098,2195,1968,1951,2120,2198,2117,1589,2257,1848,1968,1968,2100,1985,2171,2007,1884,1848,2180,1937,2098,2012,1607,2198,1968,2183,1884,2122,1848,2297,2098,1827,2269,1985,1589,2171,1921,2031,2171,2139,1985,2017,1968,2119,1884,2120,2450,1937
2223,1947,1772,1982,1723,1937,1992,2283,2119,2018,1723,2000,1933,2000,1959,1873,2246,1942,1813,1863,1992,1772,1933,1844,2246,1844,1723,1814,1863,1863,1723,2105,2402,1873,1937,1813,2138,1992,1930,2276,2184,2223,1986,1813,2142,2276,1959,2138,2362,2138
1915,1607,2023,2059,2414,1607,1766,2059,2059,2119,1827,2102,2080,1495,1956,2358,1937,1985,2034,2258,1970,2257,1956,1968,2180,1827,2023,2123,1915,1937,2034,2034,2198,1607,2419,1848,1589,1968,2249,2182,1827,1607,2123,1826,2069,2430,2007,1848,2297,2257
1756,2348,2292,1813,2138,1777,2190,2486,1814,2059,2376,1723,2119,1814,2119,2292,1723,1991,2258,1991,2423,2308,2005,1723,2025,2336,1756,1756,1698,1814,2000,1933,1814,1813,2059,1723,2171,2011,1814,1813,2423,2107,2107,2148,1723,1563,1723,1723,1814,1947
1730,1876,1607,1890,2019,1607,2435,2019,2258,2063,1607,2019,2190,2325,1956,2034,1607,2019,1883,1495,2034,2059,2192,1607,1795,2034,2224,1968,2026,2361,1754,1495,2192,2026,2486,1495,2034,1607,1985,1876,1883,2356,2034,1607,2089,2302,1754,1607,1589,2257
1907,1777,1723,1814,1830,1814,2163,1830,1983,1814,2190,1756,1723,2185,2075,1705,1991,1830,2011,1814,2132,2027,1814,1814,1783,2218,1723,1723,1861,2138,1814,1891,1814,2190,2435,1563,2011,1723,2190,1718,2133,2227,1686,1563,1756,1855,1983,1723,2315,1723
1607,2167,1607,1782,2006,2041,2034,2282,1848,2225,2230,2034,1840,2069,2230,2034,2243,1607,2260,1893,2190,2197,2034,1607,1870,1754,1839,2190,2069,1662,2442,1607,1607,1607,2034,2034,2190,2019,2034,1839,1747,2189,1840,2169,2200,1840,1662,2237,2167,1983
1633,1620,1602,2002,2034,1814,1633,1861,1620,2141,1723,2250,2095,1708,1814,2090,1708,1814,2158,1969,1917,1633,2190,1563,2158,1723,2303,2312,1401,1814,1814,1814,1814,2034,1563,1814,1620,2002,1994,1991,1563,1919,1864,2338,1969,1756,2200,1830,1919,1723
1728,1728,1785,1702,2261,1953,1728,1747,2034,1607,1983,1840,1839,1785,2009,2069,2088,1839,1930,1748,2170,2648,2592,1809,2169,1987,2034,2238,1967,2069,1607,2034,2088,1693,2132,1754,2015,1839,2126,2219,2286,1568,2009,2034,1965,1864,1568,1987,2069,1747
2094,1723,2114,2158,1893,1814,1969,2180,2158,2064,2257,2004,1899,1969,1620,1861,2024,2066,1602,2302,2356,2035,2180,2004,1717,1620,1814,2035,2359,2338,1563,1861,1773,2004,2164,2158,1717,2081,1432,1814,1818,2025,1723,1563,1814,1943,2004,1846,2004,2066
1702,1839,2196,1607,2005,1785,1823,1823,1932,1754,1754,2002,1607,2068,1607,2106,2061,1868,1986,1855,1855,1983,1754,2318,2009,1932,2009,1868,1904,1868,1754,2009,1885,2049,2054,1839,2009,1945,1924,2207,2128,2054,1945,1754,2196,1932,2069,1930,1885,2207
1563,2240,2096,2272,2050,2042,1509,2198,1723,2050,2170,2250,1509,1563,2050,2050,2281,1563,1969,2144,2004,1969,2318,2288,2377,1647,2136,2129,1602,2004,2199,1921,2141,2182,2319,2205,2141,2017,2004,1432,2004,1647,2169,1986,1893,2004,2272,1563,1969,2050
1868,1545,2175,1754,1754,2240,1932,1754,2009,1942,2061,1607,2009,1986,2377,1942,1754,2053,1868,1643,1986,1754,1545,1754,2318,1607,2009,1932,2202,1867,1908,2009,2009,1754,2216,2196,1945,2059,1932,2175,1647,1855,2061,1961,1860,1643,2378,1785,1839,1942
2202,2085,2247,1640,2713,1432,2164,2085,1698,2085,2198,2060,2304,1890,1711,1723,2027,2381,1563,1647,2141,1723,1957,2237,2425,1867,1647,1563,2202,1509,1907,1563,2240,2202,1980,1969,2100,1563,1509,1980,1563,2042,2178,2240,2100,2144,1647,2240,2082,1647
1545,1932,2105,2089,2032,2032,1908,2265,1908,1892,1291,2032,1986,2431,2052,2151,2001,1942,1855,2241,2130,2220,1860,2273,1291,2118,1607,2543,1932,1824,2001,1986,2431,1942,2089,1932,2240,2032,1945,2427,1607,2165,1824,2256,1855,1545,2354,2431,1545,1754
1851,2287,1448,1990,2085,2425,1647,2039,2143,2267,1907,1907,2156,1432,2237,2143,1636,1980,2444,2275,2033,2152,1563,2281,2144,1723,2152,2422,1432,2082,2473,1860,2143,2281,1563,1448,1647,1915,2156,2156,1509,1656,1636,2085,2085,1757,2052,2042,1723,2085
1492,1855,2118,2200,2265,1982,1819,1915,1908,1291,2089,2089,1860,2118,1986,2001,2200,1727,2089,2265,2079,2350,2301,1918,1908,1945,1989,2002,2089,1619,1607,2250,2032,2202,1754,2144,1990,1915,1989,1915,2342,2114,1942,2202,1545,2224,2001,2258,2200,1727
1907,1820,1990,1901,1980,1859,1427,2281,1990,2085,2202,2212,1563,2300,1509,1915,1850,1757,1563,1915,1990,1757,1757,2039,1510,1860,1915,2229,2152,1864,2024,2287,1848,1915,2281,1860,1509,2345,1901,1907,1432,1563,1915,2143,1739,1980,1864,1877,1563,2120
2144,1721,1915,1915,1924,1908,1918,1754,1990,1558,1990,1720,1969,2202,1727,2514,2144,1915,1855,1855,1855,2236,2218,1724,2126,1720,1990,2127,1924,1754,1969,2164,1545,1754,1855,2227,1754,1750,1907,1918,1819,2067,1721,1918,2202,2001,2144,2001,2144,1811
2143,1508,1563,2202,2055,1374,1432,1374,1779,2006,1820,2202,1821,1961,1432,1911,1877,1779,1779,2164,1998,1757,1990,1432,1563,1508,1820,1877,1563,1779,2114,1563,1757,1998,1980,2193,2006,1915,2089,1509,1941,1757,2062,1915,1901,1927,2136,1757,1901,1563
1727,1795,1898,1993,1915,2164,1924,2235,1918,1898,2306,1927,1990,1898,1918,1943,1679,1558,1754,2164,1832,2178,2084,1921,2046,1918,2170,1838,1927,1918,2257,1990,1920,2099,2250,1982,1898,2164,1724,1558,2025,1918,1754,2046,1727,1838,1677,1754,2168,1911
1843,1897,1927,1767,2205,1880,1897,1779,2024,1927,1757,1757,1982,1779,1757,1961,1690,1820,1901,2092,2114,2053,2272,1993,1779,2097,1851,2061,1941,1850,1779,1767,1757,2114,1779,1897,1982,1757,1913,1767,1998,1563,1757,2178,1757,1961,1993,1998,1877,1851
1898,1927,1918,2092,1843,2129,1744,1940,1898,2025,1843,1982,1938,1901,2114,1927,1901,1727,2039,1938,1918,1901,1843,1939,2327,2044,2327,1843,1898,1918,1727,1970,2233,1918,1901,2344,1888,1920,1733,1898,1993,1901,1946,1727,2129,1928,1946,1918,2130,1924
1757,2280,2295,1767,1820,1767,2070,1820,1850,1927,2012,2103,1820,1923,2234,1885,2023,1767,1757,1897,1820,1607,1993,1779,1812,2038,1814,1956,1779,1757,2280,2013,1982,1779,1959,1992,2393,1897,2160,1757,1607,2130,1767,1814,1757,2327,2240,1820,1901,1767
1946,1901,1939,2220,1984,1843,2539,1879,1927,1843,1719,1984,1901,1928,2271,1984,1727,2086,1918,1843,2024,1918,1948,2037,1719,1901,2104,1727,2105,1742,1905,1843,1727,1920,2176,1727,1898,1918,1918,1901,1742,2539,1805,1727,1946,1734,1671,1937,1805,1918
1757,1696,2023,2013,1714,1927,2005,2066,1960,1779,1822,1897,1923,2114,1820,2157,1982,1875,1820,2005,1696,1757,2085,2233,1792,1956,1822,1897,2007,1814,1814,1757,1984,1767,1950,2075,1875,2217,1984,2007,1820,1964,1607,1959,2013,1820,2222,1898,1873,2114
1918,1777,2088,2080,2329,1918,1964,1966,1894,2208,1727,1918,1584,2120,1946,1805,1946,1843,1805,1933,2120,1934,2065,2208,2146,1931,1584,2055,2102,1928,1885,2022,2105,2102,1843,1934,2141,1734,1918,1727,1898,1727,1901,2099,1777,2120,2141,2140,2141,1729
1757,2080,1822,2005,1675,1822,1822,2094,2023,1757,1757,2023,2249,1757,1757,2068,2155,1767,2155,2576,1757,1757,1944,1834,1757,1779,1740,1898,1931,2204,1982,2080,2094,1962,2065,2055,2023,1740,2075,1757,1856,1779,1792,2016,1782,1898,2019,1822,1873,1820
1734,1805,1918,1752,1918,1805,1994,1898,2198,2039,1898,1531,1766,2436,1584,1908,1888,1584,2050,1888,2027,1933,1918,1921,1908,1864,1751,2027,1898,1531,1918,1898,1918,1918,1843,2039,1994,2054,1823,1888,1734,1823,1989,1777,2392,2050,2141,1894,1766,1946
1779,2155,1862,2017,2249,1953,2159,2191,1757,2065,1851,1757,2065,1757,1757,1998,1757,1908,1675,2005,1898,1754,1757,2065,2126,1757,1997,1757,1757,2094,2065,1757,1757,2016,1757,2033,2016,2191,1908,1779,2119,2005,1906,2258,1908,2065,1779,1931,1757,1822
1805,2119,1584,1980,1788,1934,1940,1751,2267,2067,2049,1898,1877,1934,1918,2116,1752,2191,1778,2385,1918,1778,1531,1531,2033,2054,2027,2027,2027,1918,1778,1584,2062,1898,1898,1858,2149,1734,1918,2028,1778,1531,1898,1858,2027,1788,1918,1918,1904,1898
1953,1822,1836,1757,2065,1779,2110,2147,1779,2119,1851,1774,2065,2194,1898,2108,2108,1939,1939,1757,1857,1988,1930,1851,2057,2108,1953,2149,2037,1754,2065,1779,1930,1836,2040,1851,2057,2194,2033,2069,1779,2005,1851,1561,1901,1757,1862,1774,1851,1851
1880,1734,2069,1778,1531,1531,1880,1751,1583,1918,1668,2154,1788,2028,1918,1858,1584,1945,1805,1880,1935,1583,1955,2086,1668,1877,1877,1918,1531,2126,2028,1584,2119,1531,1980,1788,1940,2126,1531,1531,2063,1751,1877,1742,1531,1720,1983,2033,1751,1584
1580,1767,1767,1836,1851,2108,1870,1757,2086,2232,1757,1757,1775,1757,1683,1757,1775,1870,1775,1757,2084,1923,2028,1580,1774,2309,1979,1939,1754,1929,1851,2016,2086,2361,1678,1816,2008,1979,1898,1862,1683,1754,1851,1836,1951,2009,1953,1757,2040,1755
1971,2098,1583,2160,1711,1871,2062,1935,1788,1872,1900,1871,1873,2136,1976,1531,1659,1531,1583,1778,1824,1874,1843,1711,2359,2071,1918,1788,1778,2018,1984,1583,1877,1751,2076,1788,2101,1976,2208,1734,1824,1880,2032,2071,1918,1668,2154,2018,1711,1777
1912,2040,1851,1912,1912,1851,2007,2124,1836,1989,2015,1836,1989,1836,2160,2008,1755,1757,1926,1912,1754,1862,2126,1930,1656,1979,1898,1862,1994,1912,2209,1824,1886,1851,1656,1640,1870,1824,1852,1881,1824,1755,1886,1836,1754,1996,2044,1996,1980,1952
1954,1777,1531,1824,1785,1824,1874,1531,1971,1751,1929,1878,1758,1878,1777,1903,1874,2326,2080,1527,1824,1912,1903,1912,1583,1996,1531,1828,1874,1711,1836,1734,2160,1912,1760,1788,1760,2012,2375,1902,1888,1711,2160,1929,1912,1777,2077,1888,2247,2077
1893,1836,1978,1886,2322,1785,1912,1862,2126,2126,2087,1930,1902,1912,1694,1881,1656,1870,1656,1850,2350,1886,1912,1912,1656,1824,1852,2010,1996,1862,1881,1912,1978,1886,2144,1980,1851,1852,1852,1868,2029,2029,1852,2100,1912,1980,1868,2029,1832,2062
2264,1878,1976,1986,2005,2158,1583,2053,1760,2088,1758,2080,2015,1760,1976,1912,1758,1531,1711,1912,2074,1999,1914,1531,1874,1912,2264,1968,1976,1777,1954,1798,1954,1940,2040,1798,1760,1760,1926,1785,1945,2039,1682,2080,2158,1992,2039,1777,1912,1878
1881,1785,1945,1850,1881,1881,2057,1980,1870,2010,1881,1930,1851,1912,1770,1852,1851,2015,1994,1852,1886,2057,1994,2085,2144,1907,1980,2498,1886,1850,1948,1798,1870,2010,2301,2275,1656,1980,1907,1656,1980,1832,2055,2275,1907,1881,1892,1870,2119,1922
2375,1927,2074,1583,1711,2137,1982,1912,2015,1907,2532,1720,1711,1793,1907,1785,1976,2137,1357,1878,2008,1874,2114,1894,1945,1737,2267,2005,1949,1720,2264,2114,1907,1711,1601,1565,1583,2187,1760,1755,1803,1976,1907,1777,2123,1907,1907,2005,1982,2105
1720,1770,1852,1728,1785,1785,1881,1870,1930,1907,1785,1980,1987,1955,1881,1886,1728,2069,1881,1912,1870,1870,2298,1969,1886,1902,2069,1881,1881,2042,2108,2227,1907,2095,1907,2227,1945,2057,2049,1762,1907,1987,2172,2042,1955,1817,1720,1955,1886,1927
2298,2434,1760,1787,1982,1976,2114,1976,1907,1976,1805,1907,1903,1976,1795,1777,2114,1583,1785,2114,2005,1785,1357,2176,1874,1711,2227,1798,2095,1805,2071,2095,1777,1996,1983,1785,1803,2259,2176,1583,1969,1960,1907,1583,2390,1583,1798,1907,1785,1785
1785,1870,1787,2045,1817,1886,1870,1974,1980,1980,1785,1907,2352,1870,1852,1785,2138,1720,1881,1872,2042,1987,1903,1785,2042,1881,1785,2057,1870,2045,2176,1870,2123,1872,1785,1881,1886,2138,1980,1870,1785,1881,1954,1870,2157,2040,2101,1881,1907,1980
2029,2116,1634,2029,1583,1583,1583,1785,1583,1760,1357,1931,1552,1787,2125,2138,1941,1711,1711,1634,2132,1777,1976,1583,1785,1760,1552,1968,2292,2132,1583,1941,1694,1785,1976,1980,2029,1787,1711,1694,2118,1777,1777,1583,1968,1886,1583,1583,1931,1777
1785,1870,2071,1886,1941,1852,1980,1795,1980,2176,2120,1980,1896,1830,1896,1869,1906,1886,1785,2104,1481,1928,1980,1870,2127,2254,1886,1785,2200,2068,1785,2450,1870,1848,1941,1870,1870,1869,2104,1870,2292,1870,1928,1720,1881,1881,1980,1779,1852,1980
1634,1941,1785,1583,1777,1785,1804,1935,1896,1874,2093,1750,1583,1777,1917,1777,2100,2171,1896,1610,2120,1583,1935,2003,1922,1976,1804,1896,2406,1811,2122,2023,1634,1989,1760,1811,2027,2013,2169,1980,2279,1777,2318,1785,2279,1777,1583,2235,1777,1777
1870,1790,2170,1980,1863,1896,2123,1881,1790,1971,1833,2104,1971,1980,1785,2371,1886,1971,2222,2050,2015,2046,1790,2165,1870,2306,1887,1481,2165,1941,1928,1559,1779,2015,1790,1931,1481,1730,1785,1795,2094,1870,1870,2216,1922,1795,1790,1980,1896,1870
1828,2069,1777,1987,1960,2023,1777,1811,1750,2176,1750,2075,1862,2186,1874,2100,2169,1914,1942,1917,1971,1785,1914,2069,1922,2063,2376,1862,1896,2072,1777,2170,1884,1750,1811,1811,1583,1583,2186,2023,1811,2318,2069,1811,1874,1941,1811,1953,1874,1976
2261,1929,1971,2131,2063,1894,1481,1635,1886,1931,2425,1870,1953,1837,1481,1638,1940,2094,1925,1928,1863,1481,1795,2057,2057,1863,1928,1785,2104,2089,1481,1638,1743,1886,1928,1886,1821,2133,1862,1862,2098,2272,1971,1821,1869,1929,2041,1863,2092,1953
1861,1625,1822,1941,1942,1620,1998,2272,2530,2023,1811,1743,2030,1914,1712,1625,2041,1750,1811,2090,1914,1914,1743,1743,1894,1923,1675,2030,2057,2023,1914,2030,1750,1583,1625,1970,2092,2100,1837,2274,1942,1879,2023,1862,1970,1743,1712,1894,2061,1914
2109,1481,1923,1743,1929,1964,2057,2165,1829,2147,1632,2041,2218,1971,1743,1728,1812,1481,1812,1862,1587,1743,1886,1863,1632,1886,1938,2190,2008,1925,1635,1632,1863,2240,1481,1481,1830,1929,1632,2190,1966,2104,2266,1481,1971,1860,1863,1743,1886,1931
1737,1966,1914,1620,1737,2074,1862,1966,1749,1743,1811,1963,1989,1748,1938,2027,1748,2092,1625,1811,2092,2041,1797,1827,2261,2023,2117,1862,1743,1856,2019,2215,1750,1941,1856,1737,1987,1914,1154,1963,1827,1891,2064,1748,1812,1939,2090,1750,1812,1914
1862,2041,2167,1997,1963,1761,1481,2154,1891,1948,1587,2203,1481,1971,1587,1584,1862,1812,1743,1481,1938,1862,2093,1937,1860,1999,1481,1948,1886,1584,1862,1938,1612,1724,1929,1893,1863,2216,1997,1654,1612,1863,1989,1724,2198,1829,1612,1724,1927,1812
2270,2180,1939,1743,1862,1862,1750,1884,1862,1672,1895,1950,1737,1744,2278,2041,1862,1737,2023,1790,1840,1737,1672,1672,1939,2182,1811,1967,1790,1892,2270,1914,1743,1989,1620,1811,1967,1938,2228,2096,1938,1761,2228,2162,1911,1989,1895,1743,1750,1672
1829,2031,1888,1938,2063,1987,1743,1587,2236,2082,1612,1830,1645,2154,2131,1829,1830,2161,1879,2005,2024,2167,1971,1612,2163,1892,1481,1892,2028,2005,2096,1971,2163,2180,2028,2010,2005,2120,2369,1862,2384,1829,1860,1863,1829,1481,2150,1584,2120,1964
2079,1620,1750,2166,1590,1672,2228,1734,2055,1877,1659,1964,1967,1854,1964,2062,1734,1854,1589,1941,1659,1877,1920,2253,2180,1920,2132,1672,1620,1744,1589,1967,1590,2079,2180,1892,2038,1743,1938,1744,1620,1682,1682,2154,1914,2419,1750,2182,1892,1734
1619,1887,1619,1619,2082,1945,1773,1661,1773,1887,1892,1892,2005,1872,2174,1952,1665,2120,1734,1887,1964,2226,1481,1941,1872,2028,1892,1830,1852,1941,1773,1734,1938,2218,1829,1829,1960,1852,1481,1811,1880,1777,2033,1892,2259,1960,1863,2024,1830,1923
1967,2160,1941,2183,1696,2160,2090,1589,2053,1682,1620,1695,2200,1818,1938,1696,1811,1682,1996,1941,1987,1905,2070,1716,1620,1914,1589,1892,1941,1987,1682,1589,1734,1872,1620,1941,1979,1914,1682,1590,1750,1914,1938,1682,1942,1615,1777,1750,1589,1996
1987,2100,1903,1887,1819,1887,1763,1915,1880,1763,1960,1903,1752,1941,1915,2105,1692,1987,1892,1852,1971,1872,1829,1892,1819,1709,1932,2120,1481,1941,1852,1920,1960,1829,1619,1987,2143,1743,1863,2120,1957,1692,1852,1941,1969,2244,1852,1983,2194,1852
2093,1694,2200,1995,1905,1915,1941,1761,1988,1812,1589,1694,2047,1988,1615,2047,1589,1941,2173,1589,2019,1678,1694,1770,1682,1589,2020,1589,1620,1915,2023,1589,1914,1622,2019,1763,1995,2104,1620,1892,1812,1960,2151,1622,2047,1763,1678,1833,1589,1802
1829,2052,1514,2143,1963,1772,1892,1767,1892,1772,1709,1514,1887,1829,1944,2154,1995,2143,2147,1852,1892,1899,1692,1941,1892,1710,1763,1743,1785,1829,1852,1772,1829,1709,1888,2143,1692,2083,2020,2147,1894,1829,1709,1915,1947,2002,1829,2421,1819,1852
1949,1682,1615,1812,1803,1808,1803,1615,1678,2042,2018,1742,2018,1682,2047,2216,1915,1615,1859,2164,1812,1907,2042,1812,1620,1836,1620,1620,1836,1770,2042,1941,1812,1874,1620,1763,1915,1892,1615,2032,1921,1941,1620,1810,1960,1772,1620,1678,1615,1808
1514,1692,1953,1892,1767,1692,1692,1829,1692,1819,1874,1692,1709,2199,1835,2161,1709,1894,1635,1710,1709,1892,1941,1829,1692,1953,1894,1900,1935,1692,2216,1692,1894,1709,1767,1710,1709,1871,1874,1709,1709,2216,1953,1803,1692,1514,1709,1743,1709,2023
1859,2125,1880,1727,1812,1620,1803,1892,1949,1770,1808,1727,1615,1779,1918,1915,1960,1620,1615,1742,1541,1859,2020,1949,1620,2079,1699,1615,1663,1915,2035,1961,1836,1859,1871,1915,1742,2020,1836,2018,1770,1941,1615,1812,1620,1615,1663,1812,1892,1808
1709,1959,1985,1829,1767,1829,1959,1514,1710,1909,1829,1874,1514,1872,1874,1829,1709,1874,1717,1840,1635,1955,1831,1985,1514,1819,1861,1709,1959,1777,1767,1738,1692,1840,1673,1829,1710,1793,1979,1868,1709,1710,1635,1635,1941,1793,1840,2036,1723,1684
2017,1992,1909,2086,1738,1892,1992,1836,2268,1990,1992,1615,1768,1663,1620,2026,1615,2005,1541,1992,1747,1620,2020,1978,1996,1438,1836,1620,2404,1768,1738,1996,1836,1883,1620,1723,1978,1883,1541,1723,1818,2388,1620,1941,2011,1992,1959,1915,1992,1620
1985,1818,2008,1715,1793,1609,1709,1840,1638,2155,1943,1985,1853,1955,1840,1957,2368,1789,1829,1874,1874,1710,1874,1942,2023,1793,1942,1568,1985,1874,1922,2089,1747,1985,1747,2229,1789,1840,2087,2089,1829,1609,1829,1709,2041,2087,1715,1514,1951,1609
1846,1812,1812,2004,1620,1546,1883,1615,1663,2009,1915,1957,1787,1615,1618,1663,1691,1618,1637,1867,1892,1950,1861,1818,1454,2211,1615,1546,2155,1816,1922,1663,1571,1747,2041,1818,1992,1637,1747,2418,1637,1922,1571,1615,2502,1990,1663,2227,2556,1812
2014,2443,1818,1691,1874,1709,1715,1813,1743,1828,1789,1789,1972,1743,2342,1847,1709,2014,1846,1828,1744,1676,2030,1760,1691,1609,1709,1846,2098,2127,1747,1609,1514,1972,1473,1609,1793,2041,1922,1676,1609,1473,1818,1904,2014,1715,1858,1473,1473,1612
1637,1615,2234,1879,1818,1691,1691,1968,2233,1922,1935,1787,1615,1571,1983,1846,1821,1846,1812,1818,1760,1983,1747,1795,1747,1907,1637,2060,1949,1748,1985,1812,1792,1812,1694,1546,1587,1813,1787,1915,2316,1794,1787,1787,1922,2301,1981,1915,1663,2000
1709,1709,1715,1760,1932,1956,1514,1569,1828,1691,1747,1709,1937,2014,2031,1847,1715,1514,2014,1907,1922,1676,2083,2236,2014,2027,1743,2031,1743,1473,2049,1828,2106,1747,2060,1709,1818,2150,1473,1847,1709,1847,1956,1818,2105,1691,2014,1691,1922,1715
1787,1615,1787,1615,1787,1760,2005,1615,1968,2153,1598,1615,1571,1615,1571,1787,1691,1571,1571,2000,1762,1922,1650,1968,1615,1876,1691,1571,1842,1747,1615,2015,1615,2000,1907,1597,2000,2036,1968,1597,1876,2003,2032,1650,1571,1787,1983,1761,1615,1760
1676,1709,1569,1709,1773,1691,1709,1529,1529,2014,1951,1709,1699,2005,1773,1767,1709,1922,2056,2161,1709,1747,1709,1761,1823,2264,1773,1767,2073,1569,2012,1865,1709,2069,2036,1828,1743,1709,2014,2115,1798,1676,1699,1907,1709,1676,1709,2075,2015,1595
1738,1968,1615,1539,2036,2492,2124,1787,1539,1754,1860,2005,2110,1650,2124,1810,2047,2206,1537,1907,1713,1881,1615,1615,1615,1615,1955,1615,2015,1904,1754,1650,2021,1896,1720,1615,1615,1896,1650,2032,1968,1615,2061,2061,1839,1615,1927,2021,1860,1650
2331,1569,1883,1561,1650,2005,1569,1561,1709,1569,1643,2129,1709,1709,1918,1767,2186,1767,2056,1767,2186,1650,1779,2186,2056,1658,1848,1859,1863,1779,1940,1643,1650,1709,1650,1859,2016,1709,2015,1709,1650,1650,2340,1709,2061,1709,1951,1767,2020,2005
1860,2046,1870,1539,1865,1953,1896,1615,1839,1539,1816,1539,1615,1816,2015,1896,1596,1839,1539,1615,1754,2023,2075,1980,1958,1650,1985,1615,1680,1754,1904,1754,1615,1615,2267,1839,1860,2005,1539,1865,1615,1650,1985,2403,1596,1816,1860,1980,1615,1985
1865,1709,2005,1913,2049,1581,1709,2053,1643,1767,2453,1859,2133,1709,1561,1605,1650,1638,1709,1983,1790,1873,2004,1569,1709,2053,2132,1686,1686,1650,1643,1848,2005,1859,1934,1709,2223,1709,1709,1569,1569,1638,2061,2049,1605,1983,2067,1754,2132,1650
1865,1706,1871,1951,2005,1706,2053,1706,1596,1539,1615,2005,1581,1680,1858,2127,1615,1581,1650,1615,1615,1839,1839,2127,1919,1931,1816,1539,1680,1615,2041,1871,1539,1615,1923,2127,1916,1539,1615,1816,1706,1860,1680,1871,2077,1839,1650,1920,2107,1904
1818,1913,1709,1569,1581,1971,1686,1927,1581,1605,1709,1703,1643,1927,1859,1650,1650,1686,1859,2053,1647,1645,1709,1749,1858,1956,1767,1748,1605,1686,1888,1754,1748,1643,1571,1859,1605,1831,1859,1790,1605,1758,1703,2005,1709,1888,2154,1650,1650,1605
1912,1951,1539,1615,1960,1539,1839,1706,2102,1914,1539,1860,1581,1750,1951,1839,1539,1706,2041,1539,1539,1539,1581,2005,1816,1615,1706,1706,1541,1680,1865,1975,2018,2003,1680,2133,1888,1539,1539,2041,1485,1539,1750,1908,1539,1615,1615,1680,1909,2053
2104,1650,1834,1650,1650,1650,1875,2148,1794,1824,1928,1605,1650,1686,1589,1650,1650,1611,1971,1650,2041,1650,1686,1686,1790,1834,2203,1763,1650,1605,1686,1650,1790,1650,1709,1650,1605,1650,1875,1650,1790,2038,1650,1650,1605,1859,1913,1686,1383,1650
1900,2115,1780,1951,1487,1539,1995,1539,1900,1680,1839,2038,1791,2058,1771,1900,1539,1603,1706,1791,1539,1680,1487,1826,1951,1539,1780,1539,1791,1657,2063,1539,1539,2041,1539,1791,1680,1900,1539,1706,1680,1539,1657,1539,1801,1539,1964,1539,2118,1791
1702,1605,1949,1682,2020,1650,1815,1949,1834,1964,2063,1940,1791,2197,1941,1650,1834,1775,1795,1605,1725,1913,1650,1605,1934,2119,1650,1653,1790,1625,1597,1650,1949,1725,1937,1913,1686,1949,1775,1941,1846,1650,1795,1834,1686,1826,1597,1799,1650,1612
1653,1850,1487,1706,1539,1602,2095,1788,1961,1539,1706,1706,1539,1680,1973,1602,1603,1937,1703,1718,1880,1937,1703,1653,1539,1884,1684,2045,1603,1767,1657,2145,1680,1680,1960,1539,1539,1884,1912,1900,1880,2113,1602,1951,1767,1680,1706,1762,1937,2312
1686,1742,1725,1682,1686,2250,1818,1864,1787,1775,2046,1682,1906,1864,1605,1686,1650,2115,1686,1906,1653,1725,1686,1941,1663,1852,1597,1729,1742,1742,2128,1742,1650,1937,1909,1650,1605,1686,1666,1825,1934,1634,1742,1650,1854,1682,1682,1735,1650,1906
1685,1545,1680,1602,1924,1909,2115,1602,1755,1602,1973,1706,1884,1539,1928,2119,1602,1602,2054,1603,1954,1825,1680,2227,1569,1697,1602,1924,1539,1697,1864,1487,1680,1680,2114,1539,1706,1825,1602,1706,1539,1706,1602,1895,1569,1906,1766,1864,2022,1602
1991,1443,1676,1666,1693,1742,2096,1431,1653,1817,1742,1941,1605,1858,1650,1742,1742,2115,1828,2245,1522,1605,1742,1700,1930,1605,1742,1373,1605,1605,1686,1653,1633,1666,1809,1810,1682,2035,1650,1522,1633,1876,1693,1666,1742,1720,1605,1650,1864,1742
1539,1586,1543,1706,2000,1913,1603,1602,1602,1602,1586,1487,1602,1602,1700,2419,1692,1763,1602,1602,1585,1906,1952,1710,1692,1569,1680,1539,1603,2108,1545,1763,1908,1706,1602,1543,1569,1602,1572,1819,1487,1692,1602,1602,1710,1602,1670,1539,1906,1569
2177,1741,1781,1797,1813,1612,1700,1682,1720,1872,1666,1640,1686,1869,1693,1693,1682,1325,2083,1967,1666,1881,1650,1633,1430,1682,1750,1693,1325,1742,2017,2032,1700,1693,1683,1605,1519,1887,1997,1751,1373,1912,1640,1686,1742,1653,1720,1664,1742,1605
1572,1706,1723,1719,1856,1917,1572,1572,1880,1487,1581,1572,1700,1585,1602,1569,1602,1832,1470,1569,1632,1700,1569,1801,1642,1951,1642,1790,1827,1797,1729,1821,1692,1741,1918,1880,1692,1790,1723,1680,1693,1602,1900,2136,1900,1569,1706,1906,1569,1763
1769,1750,1767,1995,1620,1784,1720,2120,1504,1769,1605,1605,1720,1742,1653,1728,1629,1851,1194,1325,1194,1848,2073,1800,1767,1784,1629,1995,1693,1859,1693,1640,1723,1686,1769,1723,1881,1700,1980,1742,1693,1666,1693,1519,1741,1720,1810,1325,1800,1631
1584,1918,1602,1761,1569,1602,1850,1572,2016,1470,1642,1833,1855,1576,1723,1642,1572,1576,1706,1572,1642,1569,1569,1634,1949,1679,1634,1584,1470,1906,1741,1815,1727,1680,1906,1642,1761,1741,1949,1569,1576,1790,1706,1881,1642,1680,1903,1847,1881,1714
1693,1758,1869,1965,1720,1905,1769,1769,1713,1605,1617,1736,1631,1666,1713,1574,1695,1741,1544,1769,1631,1720,1194,1769,1686,1956,1720,1848,1325,1730,1666,1769,1769,1457,1820,1796,1686,1677,1677,1605,1685,1631,1742,1666,1742,1194,1194,1693,1742,1728
1569,1753,1850,1642,1906,1642,1642,1723,1823,1586,1634,1602,1694,1881,1642,1642,2050,1767,1706,1572,1645,1857,1706,1706,1572,1753,1719,1972,1676,1857,1602,1823,1602,2110,1602,1741,1680,1928,1995,1680,1961,1642,1709,1642,1850,1634,1869,1680,1602,1753
1605,1848,1769,1742,1325,1905,1848,1742,1741,2059,1756,1686,1720,1834,1907,1677,1865,1741,1720,1742,1686,1704,2058,1750,1769,1736,1838,2276,1838,1717,1741,1686,1869,2124,1341,1605,1194,1686,1605,1841,1686,1898,1758,2450,1194,1788,1736,1720,1756,1341
1850,1706,1766,1614,1489,1680,1706,1767,1753,1634,1741,1503,1506,1976,1989,1680,1817,1706,2213,1655,1614,2032,1850,1989,1767,1838,2220,1989,1834,1741,1706,1634,1552,1785,1738,1634,1817,1642,1741,2248,1631,1995,1998,1826,1506,1797,1741,1976,1706,1823
1194,1955,1698,1758,1875,1605,1676,2018,1905,1194,1877,1194,1814,1951,1605,1194,1976,1799,1825,1756,1786,1978,1970,1605,1786,1797,1756,1710,1887,1194,1887,1935,1887,1631,1737,1834,1677,1741,1786,1976,1686,1862,1341,1194,1676,1194,1756,1194,1951,1830
1706,2061,1614,1694,1360,1489,1477,1951,1706,1634,1979,1787,1634,1669,2150,1892,1706,1489,1694,1631,1680,1634,1852,1360,1951,1928,1785,2037,1552,1834,1634,2326,1787,1310,1879,1979,2150,1634,2154,1631,1995,1928,1631,1853,1360,2154,1634,1899,1989,2175
1194,1754,1754,1670,1834,1483,1194,1655,1875,1951,1708,1693,1657,1905,1898,1765,1979,1655,1194,1817,1859,2204,1834,1898,2123,1845,1782,1194,1786,1887,1756,2154,1483,1951,1782,1631,1392,1631,2156,1896,1915,1754,1860,1951,1858,1915,1194,1782,1979,1951
1925,1634,1834,2103,1928,1974,1928,1634,2038,1963,1634,1881,1634,1951,1259,1905,1910,1951,1654,1974,1951,1834,1822,1744,1787,1722,1722,1694,2186,1310,1897,1819,1997,1974,1811,1884,2049,1834,1905,1694,1884,1744,1310,1631,1694,1817,1925,1817,1728,1884
1543,1947,1631,1765,1667,1942,1773,1483,1951,2035,2017,1194,1543,1906,1903,1997,1765,1194,1765,1834,1194,1765,1834,1631,2049,1430,1917,1586,1951,1773,1906,1898,1631,2107,1925,1895,1871,2145,1906,1631,1782,1834,1834,1760,1631,1194,1693,1997,1898,1782
1722,2041,1866,2067,1866,1879,1694,1722,1882,1724,1882,1946,1866,1834,2451,1634,1974,2100,1974,1758,1960,1879,1522,1760,1585,1758,1867,2533,1585,2126,1857,1722,1866,1947,1722,1585,2126,1634,1724,1760,1951,1951,1631,1884,1882,2373,1834,1722,1667,1834
2368,2234,2043,1760,1765,1867,1586,1782,2391,1834,1543,1598,1859,2047,2145,1744,1773,1972,2000,1727,1933,1866,1543,1866,1586,1543,1983,1873,1898,1933,1782,1760,1543,1900,1677,1677,1194,1773,1724,1834,1631,1972,1586,1631,1871,2090,1586,1768,2308,1834
1585,1453,1579,1585,1857,2000,1940,1760,2068,1522,2014,2154,1722,2100,1798,2183,1760,1453,1760,1585,1834,2015,1965,1585,2045,1988,1583,2308,1940,2100,1579,2010,1758,1722,1611,1758,1453,1585,1941,1522,1486,1522,1661,1579,2100,1722,1486,1724,1722,1722
1839,1586,1983,1677,1592,1760,2015,1586,1951,1760,1878,1950,2484,1760,1631,1677,1867,1586,1631,2072,1629,1630,1543,1968,1586,1793,1933,1586,1760,1760,1913,1614,1797,1626,1909,1963,1541,2234,1760,1631,2072,1839,1631,2142,1913,1586,1760,1629,2234,1668
1835,2085,2111,2164,1900,1583,1755,1522,1516,2100,1945,1516,1951,1932,1799,2100,2100,1753,2278,1835,1755,1983,1585,2100,1799,1945,1522,1420,1844,2077,1420,1988,1585,1799,1753,1522,1583,1879,1420,2085,1722,1583,2100,1841,1799,1900,1900,2100,2015,1722
1739,1511,1953,1913,1651,1913,1913,1913,1613,1760,1760,1878,1659,1744,1626,1626,1629,1614,1613,1739,1511,1760,1659,1691,1911,1629,1760,1744,1661,1626,1839,1626,1677,1739,1631,1739,2019,1826,1739,1746,1841,1953,1826,1586,1746,1586,1945,1835,1691,1677
1810,1799,1471,1665,1665,2057,1945,1722,1522,1801,1801,1423,1585,1722,2009,1522,2009,1599,1912,1810,2009,1841,1651,1516,1859,1799,1753,1810,1974,1665,1911,2009,1661,1643,1651,1835,1753,1840,1326,1722,1583,2009,1423,1651,2259,1835,1643,1810,2009,1922
1951,1776,1621,2218,1631,1586,1841,1826,1870,1665,1753,1677,1744,1739,1651,1834,1926,1626,1870,1927,1834,1739,1511,2092,1783,1626,1631,1739,1858,1511,1795,1739,1677,1739,1629,1715,1867,1471,1880,1631,1744,1613,1715,1800,1629,1739,1842,1621,1511,1626
1444,1585,1516,2092,2009,1542,1753,1776,1812,1566,1566,2128,1643,1691,1326,1753,1910,1737,1549,1422,1753,1826,1738,1326,1810,1651,1753,1937,1723,2027,1691,1585,1516,1423,1723,2096,1516,1422,1706,1841,1753,1262,1599,1823,1549,2009,1859,1444,1730,1471
1665,1982,1586,1834,1686,1739,1951,1841,1586,2032,2405,2070,1779,1716,1651,1564,1841,1621,1948,1735,1861,1815,1744,1841,1716,1118,1739,1471,1579,1769,1795,2040,1834,1937,1579,1776,1626,1738,1716,1948,1621,1982,1665,2040,1579,1951,1621,1626,1693,1584
1841,1688,1666,1738,1606,1943,1841,1651,1873,1326,1501,1979,1800,1516,2205,1471,1962,1513,1566,1423,2159,1635,1666,1841,1549,1688,2096,1606,1606,1806,1753,1395,1753,1422,1262,1542,1826,1794,1841,1395,1753,1962,1802,2009,1262,1753,1759,1516,1967,1326
1813,1841,1834,1622,1471,1560,1661,1716,1350,1661,1834,1744,1841,1560,1584,1656,1471,2014,1744,1567,1651,1492,1560,1560,1841,1875,1560,1573,1875,1626,1439,1560,2287,1665,1626,1621,2127,1626,1584,1834,1621,1786,1841,1626,1623,1492,2009,1350,1716,1626
1688,1607,1807,1607,1607,1585,1930,1946,1471,1834,1800,1813,1834,1753,1607,1706,1732,1395,1607,1753,1607,1430,1859,2387,1740,1646,1802,1753,1413,1459,1413,2096,1919,1753,1688,1913,1459,1587,1841,1459,1607,1706,1471,1800,1800,1607,1666,1516,1607,1772
2095,1897,1952,1626,1627,1714,1889,1627,1712,1488,2062,1488,1973,1841,2170,1720,1626,2127,1752,1623,1627,1961,1826,1970,1626,1560,1970,1959,1618,1623,1693,1778,1560,1626,1752,1952,1492,1778,1875,1584,1826,1623,1492,1584,1706,1584,1584,1714,1946,1623
1748,1430,1587,1646,1961,1710,1646,1836,2194,2150,1688,1430,1674,1788,1737,1646,1646,1607,1906,1977,1671,1796,1753,1841,1952,1794,1859,1646,1961,1688,1607,1505,1906,1961,1607,1688,1748,1753,1587,1880,1785,1646,1753,1960,1748,1611,1587,1607,1587,1753
1560,1915,1533,2359,1752,1584,1842,1584,2364,1560,1752,1618,1505,1816,1623,1560,1896,1584,1975,1560,1492,1696,1623,1752,1560,1873,1873,1482,1496,1838,1623,1584,1896,1496,1752,1584,1720,1752,1627,1623,1584,1584,1896,1867,1793,1752,1505,1492,1626,1505
1745,1607,1586,1587,1688,1617,1461,1688,1664,1646,2020,2170,1587,1607,1906,1829,1430,1587,1968,1505,1339,1587,1904,1646,1587,1613,1688,1587,1644,1339,1753,1688,1979,2113,1504,1688,1646,1785,1745,1753,1646,1430,1504,1607,1587,1681,1968,1644,1829,2101
1584,1482,1838,1543,1492,1653,1926,1584,1492,1584,1570,1632,1570,2169,1827,1968,1896,1614,1584,1560,1752,1623,2006,1529,1100,1632,1784,1560,1560,1752,1704,1584,1745,1704,1752,1623,1623,1584,1482,1632,1496,2013,1623,1896,1626,1752,2041,1584,1584,1713
1867,1644,1607,1902,1688,1646,1777,1688,1430,1688,1587,1916,1046,1646,1953,1700,1688,1717,1592,1581,1567,1597,2024,1646,1350,1717,1646,1688,1571,1768,1575,1692,1607,1688,1597,1633,1867,1644,1607,1425,1633,1581,1644,1904,1430,1785,1046,1607,1425,1504
1747,1818,1696,1752,1336,1560,1745,1597,1554,1745,1787,1492,1554,1496,1414,1597,1543,1798,1560,1496,1756,1827,1627,1995,1570,1560,1597,1529,1756,1692,1554,1735,1560,1492,1916,1570,2041,1627,1623,1752,1832,1336,1787,1623,1336,1436,1554,1623,1560,1543
1425,1571,1862,1537,1644,1607,2013,1571,1798,1644,1597,2108,1692,1523,1723,1425,1504,1775,1597,1684,1281,1597,1692,1646,1644,1587,1281,1800,1519,1607,1982,1692,1571,1818,1448,1646,1425,1425,1735,1607,1597,1985,1571,1807,1684,1523,1678,1430,1856,1982
1575,1336,1591,1692,1881,1862,1591,1798,2026,1560,1857,1560,1555,1560,1597,1436,1436,1692,2166,1904,1436,1570,1448,1649,1758,1649,1554,1627,1560,1821,1738,1627,1814,1570,1447,1692,1881,1597,1864,1447,1591,1747,1781,1638,1735,1543,1857,1521,1649,1623
1607,1901,1591,1753,1281,1755,1597,1281,1504,1504,1701,1523,1591,1699,1703,1591,1644,1425,1644,1638,1591,1504,1448,1825,1865,2193,1367,2002,1901,1823,1518,1909,1518,1807,1511,1644,1281,1281,1281,1607,1915,1281,1607,1591,1865,1865,1537,1518,1607,1701
1447,1818,1260,1607,1055,1772,1447,1739,1447,1775,1502,1502,1560,1560,1555,2041,2016,1555,1699,1560,1534,1534,1554,1739,1792,1823,1869,1447,1534,1747,1534,1591,1591,1591,1627,1994,1591,1515,1775,1447,1560,1480,1775,1597,1515,1772,1260,1742,1447,1332
1511,1717,1869,1701,1518,1914,1145,1890,1701,1990,1518,1753,1582,1607,1890,1145,1518,1823,1425,1644,1906,1518,1527,1281,1793,1425,1752,1607,1591,1511,1944,1615,1662,1281,1518,1367,1384,1367,1610,1858,1890,1281,1465,1281,1518,1511,1511,1868,1518,1607
1431,1918,1869,1560,1918,1678,1447,1772,2045,1591,2043,1717,1643,1480,1723,1447,1431,1447,1624,1534,1764,1542,1560,1560,1447,1775,1801,1431,1823,1591,1566,1690,1956,1502,1534,1554,1480,1502,1447,1447,2085,1447,1566,1739,1739,1554,1447,1379,1742,1591
1704,1524,1704,1728,1518,2085,1629,1901,1628,1986,2036,1474,1717,1518,1511,1518,1858,1840,1765,1607,1281,1524,1593,1511,1607,1518,1833,1686,1518,1518,1785,1281,2008,1924,1511,1590,1593,1425,1281,1518,1735,1862,1511,1591,1593,1281,1631,1518,1518,1518
1447,1640,1379,1447,1431,1647,1341,1447,1735,1406,1447,1560,1534,1447,2033,2096,2000,1447,1735,2086,1657,1502,1447,1629,2052,1637,1735,1939,1657,1447,1495,1750,1560,1341,1379,1534,1678,1946,1647,1586,1379,1406,1534,1447,2097,1461,1490,2092,1447,1560
1875,1524,1406,1524,1615,1721,1806,2052,1555,1792,2255,1664,1511,1852,1518,1518,1811,2086,1810,1629,1624,1406,1607,1518,2083,1759,2050,1628,1518,1717,1518,1514,2095,1833,1593,1529,1521,1811,2130,1607,1709,1709,2095,1593,1204,1518,1518,1406,1511,1615
1637,1490,1714,1434,2140,1831,1379,1700,1639,1406,1780,1994,1589,1406,1447,1490,1615,1307,2000,1974,1431,1615,1709,916,1736,1406,1639,1444,1629,1431,1307,1447,1628,1700,1586,1955,1534,1932,1447,1942,1307,1607,1447,1447,1639,1447,1615,1709,1379,1434
1511,1529,1406,1830,1560,1664,1518,1529,1518,1722,1555,2056,1518,1634,1730,1593,1689,1830,1511,1681,1555,1827,1869,2221,1993,2226,1993,2126,2007,1676,1689,2007,1648,1721,2222,1518,1529,1805,1593,1709,1830,1555,1524,1794,1560,1406,2222,1511,1732,1518
1358,1582,1425,1534,1864,1623,1620,1534,1758,1490,1379,1353,1714,1935,1490,1945,1607,916,1524,1690,1379,1607,1806,1620,1690,2096,1447,1393,2186,1447,1431,2090,916,2072,1623,1758,1517,2021,916,1406,2090,1939,1447,2222,1551,1607,916,1939,1912,1447
1857,1890,1732,1555,1589,1529,1722,1375,1588,1555,1573,1913,1518,1518,1555,1915,1550,2096,1770,1529,1326,1827,1555,1818,1661,1623,1326,1830,2032,1560,1510,1560,1648,1827,1518,1555,1818,1518,1836,1666,1588,1375,1588,1560,1510,1905,1589,1634,1518,1661
1690,1490,1537,1925,1371,1551,1623,1517,1783,1666,1744,1393,1490,1393,1551,1517,1447,1839,1528,1607,1690,1898,1490,1510,1872,1690,1490,1447,1551,1447,1551,1438,1551,1447,1447,1551,1393,1551,1718,2056,1447,1528,1551,1762,1537,1744,1711,1447,1843,1447
1518,1518,1589,1560,1589,1529,1533,1666,1560,1588,1518,1798,1762,1318,1579,1780,1647,1560,1647,1588,1529,1560,1518,1510,1661,1529,1588,1753,1588,1588,1875,1794,1814,1610,1518,1589,1529,1518,1588,1518,1579,1588,1560,1579,1510,1518,1969,1518,1518,1518
1746,1820,1577,1436,1447,1490,1753,1551,1447,2097,1772,1393,1537,1447,1620,1551,1406,1447,1393,1517,1975,1447,1551,1447,1517,1528,1447,1490,1447,1854,1436,1884,2031,1745,1580,1447,1469,1393,1551,1447,1447,1447,1876,1517,1620,2067,1393,1551,1447,1447
1589,2001,2023,1390,1518,1588,1452,2109,1318,1514,1518,1318,1870,1588,2100,1318,1582,1807,1672,1518,1876,1518,1610,1518,1589,1518,1518,1452,1518,1318,2043,1518,1666,1589,1629,1518,1518,1452,1588,1518,1495,1588,1518,1588,1452,1807,1318,1533,1518,1640
1572,1447,1956,1654,1645,1447,1447,1447,1962,1620,1393,1464,1663,1393,1551,1393,1565,1620,1990,1393,1447,1923,1447,1447,1847,1447,1565,1620,1876,1572,1393,2103,1447,1445,1393,1774,1551,1639,1654,1436,1923,1612,1447,1876,2011,1777,1447,1611,1134,1602
1452,1546,1855,1390,1982,1518,1920,1589,1566,1430,1867,1758,1495,1518,1949,1867,2053,1914,1672,1390,1518,1547,1621,1621,2053,1410,1410,2102,1699,1929,1758,1546,1318,1318,1876,1518,1715,1929,1589,1518,2030,1758,1318,1861,1589,1868,1588,1758,1518,1826
1834,1760,1393,1711,1445,1834,1445,1620,1663,1962,1393,1885,1719,1445,1572,2060,1711,1447,1936,1572,1613,1760,1604,1530,2126,1663,1719,1924,1530,1719,1602,1447,1602,1822,1749,1612,1650,1556,1572,1949,1923,1719,1749,1858,1530,1654,1895,1556,1666,1867
1934,1826,1546,1852,1959,1849,1715,1719,1936,1685,1782,1763,2053,1949,1546,1959,1410,1569,1849,1806,1669,1318,2053,1411,1569,1715,1706,1565,1410,1685,1546,1920,1591,1565,1621,1749,1518,1613,1518,1992,1929,1806,1715,1318,1518,1589,1849,1591,1929,1318
1923,1742,1447,1920,1556,1556,1692,1742,1621,1806,1691,1839,1628,1711,1602,1447,1711,1692,1838,1837,1644,1665,1557,1572,1531,1700,1692,1445,1620,1455,1572,1455,1850,2249,1445,1691,1557,1447,1602,1445,1445,1726,2035,1647,1712,1455,1850,1445,1455,1760
1852,2158,1906,1960,1818,1569,1715,1772,1546,1647,1715,1772,1318,1849,1844,1569,1806,1685,1884,1546,1546,1546,1818,1685,1906,1806,1410,1546,1569,1647,1518,1546,1410,1920,1663,1772,1920,1811,1604,1815,1569,1518,1518,1410,1858,1430,1685,1663,1546,1318
1602,1602,1727,2160,1950,1556,1727,1893,1943,1647,1447,1445,1665,1742,1799,1998,1556,1647,1700,1447,1602,2174,1975,1445,2110,1445,1602,1785,1628,1445,1760,1445,1975,1950,1447,1445,1975,1811,1335,1727,1845,1620,2187,1954,1560,1447,1665,1779,1760,1779
1704,1852,1546,1647,2094,2179,1805,1975,1663,1815,1546,1900,1764,1647,1410,1647,1410,2187,1410,1647,1546,1620,1928,1318,1878,2176,1647,1779,1715,1779,1715,1546,2057,2193,1430,1715,1872,1663,2049,1518,1852,1647,1546,1303,1392,1647,1844,1663,1518,1546
1445,1383,1445,1982,1594,1562,1684,1808,1562,1760,2090,2132,1596,1493,1562,2132,1602,1447,2031,1647,1445,1697,2132,1736,1760,1639,1777,2080,1556,1716,1808,1445,1383,2031,1445,1445,1786,1777,2002,1596,1556,1629,1716,1736,1918,2062,1675,1602,1538,1898
1914,1645,2040,1645,2030,1647,1518,1651,1903,1618,1410,1546,1647,1712,1700,1704,1651,1546,1598,1511,1736,1736,1546,1623,1477,1598,1511,1511,1684,1812,1598,1818,1647,2031,1962,1546,1812,1715,1706,1943,1715,1700,1847,1824,1852,1410,1813,1961,1535,1803
1383,1773,2059,1621,1629,1909,1826,1602,1653,2027,1361,1943,1812,1493,1767,1596,1777,1773,1741,1629,1653,1652,1538,1684,1667,1284,2019,1383,1767,1445,1652,1493,1493,1493,1753,2002,1383,2002,1667,1284,1383,2164,1493,1741,1962,1447,1808,1445,1892,1751
1597,1822,2147,1546,1511,1485,1962,1693,1684,1700,1824,2014,1597,1822,1857,1485,1584,1867,1598,1598,1413,1700,1546,1511,1813,1689,1667,1888,1960,2029,1693,1867,1702,1752,1511,1511,1813,1511,1598,1621,1518,1752,1704,1784,1651,1684,1700,1824,2012,1341
1271,1284,1538,1753,1361,2143,1789,1609,1775,1609,1653,1705,2121,1271,1822,2024,1383,1493,1445,1609,1777,1383,1689,1945,2180,1493,1653,1741,1383,1884,1383,1741,2039,1767,1577,2166,1530,1864,1445,1284,1857,1609,1777,1493,1445,1383,1667,1548,1445,1822
1664,1864,1700,2008,1700,1419,1886,1413,1341,1636,2039,1598,1597,1942,1700,1689,1597,1704,2166,1341,1598,1689,1598,1739,1782,1341,1664,1689,1700,1651,1857,1991,1598,1419,1485,1555,1555,1636,1857,1715,1824,1886,1784,1598,1341,1511,1419,1584,1879,2028
1940,1982,1885,1864,1493,1829,2031,1689,1919,1530,1777,1689,1493,1724,1428,1577,1653,1548,1849,1493,1857,1705,1741,1284,1383,1761,1430,1493,1430,1689,1428,1653,1577,1857,1630,1577,1850,1284,1548,1797,1707,1383,1775,1284,1493,1709,1548,1709,1630,1470
1517,1513,1689,1750,1538,1341,1689,1857,1722,2069,1592,1917,1702,1341,1872,2073,1341,1920,1598,1538,1739,1423,1564,2068,1485,1704,1704,2188,1341,1598,1534,1786,1598,1517,1630,1829,1341,1818,2033,1511,1630,2007,1652,1485,1857,1413,1803,1715,1857,1709
1750,1577,1885,1864,1284,1818,1634,1701,1634,1651,1788,1730,1885,1573,1630,1917,1518,1750,1829,1721,1652,1747,1634,2218,1634,1493,1630,2199,2142,1653,1577,1653,2184,1857,1539,1536,1548,1741,1662,1829,1741,1788,1839,1857,1662,1795,1430,1724,1665,1775
1361,1630,1777,1719,1487,1647,1538,1683,1513,1699,1423,1857,1704,1554,1647,1598,1647,1564,1788,1795,1423,1715,1511,1721,1598,1652,1722,1485,1539,1719,1829,1485,2218,1818,1777,1538,1511,1704,1511,1788,1844,1857,1702,1653,1702,1554,1683,1423,1598,1683
1671,1683,1284,1703,1711,1493,1634,1653,1671,1887,1468,1723,1943,1653,1818,1673,1831,1604,1492,1654,1673,1628,1673,2102,1788,1653,1569,1715,1577,1673,1730,1729,1630,1683,1839,1630,1724,1653,1766,1634,1832,1653,1634,1763,1775,1468,1634,1839,1747,1703
1738,1647,1683,1513,2317,1485,1423,1539,1680,1511,1660,1653,1361,1721,1554,1539,1820,1765,1513,2077,1511,1539,1423,1539,1423,2055,1653,1616,1511,1703,1361,1653,1777,1598,1423,1721,1683,1689,1653,1514,1423,1511,1361,1722,1514,1511,1487,1711,1501,1708
1572,1727,1741,1839,1948,1613,1703,1657,1730,1634,1671,1711,1583,1634,1594,1583,1653,1870,1614,1653,1614,1583,1673,2016,1468,1671,1683,1678,1730,1596,1486,1683,1637,1634,1673,1653,1727,2217,1613,1747,1653,1594,1572,1787,1583,1807,1613,1653,1671,1569
1514,1987,1708,1423,1523,1514,1551,1742,1735,1514,1869,2164,1839,1653,1539,1735,1588,1511,1683,1635,1613,1500,1683,1551,1588,1746,1539,2014,1678,1850,1539,1808,1511,1660,1742,1928,1423,1702,1879,2164,1613,1765,1501,1500,1635,1455,1653,1713,1513,1735
1634,1583,1594,1783,1703,1774,1703,1653,2168,1675,1678,1627,1653,1667,1774,1774,2024,1637,1713,1627,1634,2050,1918,1514,1583,1613,1653,1650,1783,1514,1675,1908,1613,1776,1653,1807,1613,2150,1583,1514,1671,1679,1607,2009,1613,1888,1671,1629,1614,1629
2044,1690,1643,2050,1566,1653,2009,1692,1892,1467,1643,1539,1423,1514,1423,1807,1566,1673,1588,1514,1511,1819,1588,1765,1720,1643,1588,1735,1511,1730,1423,1423,1467,1636,1713,1511,1735,1660,1388,1511,1514,2055,2010,1388,1636,1119,1511,1514,1119,1720
1857,1240,1950,1940,1674,1640,1940,1927,1662,1613,1675,1742,1653,1634,1774,1585,1585,2145,1240,1156,1728,1514,1613,1654,1940,1653,1514,1662,1720,1449,2396,1662,1514,2023,1613,1858,1634,1613,1653,1728,1652,1644,1720,1594,1613,1613,1653,1742,1742,1240
2060,1388,1514,1514,1842,1790,1723,2263,1662,1636,1388,1660,1690,1842,2049,1715,1119,1660,1886,1662,1585,1790,1720,2119,2049,1916,1511,1662,2119,1662,1423,1588,1759,1950,1886,1759,1297,1654,1654,1806,1713,2033,1585,1662,1514,1886,1715,2185,1662,1636
1654,1662,1594,1644,1240,1769,1662,1236,1746,1747,1652,1613,1674,1939,1950,1634,1858,1662,1932,1236,1613,1858,1509,1746,1728,1644,2019,2017,1594,1514,1728,1779,1744,1675,1644,1779,1674,1654,1613,1735,1728,1932,2047,1662,1652,2169,1769,2193,1662,1341
2072,1662,1514,1769,1822,1423,1759,1662,1744,1623,2047,1537,1700,1514,1423,1388,1811,1654,1623,1713,1744,1842,1660,1388,2163,1537,1718,1662,1514,1654,1811,1660,2052,1385,1737,1662,1842,1725,1790,1388,1119,1822,1881,1715,1881,1738,1711,1748,1388,1735
1569,1662,1662,1732,1634,2122,1594,1674,1644,1795,1623,1961,1240,1569,1807,1613,1240,1236,1594,1924,1811,1790,1644,1733,1780,1236,1906,1664,1769,1644,1728,1594,1807,1613,1557,1341,2111,2072,1676,1236,2118,1864,1730,1700,1644,1613,1557,1341,1812,1659
1759,1481,1514,1592,1623,1623,1596,1596,1455,1688,1360,1745,1385,1747,1450,1662,1756,1423,1683,1481,1660,1537,1747,1715,2005,1385,1388,1688,1801,1441,1713,1537,1731,1481,1388,1795,1715,1735,1537,1801,1748,1662,1780,2005,1662,1715,1759,1662,1592,1731
1557,1772,1741,1792,1700,1613,1742,1662,1441,1069,1910,1780,1557,1644,2216,2148,1662,1739,1623,1805,1236,1557,1807,1759,1236,1763,1828,1772,1441,1553,1756,1780,1634,1805,1826,1553,1759,1613,1644,1815,1839,1662,1069,1613,1662,1662,1942,1553,1557,1620
1828,1388,1688,1948,1731,1815,1385,1691,1592,1537,1912,1593,2012,1327,1441,1531,1759,1537,1666,1726,1662,1596,1911,1666,1177,1662,1596,1969,1592,1593,1715,1388,1514,1592,1891,1910,1514,1599,1531,1537,1891,1514,1481,1531,1388,2038,1662,1596,1573,1662
1662,1662,1613,1495,1553,1662,1333,1553,1901,1948,1891,1613,1236,1638,1620,1662,1683,1620,1613,1561,1911,1764,1833,1644,1495,1662,1557,1546,1577,1820,1644,1906,2288,1557,1683,1638,1934,1333,1573,1613,1683,1833,1613,1620,1652,1573,1854,1557,1644,1644
1967,1507,1514,1388,1664,1477,1911,1514,1388,1789,1752,1477,1596,1643,1934,1662,1537,1388,1920,1616,1664,1507,1388,1388,1752,1829,1507,1388,1507,1681,1596,1691,1662,1327,1663,1514,1752,1477,1575,1327,1388,1407,1709,1514,2190,1643,1868,1388,1531,1643
1820,1710,1710,1620,1361,1761,1816,1723,1620,1557,1556,1620,1607,2016,1607,1644,1556,1644,1607,2102,1665,1804,1644,1519,1557,1607,2057,1561,1665,1644,1710,1820,1613,2293,1752,1361,1607,1804,1969,1561,1607,1710,1840,1607,1620,1757,1519,1665,1333,1969
1664,1388,1643,1915,1643,1327,2601,1596,1731,1748,1720,1643,1912,1643,1831,1816,1477,1731,1572,1758,1388,1829,1477,1881,1731,1720,1599,1477,1747,1327,1757,1922,1752,1596,1508,1829,1388,1477,1747,1901,1477,1514,1731,1327,1488,1752,1596,1477,1901,1643
2170,1710,1457,1652,1557,1710,1607,1830,1557,1607,1607,1930,1779,1368,1752,1361,1557,1752,1519,1816,1464,1333,1620,1665,1368,1644,1519,1814,1752,1644,1609,1556,1561,1710,1520,1425,1361,1814,1519,1830,1607,1691,1607,1558,1607,1834,1723,1607,1723,1779
1477,1698,1355,1752,1538,1668,1761,1829,1664,1783,1538,1761,1757,1829,1831,1918,1818,1731,1596,1818,1355,1643,1731,1816,1596,1752,1596,1477,1519,1900,1388,1557,2067,1802,1757,2184,1538,1752,1596,1643,1519,1643,1731,2015,1589,1643,1731,1575,1698,1752
1918,1970,1519,1599,1602,1839,1425,1558,1457,1644,1724,1710,1559,1557,1648,2236,1519,1271,1752,1652,1726,2032,1557,2186,1557,1519,1519,1557,1938,1457,1812,1599,1740,1653,1847,1556,1520,1559,1519,1606,1607,1333,2544,1557,1834,1559,1770,1462,1865,1710
1476,1829,1633,1596,1757,1837,1676,1878,1731,1751,1477,1546,1514,1731,1476,2166,1829,1474,1596,1474,1596,1783,1752,1887,1458,1713,1698,1519,1719,1511,1388,1959,1829,1514,1767,1829,1519,1538,1885,1652,1829,1519,1591,1476,1885,1575,1458,1632,2285,1719
1698,1333,1887,1911,1511,1710,1439,1533,1664,1912,1471,1804,1823,1557,1787,1811,1618,1664,1664,1713,1858,1823,1823,1333,1533,1511,1912,2165,1664,1787,1648,1887,1652,1683,1767,1652,1457,1614,1578,1618,1822,1653,1333,1596,1439,1713,1476,1895,1783,2282
1596,1794,1591,1877,1674,1913,1590,1453,1545,1519,1674,1970,1783,1426,1713,1674,1591,1788,1871,1645,1591,1629,1997,1170,1713,1645,1591,1782,1835,1577,1514,1777,1514,1294,1645,1719,2058,1590,1676,1546,1676,1476,1514,1919,1476,1514,1782,1170,1134,1713
1569,1698,1687,1985,2032,1618,1457,1702,1356,1652,1768,1758,1664,1965,1653,1511,1912,1749,1768,1768,1907,1388,1822,1652,1713,1356,1664,1664,1664,1590,1500,1557,1563,1724,1823,1854,1618,1401,1653,1986,1713,1618,1470,1713,1388,1961,1724,1966,2049,1356
1699,1485,1590,1694,2034,1766,1754,1895,1465,1914,1587,1932,1699,1713,1591,1713,1822,1713,1998,1695,1776,1591,1676,2009,1591,2100,1465,1783,1596,2162,1453,1694,1970,1776,1591,1590,1453,1453,1713,1577,1514,1822,1465,1465,1591,1514,1694,2117,1453,1713
1694,1530,1758,1612,1653,1511,1912,1489,1489,1702,1912,1749,1664,1612,1562,1489,1489,1864,1388,1673,1351,1713,1612,1664,1823,1770,1749,1530,1768,1664,1489,1351,1489,2077,1653,1768,1590,1489,2004,1749,2086,1743,1356,1511,2150,2116,1864,1850,1864,1612
1465,1754,1465,2063,1944,1465,1735,1465,2048,1846,1855,1590,1713,1453,1735,1514,1677,2104,2104,1895,1514,2214,1567,2069,1771,1909,1909,1737,1676,2069,1465,1766,1743,1514,1677,1737,1514,1620,1432,1713,1465,1540,1600,1485,1465,1756,1762,1735,1664,1453
1455,1489,2118,1673,1768,2001,1612,1864,1351,1521,1351,2093,1489,1973,1743,1664,1756,1631,1489,1628,1813,2004,1864,1749,2004,1489,2245,1648,1991,1700,1713,1521,2004,1612,1671,1521,1648,1489,1673,1679,1612,1653,1615,1700,1835,1489,1511,1648,1620,1489
1995,1796,1977,1756,1261,1799,1514,1746,1649,1465,1676,1261,1514,1540,1540,1465,2034,1859,1735,1514,1514,1801,1465,1689,1772,1877,1740,1465,1465,1699,1465,2541,1730,1432,1735,1701,1432,1895,1687,1771,1687,1432,1995,1465,1801,1432,1713,2069,1948,1746
1488,2081,1521,1917,1664,2212,1489,1489,1611,1713,1387,2166,1679,1441,1794,2063,1633,1718,2045,1662,1771,1803,1803,2022,1664,1664,1767,1848,1942,1489,1387,1662,1441,1959,1848,1664,1994,1771,1489,1401,1521,1489,1700,1871,1489,1601,1379,1866,1489,1620
1561,1931,1753,1699,1561,1740,1561,1261,1746,1668,1752,1752,1710,2099,1740,1668,1465,1261,1527,1465,1917,1514,1668,1687,1465,1667,1680,1514,1619,1765,1886,1667,1514,1519,1527,1561,1465,1886,1668,1455,1746,1465,1465,1261,1948,1465,1465,1687,1619,1465
1679,1679,1608,1769,1825,1846,1649,1401,1608,1401,1825,1633,1489,1771,1825,1401,1401,1887,1679,1771,1489,1627,1771,1662,1692,1497,1664,1441,1401,1489,1555,1876,1608,1627,1441,1825,1807,1797,1769,1825,1401,1689,1757,1750,1825,1555,1866,1807,1771,1633
1705,1699,1692,1514,1839,1684,1615,1527,1740,1261,1863,1527,2002,1746,1960,1465,1931,1561,1668,1801,1749,1619,1465,1684,1687,1261,1931,1936,1561,1801,1931,1455,1801,1527,1699,1527,1934,2002,1981,1668,1261,1261,1746,1740,1261,1740,1931,1765,1261,1884
1489,1441,1825,1730,1664,1896,1633,1798,1588,1730,1807,1900,1825,1627,1939,1497,1796,1807,1939,1627,1676,1771,1401,1769,1401,1796,1401,1679,1664,1825,2002,1825,1627,1730,1555,1588,1757,1401,1627,1771,1555,1912,1692,1676,1633,1441,1377,1995,1555,1927
1876,1749,1527,1261,1500,1905,1825,2115,1527,1516,1697,1749,1261,1995,1839,1615,1934,1261,1500,1514,1749,1995,1995,1588,1928,1705,1500,1750,1465,1346,1465,1261,1261,1753,1514,1516,1490,1795,1750,1261,1514,1527,1668,1765,1765,1912,1652,1872,1729,1668
1731,1705,1794,1939,1621,2016,1401,1627,1401,1618,1428,1618,1664,1753,2199,2038,1813,1639,1618,1401,1828,2039,1660,1730,2041,1484,1627,1633,1582,1633,1891,1825,1627,1633,1401,1664,1401,1813,2070,1588,1401,1627,1905,1794,1618,1708,1842,1825,1401,1401
1348,2060,1348,2125,1261,1261,1489,1261,1576,2109,1631,1527,1795,1588,1500,1979,1952,1797,1565,1261,1527,1709,1709,2041,1559,1615,1857,2026,1613,1565,1800,1709,1527,1261,1483,1808,1588,1261,1937,1615,1565,1565,1483,1668,1687,1495,1952,1261,1261,1483
1749,1585,1759,1828,1401,1968,1666,1672,1825,1401,1667,1428,1708,2034,2034,1401,1795,1769,1401,1666,1828,1705,1428,1559,2034,1667,2034,1428,1401,1722,1559,1666,1401,1960,1769,1525,1559,1759,1306,2114,1500,1666,1401,1306,1401,1306,1907,1968,1569,1401
1436,1602,1282,1335,1910,1709,1900,2069,1742,2358,1261,1668,1944,1926,1720,2044,1643,1261,1261,1261,1261,1709,1838,1681,1559,1559,1944,1261,1483,1282,1559,2077,1525,1668,1900,1245,1261,2044,1796,1528,1463,1889,1709,1646,2100,1948,1770,1469,1436,1525
1968,1533,1672,2109,1294,1839,1525,1428,2049,1485,1559,1944,1610,1525,1559,1401,1559,1839,1539,2109,1306,1559,1306,2199,2034,1639,1616,1294,1780,1672,1485,1559,1539,1828,1968,1864,1759,1616,1294,1610,1401,1324,1401,1277,1825,1401,1559,1539,1306,2010
1709,1261,1639,1469,1636,1656,1469,1616,1550,1597,1282,1621,1459,1704,1469,1483,1261,1815,1621,1511,1818,1483,1483,1469,1261,1261,1559,1877,1469,1679,1261,1704,2402,1469,1853,1525,1229,2044,1469,2033,1229,1559,1746,1559,1716,1559,1282,1261,1229,1993
1983,1539,1401,1884,1809,1485,1903,1539,1818,1401,1702,1324,1401,1539,1802,1616,1786,1539,1324,1669,1401,1702,1401,1669,1802,1610,1616,1806,1539,1786,1906,1616,1884,1294,1303,1401,1539,1550,1620,1808,1758,2071,1745,1485,1730,1748,1428,1802,1550,2034
1919,1295,1669,1616,1695,1295,1791,1893,1261,1771,1726,1704,1703,2045,1706,1261,1261,1714,1791,1550,1483,1469,1261,1791,1229,1511,1695,1282,1507,1261,1669,1261,1469,1570,1469,1746,1621,1621,1469,1616,1469,1469,1483,1771,1763,1648,1703,1261,1441,1652
1941,1620,1539,1485,1485,1401,1539,2125,1539,1763,1993,1401,1763,1324,2080,1401,1880,1485,1730,1884,1707,2166,1484,1485,1324,1477,1941,1620,1660,1660,1154,1539,1539,1702,1669,1898,1401,1401,1545,1401,1730,1984,1539,1401,1299,1989,1419,1401,1539,1303
1867,1570,1621,1815,2035,1261,1421,1964,1621,1536,1469,1443,1669,1723,1621,1578,1660,1580,1261,1469,1916,1660,1469,2126,1443,1889,1884,1665,1527,1229,1229,1913,1633,1261,1261,1703,1469,2042,1746,1469,1469,1443,1261,1726,1536,1570,1727,1261,1838,1261
1608,1898,1690,1578,1578,1539,1238,2093,1841,1669,1865,1935,1880,1539,1905,1833,1485,1578,1401,1831,1421,1865,1880,1892,1485,1480,1613,1539,1419,1484,1539,1760,1690,1820,1764,1401,1608,1578,1539,1401,1690,1233,1620,1539,1303,1539,1539,1763,1485,1620
1393,1782,1964,1721,1421,1469,1882,1471,1912,1621,1975,1261,1229,1261,1669,1704,1560,1229,1253,1804,1536,2036,1469,1469,1443,1580,1656,1261,1704,1621,1518,1469,1443,1704,1474,1261,1706,1719,1229,1469,1379,1578,1782,1621,1889,1706,1229,1469,1393,1469
1401,1578,1865,1578,1401,1401,1238,1943,1620,1578,1539,1669,1608,1831,1419,1690,1239,1777,1578,1539,1896,1425,1870,1578,1539,1233,1421,1702,1239,1620,1554,1865,1865,1539,1316,1316,1233,2096,1640,1603,1421,1681,1886,1316,1316,1620,2290,1617,1617,1425
1690,1975,1469,1261,2107,1421,1421,1421,1757,1975,1700,1443,1378,1378,1382,1884,1378,1736,1421,1736,1378,2211,1558,1229,2005,1229,1474,1229,1469,1378,1379,2151,1393,1526,2005,1378,1378,1706,1870,1469,1378,2282,2028,1378,1378,2116,1349,1590,1804,1469
2005,1777,1808,1629,1539,1620,1834,1543,1539,1360,1763,1865,1421,1870,1316,2115,1316,1316,1524,1238,1508,1928,1577,1316,1355,1419,1554,1608,1620,2004,1316,1620,1238,1656,1316,1316,1316,1316,1316,1629,1865,1577,1608,1316,1539,1316,1316,1316,1543,1505
1697,1443,1378,1229,1378,1828,1629,1882,1349,1526,1378,1349,1443,1378,1881,1378,1871,1349,1524,1378,2087,1697,1558,1378,1871,1706,1378,1421,1229,1629,1310,1558,1378,1526,1711,1229,1378,1378,1524,1378,1349,1349,1411,1706,2004,1378,1443,1421,1378,1378
1316,1608,1608,1269,1616,1403,1316,1750,1316,1656,1577,1577,1316,1855,1882,1536,1616,1616,1897,1316,1316,1316,1330,1577,1588,1656,1316,1316,1656,1588,1421,2098,1644,1316,1316,1316,1316,1426,1316,1316,1591,1323,1316,1316,1817,1403,1421,1316,1316,1316
1565,2010,1855,1704,1378,1378,1378,1378,1421,1349,1378,1378,1378,1665,1838,1349,1995,1538,1591,1565,1378,1378,1378,1345,1526,1378,1686,1349,1378,1838,1378,1378,1211,1538,1830,1345,1526,1378,1576,1378,1378,1835,1526,1378,1378,1608,1466,1378,1538,1466
1588,1316,1664,1421,1323,1672,1655,1644,1658,2038,1323,1577,1316,1672,1269,1369,1555,1588,1316,1656,1316,1536,1316,1599,1433,1640,1316,1269,1851,1263,1316,1658,1316,1712,1269,1889,1599,2007,2114,1918,1577,1367,1316,1656,1316,1577,1640,1577,1316,1269
1378,1756,1565,1378,1349,1576,1794,1340,1421,1349,1433,1743,1378,1378,1838,1989,1806,1378,1378,1378,1526,1896,1796,1590,1538,1707,1349,1378,1538,2127,1769,1565,1378,1989,1349,2096,1147,1147,1637,1756,1378,1340,1759,1637,1340,1378,1378,1349,1820,1378
1536,1170,1865,1437,1600,1055,1557,1794,1989,2033,1577,1170,1637,1316,1699,1311,1577,1316,1577,1556,1840,1316,1577,1818,1269,1414,1476,1794,1433,1521,1521,1316,1717,1433,1903,1794,1433,1556,1316,1437,1588,1712,1170,1577,1536,1656,1316,1656,1414,1316
1123,1637,1865,1538,2200,1731,1147,1794,1865,1632,1538,1696,1494,1887,1494,1378,1667,1526,1865,1820,1378,1349,1675,1501,1378,1349,2333,1731,1932,1349,1494,1706,1494,1349,1949,1439,1349,1349,1772,1501,1637,1494,1696,1349,1579,1349,1349,1310,1147,1865
2219,1269,1316,1313,1437,1716,1570,1311,1170,2080,2200,1716,1838,2290,1521,1579,1579,1456,2390,1170,1577,1456,1316,854,1456,1577,1316,1170,1269,1170,1735,1557,1570,1865,1988,2140,1472,1170,1472,1170,1816,1577,1661,1316,1170,2027,854,1378,1838,1600
1416,2074,1260,1378,1378,1615,1378,1704,1349,1472,1349,1583,1349,1349,1439,1494,1378,2027,1416,1538,1632,1955,1865,2014,1349,1147,1880,1494,1378,1493,2200,1880,1416,1365,1711,1378,1378,1804,1349,1704,1538,1346,1494,1378,2028,1349,1706,1349,1700,1719
1701,1603,1514,1361,1577,1514,1577,1716,1378,1316,1811,1884,1888,1823,1316,1269,1577,1269,1170,1456,1577,854,1316,1424,1607,1802,1269,1936,1570,1311,1811,1170,1316,1811,1514,1316,1689,1170,1823,1888,1316,1316,1689,1514,1892,1936,1704,1269,1316,1603
1346,1811,1835,1349,1538,1704,1378,1378,1835,1378,1642,1089,1378,1349,1151,1349,1615,1507,1527,1711,1494,1527,1089,2018,1940,2162,1465,1598,1538,1349,1527,1527,1378,1353,1349,1349,1349,1531,1349,1615,1701,1494,1918,1378,2109,1918,1615,1631,1378,1378
1717,1424,1744,1316,1678,1744,1740,1603,1566,1577,1577,1316,1689,1576,1678,1577,1361,1956,1316,1577,1678,1676,1712,1740,1400,1744,1635,1316,2140,1712,1378,1560,1577,1609,1378,1635,1607,1316,1746,1170,1893,1170,1856,1712,1458,1958,1484,1577,1802,1566
1829,2041,1740,1832,1199,1683,2105,2025,1832,1727,1507,1389,1465,2137,2105,2204,1526,1151,1875,1378,1615,1407,1615,1494,1871,1199,1349,1349,1740,1631,1346,1598,1875,1349,1576,1832,1534,1605,1829,1896,1494,1835,1151,1349,1642,2108,1835,1835,1389,1378
1375,1789,2167,1375,1814,2060,1781,1635,1709,1361,1577,1482,1678,1590,1361,1590,1375,1819,1375,1170,1717,2098,1744,1635,2202,2204,2108,1640,1599,1719,2219,2030,1835,1590,1416,1949,1835,1860,2219,2204,1883,1482,1577,1378,1740,1709,1717,1709,2118,2004
1526,1627,1605,1835,2004,1740,1526,1349,2168,1375,1349,1740,1465,1494,1939,1792,1151,1642,1465,1764,1918,2013,2122,1903,1465,1199,2001,2098,1526,1605,1771,1896,1642,1921,1247,2013,1642,1526,1642,1288,1199,1349,1526,1642,1642,1921,1958,2098,2105,2168
1482,1594,1590,1835,1796,1361,1594,1740,1361,1863,1416,1963,1378,1378,1170,1721,1740,1590,1681,1789,1590,1594,1361,1791,1968,1170,1590,2146,1681,1590,1681,1594,1594,1590,1968,1482,1642,1590,1721,2262,2091,1863,2210,1375,1367,2193,1361,1968,1482,2004
1924,1786,1888,1199,1199,1642,1767,1465,1199,1465,1526,1494,1642,1896,1630,1272,1700,1630,1766,1566,1907,2058,1465,1786,1465,1526,1634,1199,2082,1657,1526,1968,1630,1764,1630,2331,1566,1526,1566,1630,1526,1682,1774,1740,1642,1526,1247,1627,1526,1151
2255,1890,1378,1791,1648,1661,1361,2207,1361,1510,1320,1090,1361,1764,1718,1510,1368,1361,1368,1698,1642,2120,1456,2035,1682,1139,1648,1590,1681,1361,1510,2064,1594,1899,2064,1590,1361,1590,1642,1367,1367,1361,1899,1569,1590,1594,1590,1367,1380,1380
2068,1565,1722,1642,1497,2064,1247,1558,1465,1465,1667,1247,1524,1765,1992,1565,1565,1521,1779,1526,1925,1904,1465,1619,1526,1465,1853,1151,1825,1344,1524,2082,1526,1558,1465,2031,1642,1465,1526,1786,1526,1465,2063,1904,1565,1247,1558,1853,1247,1247
1325,1904,1966,1601,1779,1367,1795,1325,1361,1885,2162,1367,1804,1510,1361,1540,1590,1785,2014,1221,1361,1590,1502,1740,1757,1643,1325,1904,2341,1785,2063,1600,1361,1740,1378,1367,2334,1361,1785,1681,1361,1540,2327,1367,1090,1367,1221,1361,1327,1510
1465,1861,1541,1465,1533,1247,1904,1247,1465,1465,1805,1465,1892,1538,1465,1806,1987,1524,1465,1247,1465,1587,1325,1247,1247,1687,1465,1805,1526,1667,1465,1876,1465,1524,1247,1446,1917,2104,1247,1247,1526,1465,2174,1565,1587,1565,1446,1757,1849,1247
1221,1367,1367,1713,2153,1444,1713,1361,1757,1221,1367,1795,1361,2044,1221,1621,1550,1672,1361,1367,1361,1849,1671,1687,1367,1221,1221,1367,1367,2096,1643,1740,1904,1419,1367,1367,1848,1826,1367,1361,1367,1221,1367,1757,1361,1590,1367,1518,1518,1518
1325,1247,1465,1619,1247,1247,1797,1723,2022,1466,1683,1676,1797,2104,1794,1247,1834,1904,1805,1723,1541,1247,1465,1247,1805,1514,1975,2096,1247,1247,1676,1448,1541,1247,1958,1465,1247,1757,1723,1332,1526,1247,1247,1247,1541,1247,2171,1959,1465,1641
1639,1676,1221,1795,1979,1621,1504,1245,1367,1518,1860,1798,2217,1658,1476,2096,1848,1798,1757,1676,1367,1367,1367,1442,1484,1367,1416,1639,1550,1361,1986,1367,1687,1221,1658,1798,1221,1621,1959,1904,1636,1367,1810,1484,1361,2161,1658,1959,1518,1550
1247,1834,1641,1465,1465,1977,1676,1875,1332,1658,1689,1367,1658,1465,1959,1247,1247,1755,2010,2031,1465,1465,1541,1760,1642,1831,1367,1247,1465,1797,1332,1723,2096,1599,1676,1599,1996,1514,1573,1247,2010,2141,1247,1465,1247,2010,1466,2069,1332,1247
1929,1442,1221,1367,1645,1618,1367,1880,1880,1456,1658,2113,1997,2079,1550,1929,2096,2046,1367,1221,2045,1759,1880,1416,1221,1645,2113,2045,1908,2069,2142,1245,1221,2142,1671,1638,1770,1221,1221,1731,1476,1522,2184,2114,1581,1550,1638,1221,1504,1367
1630,2069,1465,1895,1977,1247,1977,1630,2094,1465,1906,1929,1892,1834,1904,1465,2031,1880,1714,2114,2152,2062,1247,1880,1465,1247,1830,1829,1678,1934,1929,1642,1895,1247,1465,1247,1906,1834,1836,1465,1653,1599,1367,1247,1247,1836,1918,1643,2031,1918
1833,1938,1431,1730,2114,2092,1833,1367,1731,1848,1638,1542,1816,2069,1824,2147,1816,1522,1618,1367,1367,1367,2046,1731,1824,1221,1826,1542,2147,1043,1476,1367,1638,1707,1618,1367,1833,1431,1731,1043,1245,1367,1245,1988,1731,1700,1818,1521,2049,1521
1804,1916,1892,2062,1996,1830,1830,1689,1802,1430,1247,2086,1588,1465,1467,1399,1540,1430,1367,1467,1399,1552,1645,1758,1247,1247,1689,1758,1247,1836,1247,1896,1714,1763,1684,1684,1763,1399,1592,1907,2067,1467,1430,1905,1892,2084,1832,1661,1748,1969
1431,1626,1245,1901,1707,1367,1730,1521,1750,2003,2011,1638,1431,1408,1542,1730,1707,1043,1367,1731,1905,1367,2471,1723,1542,1367,1043,1515,2200,1675,1730,1626,1535,2084,2094,1043,1707,1638,1638,1542,1367,1617,1638,1367,2054,1689,1367,1043,2086,1535
1756,1396,1247,1579,1247,1689,1998,1456,2053,1645,1372,2067,1247,1579,1247,1367,1899,2084,1430,1638,1927,1748,1665,1456,1395,1430,1528,1467,1836,1900,1247,2086,1783,1929,1638,1247,1689,1763,1684,1430,1638,1684,1900,1656,1247,1528,1638,1689,1748,1849
1043,1638,1561,1638,1043,1043,1914,1689,1509,1367,1430,2005,1367,1660,1741,1730,1454,1660,1826,1707,1367,1367,1579,1542,1454,1660,1043,1043,1638,1689,2054,1860,1707,2005,1978,1367,1741,2288,1650,1638,1707,1763,2073,1367,1579,2054,1760,1043,1689,1043
1247,1965,1558,1591,1873,1247,1684,1603,1984,1817,1873,1557,1372,1287,1430,1638,1247,1298,1528,1372,1720,1528,1679,1528,1684,2021,1427,1247,1396,1396,1396,1374,1645,1395,1645,1645,1645,1929,1287,1487,1558,1638,1801,1665,2105,1396,1720,1350,1915,1396
1801,1446,1446,1805,1509,1653,2037,1367,1805,1639,1805,1721,1717,1367,1721,1800,1043,1801,1509,1438,1366,1613,1841,1542,1689,1965,2029,1367,1520,1790,1614,1654,1438,1660,1800,1801,1910,1542,2125,1654,1438,2054,1721,1592,1613,1579,2054,1614,1873,1366
1579,1805,1287,1603,2016,1521,2165,1516,2016,1350,1396,1411,1641,1591,1396,1805,1849,1374,1645,1247,1517,1350,2016,2052,1645,1641,2179,1350,1350,1374,2109,2128,1372,1801,1773,1749,1396,1603,2090,1645,1558,1287,1633,2177,1805,1350,1684,1805,1287,1350
1579,2216,1801,1430,1367,2031,1965,1438,1653,2216,1721,1509,1438,1613,1721,1718,1438,1613,1985,1689,1801,1423,1721,1613,1613,1798,1599,1438,1423,1685,1948,2016,1689,1717,1653,1881,1593,1960,1689,1423,1601,2031,2037,1877,1719,1732,1509,1509,1772,1960
1890,1730,1350,1857,1987,1350,1923,1685,1513,1287,1986,1350,1974,1811,1837,1579,1837,1987,1837,1287,2124,1918,1350,1372,1696,1421,1805,1793,1396,1730,2125,1764,1350,1350,1350,1773,1513,1808,1730,1591,1972,1350,1247,1964,1773,2124,1811,1927,1350,1852
1483,1520,1438,1579,1696,1262,1423,1789,1645,2125,1966,1961,1876,2135,1881,1966,1704,1423,1805,1685,2147,1438,1719,1637,2124,1719,1520,1262,1438,2124,1438,1367,1483,1483,1243,1773,1509,1722,1890,1890,1483,2033,1637,1438,1964,1531,1579,1438,1243,1881
2314,1716,1614,2035,1372,1767,1616,1800,1849,1773,1350,1767,1626,1811,1698,1549,1634,1614,1923,1460,1730,1890,1579,1262,1698,1350,1890,1460,1350,2114,1677,1460,1890,2124,1696,1327,1460,1350,1350,1350,1887,1545,1398,1350,1767,1460,1730,1634,1626,2170
1401,1719,2072,1666,1860,1433,1579,1579,1744,1483,1789,1483,1382,1773,1243,1438,1262,1890,2182,1243,1531,1438,1552,1236,1653,1422,1579,1382,1473,1552,1438,2083,1423,1666,1599,1438,1438,1615,1382,1612,1666,1243,1243,1969,1438,1792,1438,1719,1243,2214
1716,1350,1460,1680,1613,2127,1533,1887,1626,1496,1460,1460,1972,2340,1350,1533,1562,1637,1716,1460,1350,2325,1460,2126,1460,1626,1587,1630,1613,1641,1920,1671,1350,2002,1567,1585,1671,1696,1533,1671,1730,1671,1614,1460,2082,1350,1350,1613,1698,1626
1911,1438,1438,2089,1243,1422,1243,1243,1646,1243,1243,1665,1531,1618,1438,1738,1438,1483,1988,1911,1243,1646,1383,1905,2148,1678,1738,1750,1243,1666,1738,1243,1438,1619,1723,1679,1243,2018,1618,1961,1243,1236,1812,1646,1620,1723,1738,1812,1243,1383
1140,1350,1671,1698,1671,1634,1855,1630,1460,1350,1752,2052,1702,1931,1614,1614,1562,1855,1485,1460,1503,1140,1350,1460,1350,1626,1602,1634,1634,1860,1744,1891,1350,1752,2148,1671,1460,1350,1460,1613,2052,1630,1567,1460,1602,1460,1860,1350,1460,1460
1727,1243,1769,1847,1803,1243,1438,1880,1438,1727,1243,1438,1243,1954,1438,1619,1438,1666,1243,1438,2317,1803,1847,1803,2017,1666,1666,1383,1998,1738,1438,2060,1243,1666,1567,1911,1818,1567,1847,1383,1438,1613,1792,1812,1911,1243,1678,1480,2317,1438
1355,2166,1665,1626,1634,1671,1614,1855,1748,1233,1857,2024,1807,1997,1614,1817,1614,1802,1634,1874,1857,1456,1350,1544,1803,1350,1802,2397,1350,1350,1807,1350,1350,1817,1857,1802,1855,1460,1350,1802,1350,1233,1665,1233,1803,1350,1350,1759,1460,1460
2068,1843,1567,1687,1445,1453,1818,1438,1650,1438,1567,1438,1727,1243,1534,1694,1751,2063,1727,1243,1243,1383,1243,1243,1798,1453,1438,1687,1453,1727,1453,1438,2067,1751,1692,1422,1911,1453,1738,1438,1987,2095,1650,2040,1422,1666,1977,2196,1666,1438
1598,1692,1694,1514,1634,2215,1489,1587,1929,1350,1233,1598,1822,1823,1350,1817,1929,1514,1687,1233,1784,1144,1233,1748,1460,1823,1748,2253,1713,1233,1460,1587,2253,1558,1460,1489,1233,1233,1713,1863,1460,1144,2067,1843,1621,1971,1823,1534,1460,1460
1788,1796,1823,1445,1822,1396,2476,1457,1829,1852,1796,2036,1931,1243,1568,1396,1694,1939,1438,1654,1692,1870,1243,2054,1453,1823,1453,1383,1545,2253,1568,1654,1803,1751,1803,1950,1788,1654,1243,1641,1453,1751,1733,1453,1545,1457,1521,2101,1854,1976
1698,1460,1514,1740,2050,1803,1698,2108,1756,1204,1803,1748,1460,1621,1512,1598,2198,2143,1514,1919,1350,1634,1641,1694,1713,1233,1587,1971,2108,1583,2050,1621,1621,1512,1960,1460,1583,2065,2249,1514,1873,1829,1720,1233,1929,1159,1939,2306,1587,1748
1682,1803,1969,1453,1654,2168,2143,1776,1751,1644,1788,1819,1895,1503,1766,1934,1770,1824,1457,1853,1803,1396,2071,1994,1939,2050,1445,1873,1654,1743,1654,1853,1654,1453,2285,1994,1751,2036,1869,1707,1813,2036,1518,1383,1791,1971,1803,1518,1694,2312
2195,1914,2100,1940,1713,1996,1657,1621,1621,1853,1408,1996,1621,1929,2009,1803,1844,1803,1766,1873,1682,1996,1984,1971,2128,1512,1657,1622,1994,1233,1634,2129,2210,1512,1748,1764,1853,1408,2319,1940,1825,1940,1929,1694,1873,2143,1729,1594,1694,2029
1503,1800,1654,2128,1800,1838,1951,1533,1654,2144,1445,2046,1853,1800,1869,1873,1535,1868,1533,1751,1764,1873,1951,1536,1453,1803,1396,1766,1644,2046,1934,1764,1445,2123,1764,1940,1803,1503,1976,1803,1992,1853,2178,1396,1791,1503,1930,1751,1396,1490
1657,1803,1906,2405,1657,1988,2116,1736,2439,1408,1900,1940,1761,1806,1729,1806,2073,1657,1621,1807,1657,1622,1622,1764,1803,1733,1906,2296,1764,1909,1408,1408,1890,2192,1914,2370,1873,2032,1748,2041,1764,1408,1914,1657,1622,1512,1512,1761,1803,1971
1441,2006,1869,1800,1338,1873,2271,1800,1338,2089,1503,1803,1800,1984,2211,1800,1533,1838,1743,2019,1536,1396,2019,1535,1791,2342,1799,1533,2046,1338,1536,1533,1800,2097,2153,1909,1800,2032,1533,1503,1338,2531,1533,1682,1751,1503,1503,2091,2032,1751
1908,1657,1408,1731,1408,1585,2353,1582,1743,1731,1585,1748,1654,1657,1408,1654,1657,2153,2019,1622,2035,1622,1408,1408,1408,2345,1768,2126,1622,1873,1654,1622,1408,2032,1408,2128,2019,1622,1408,1731,1657,1803,1834,1392,1736,1408,1914,1512,1748,1736
1888,2126,1914,2019,1589,1749,1338,1839,1533,1503,2010,1861,2144,2035,2218,1588,1977,1690,1803,1533,1396,1533,2122,1338,2060,1574,2006,1533,1503,1533,1800,2478,1536,1533,1533,1533,1589,1533,1536,1911,2153,1690,1716,1503,1751,1503,1503,1914,2218,1749
1408,1347,1716,1408,1585,1803,1864,1774,1864,1622,1657,1622,1827,1876,1716,1791,1622,1408,2003,1942,1716,1914,1347,2003,1622,1841,1665,1731,1472,1800,1408,1940,1622,1408,1791,1408,1736,1748,1408,1585,1508,1408,1347,1716,1408,1665,1731,2184,1962,1508
1822,1533,2003,1940,1589,1876,1630,2077,1860,1926,1533,1741,1910,1956,1533,1805,1876,2003,1876,1805,1630,1806,2073,1803,1806,1503,1690,1803,1533,1661,1570,1910,1503,1533,1822,1533,1570,1772,1533,1533,1934,1533,1620,1661,2201,1860,1864,1962,1830,1533
1668,1408,1879,2027,1622,1408,1695,1876,1806,1907,1616,1716,1998,1408,1763,1408,1599,1772,1622,1864,2029,1826,1803,1939,1800,1827,1668,1803,2254,2211,1408,1962,1668,1666,1347,1408,2070,1806,1826,1695,1939,1995,1347,1599,1827,1408,2157,1408,1806,1806
1742,1570,1668,1864,2155,1772,1510,1766,1533,1978,1510,1668,1782,1759,1772,1892,1803,1396,1784,1862,1803,1533,1766,1892,1873,1396,1910,1823,1759,1962,1533,1938,1772,1926,1978,1668,2157,1784,2029,2046,1616,2048,1510,2416,1726,1862,1533,1630,1630,2260
1408,1234,1869,1803,1880,1772,1408,2327,1582,1772,1408,1561,2003,1291,1485,1803,1840,1557,1408,1291,2002,1599,1864,2141,1966,2141,1238,1668,1291,1234,2155,1695,1772,2157,2039,1799,2003,1772,1238,2070,2039,2023,1695,1599,1695,1779,1668,2236,1408,1668
1617,2138,2023,1978,1533,1485,1613,1613,1759,2046,1668,1864,1861,1668,1713,1697,2061,1668,1726,1668,1713,1485,2106,2047,1759,1395,1670,1485,2070,1533,1533,2046,1737,1969,1713,1533,1613,1862,1978,1697,2208,1891,1613,1276,1978,1737,1670,1861,1485,2141
1599,1496,2023,1969,2117,1909,2002,2106,1697,1823,1410,1496,1438,1909,2062,1639,1234,1291,1291,1586,1907,1704,1408,1408,2039,1639,1695,2172,2023,1668,2062,1755,1981,1770,2062,1485,1408,2238,2286,1410,1772,1408,2166,1291,1704,2002,1592,1438,1743,2162
2111,1827,2038,1668,2271,1533,1666,1624,2144,1827,2046,2287,1661,1969,1713,1715,1485,2117,1613,1525,2185,2330,1533,1411,1854,1816,1586,2046,2062,1759,1704,1386,1485,1666,2271,1970,1533,1978,1978,1666,1533,2166,1386,2162,1586,1717,1827,1978,1987,1661
2226,1661,1408,1984,1908,2002,2039,2039,1944,1906,2130,1827,1695,1599,1798,1599,1410,1908,1811,1811,1704,1410,1798,2117,1817,2037,1668,1904,2002,1743,1755,1291,1408,2002,1590,2166,2185,1817,2185,2003,1906,1811,1496,1408,2002,2429,2039,1408,1907,1590
1685,1613,1715,1970,1668,1722,1833,1586,1533,1722,1533,1994,1759,1661,1759,1386,2011,1784,2033,1911,1386,1994,1533,1976,1768,2152,1533,1784,1768,1586,2003,1533,1386,1590,2033,2003,2003,2024,1713,1768,1575,1817,1765,1533,1682,1715,2311,1533,2033,2024
1773,1749,2153,1755,1743,2285,1982,1752,1966,1668,1811,1641,1765,1811,1752,2003,1661,1779,2009,1599,1833,1590,1779,1851,1599,1743,1410,1973,1779,1665,1944,1944,1408,1666,1944,1549,1599,1549,1408,1868,1776,1779,1408,1641,1906,2124,1410,1865,2063,1865
1586,1706,1732,1916,2202,2025,1575,2165,1674,1533,1829,1706,1722,1386,1732,1768,2073,1715,1833,1765,1759,1674,2033,2119,1565,1976,1715,1586,1533,1661,1768,1715,2033,1652,1697,1995,2152,2021,1759,1533,1732,1722,1661,1713,1533,1992,1386,1666,1748,1715
1879,1408,1736,1609,1803,1790,1779,1805,2181,2018,2148,1410,1408,1979,1679,1599,1870,1773,1700,1811,1779,1748,2153,1995,1735,1779,1779,2156,1522,1791,1736,1811,1800,1798,1979,1700,1979,1408,1666,1743,2021,1410,1839,1661,1791,1679,1408,1743,1679,1522
1533,1702,1533,1807,2187,1715,1807,1623,1666,1550,1623,1533,1748,1768,1666,1858,1565,1661,1807,1768,1710,2019,1807,2071,1715,1661,1902,1840,1661,1715,2124,1846,2187,1748,1715,1661,2071,2017,1841,1768,1916,1841,1715,1533,1586,1674,1732,1791,1386,1386
1408,1958,1408,2149,1743,2093,1680,1916,1790,1807,1743,1779,1680,1779,1666,1837,1811,1725,2186,1408,1748,1661,1410,2071,1661,1408,1958,1841,2090,1710,1666,1624,2187,1807,1582,1666,1624,1743,1858,1710,1666,2001,1748,1410,1807,1582,1779,1743,1663,1643
2075,1807,1902,1884,1643,1623,1661,1768,1715,1386,1643,1715,1723,1799,1521,1807,1902,1386,1666,1840,1748,1586,1837,1799,1748,1563,1348,1824,1666,1533,1841,1638,1737,1623,1782,1768,1666,1768,1533,1638,1533,1623,1829,1348,1661,1574,1643,1643,1884,1723
1799,1811,1773,1666,1582,1668,1680,1680,1408,1680,1748,1408,1408,1668,1699,1743,1699,1792,1666,1668,1837,1728,1779,1958,1641,1841,1408,1830,1792,1664,1795,1845,1666,1666,1811,1643,1680,1643,1680,1582,1827,1661,1661,1871,1337,1799,2137,1431,1699,1661
1504,1797,1623,1713,1623,1661,1720,1623,2095,1807,1837,1386,1773,1348,1875,1666,1386,1521,1841,1792,1825,1550,1667,1623,1643,1550,1875,1705,1623,1683,1509,1650,1643,1623,1623,1918,2095,1918,1784,1504,1613,1988,1521,1623,1666,1521,1504,1533,1803,1827
1408,1690,1680,1790,1702,1478,1851,1702,1478,1680,1643,1784,1699,1661,1666,1668,1680,2187,1876,1699,1836,1902,1699,1797,1690,1699,1328,1582,1752,1661,1801,2095,2221,1901,1680,1811,1769,1903,1903,1697,1680,1680,1680,1643,1778,1680,1699,1925,1880,1826
1862,1521,2066,1736,1851,1851,1830,1623,2118,1533,1683,1797,2244,1942,1972,1623,1643,1623,1942,1672,1661,1623,1623,1521,1670,1961,1784,1942,1771,1661,1851,2035,1848,1661,1521,1670,1672,1623,1386,1862,1521,2118,1692,1803,1623,1623,1521,1643,1856,1802
2118,1709,1408,1697,1774,1643,1703,1697,1717,1861,1661,1408,1851,1820,1709,1699,1408,1709,1811,1680,2055,1730,1680,1826,1794,1680,1680,1680,1697,1811,1680,1794,1699,2077,1851,1680,1680,1832,1824,2118,1709,1824,1680,1851,1942,1697,1699,1942,1680,1861
1968,1942,1643,2115,1661,1791,2027,1790,1889,1900,1670,1623,1623,1386,1790,2055,1386,1521,2095,1851,1623,1851,1386,1747,1861,1774,1386,1948,1670,1623,1521,1881,1827,1643,1790,1790,1900,1900,1386,1138,1386,1623,1608,1521,1968,1386,1623,2122,1623,1736
1557,1820,1680,1752,1680,1680,1811,1952,1709,1680,1680,1557,2027,1718,2095,1680,1856,1680,1717,1717,1755,1815,1697,1686,1811,2012,1717,1811,1906,1856,1948,1697,2050,1709,1699,1755,1717,2008,1824,1643,1889,1699,1557,1680,1686,1680,1699,1865,1856,1851
2180,1612,2057,1521,1297,1633,2269,1623,1816,1881,1644,1386,1623,1670,1521,1780,2013,1612,1623,1606,1623,1612,1949,1900,1521,1900,1670,1521,1521,1790,1297,2027,1816,1521,1547,1791,2358,1623,1729,1623,1816,1851,1854,1791,2318,1946,1670,1623,1849,1791
1811,1717,1717,1699,1557,1809,2248,1699,2180,1680,2336,2013,1606,1712,1699,1824,1838,1783,1809,1557,1621,1699,2347,1717,1856,2097,1699,1675,1856,2145,2042,1557,2145,1856,1787,1889,1680,1709,1717,1856,1680,1699,993,1824,1576,1451,1697,1717,1717,1451
1780,1521,1523,1612,1547,1973,1612,1780,1811,1535,1535,1547,1791,1790,1816,1791,1521,1791,2345,1791,1745,1380,1786,2291,1521,1535,2291,1778,1959,1650,1973,1521,1547,1780,1475,1521,1991,1606,1701,1900,1792,1849,1791,1535,1780,1547,1612,1535,1727,1724
1927,1699,1942,1671,1765,2015,2156,1787,2065,1717,1991,1699,2163,1680,2156,1829,1712,1675,1791,1717,1621,1557,1666,2104,1757,1927,2065,2070,1816,1241,1557,1680,1717,1991,2075,2075,1557,1680,1837,2276,993,1675,1824,1811,1621,1787,1675,1791,1696,1666
1743,1900,1706,1791,1547,1535,1778,1922,1780,1443,2156,1547,1381,1810,1381,1780,2175,2018,2130,2019,1900,1381,1636,2156,1535,2018,1724,1855,1835,1849,1650,1612,1258,1258,1547,1258,1535,1535,2268,1612,1991,1560,1535,1815,1258,1815,2075,1475,1991,1791
1706,1479,1846,1675,1712,1557,1785,1946,1791,1757,1490,1746,1946,1787,2075,1712,1675,1739,1557,1484,1490,1846,1680,2156,1712,1717,1621,1437,1955,1666,1536,1717,1621,1484,1557,1811,1927,1927,1765,2099,1484,1666,1557,1824,1675,1675,1671,1680,1791,1621
1778,1491,1636,1780,1258,2372,1778,1922,1914,1258,1778,2127,2054,1612,1992,1903,2076,2127,1529,2209,1815,1810,1258,1849,1258,1898,1853,1529,2325,1815,1650,1612,1791,1258,1815,1810,1443,1898,1526,1902,1437,1926,2075,1722,1443,1791,1475,1724,2156,1903
1624,1726,2229,2280,1621,2010,1714,1484,2044,1621,1722,1621,1490,1903,1490,1484,1624,1621,1769,1479,1490,1437,1757,1717,1714,1666,1846,1757,1624,1905,1671,1714,1955,1557,1912,1769,2121,2292,1712,1621,1769,1853,1624,1666,1842,1757,1963,1840,2149,1903
1239,1744,1934,1815,1902,1769,1912,1706,1763,1258,1258,1612,2089,1714,1258,1778,2044,1810,1437,1526,1778,2115,1769,1258,1714,1778,1526,2067,1842,1792,1907,1526,2401,1778,1258,1924,1443,1649,1258,1815,2113,1902,2237,1706,1258,1763,1924,1437,1706,1258
1490,1769,1490,1624,2237,2115,1490,1621,1624,1771,1891,1879,1490,1755,1437,1490,1452,1991,2164,1476,1623,1476,1473,1452,1490,1490,1490,1490,2093,1621,1624,1920,1530,1771,1490,1674,2093,1479,1621,1680,1624,1452,2206,1490,1479,1452,1437,1490,2171,1479
2347,1401,1258,1239,1443,1770,1258,1778,2093,1526,1258,1443,1595,1258,1859,1889,2355,1258,1401,1258,1571,2193,1526,1258,1579,1258,1751,1526,1401,1258,1840,1314,1770,1879,1526,1733,1258,1314,1859,1526,2113,1889,1720,1692,1401,1925,1526,1751,1539,1258
1479,2035,1928,1473,1705,1476,1680,1490,1476,1722,1834,1397,1490,1748,1690,1743,1680,1326,1563,1624,1687,1479,1686,1476,1596,1476,1188,1883,1595,2011,1690,1687,1490,1490,1147,1397,1476,1686,1473,1842,1624,1473,2108,1928,1624,1690,1722,1879,1624,1883
1788,1240,1642,1879,1258,1866,1401,1710,1526,1570,1239,1526,1817,2108,1854,2108,1559,1697,1733,2018,1751,1720,1570,1466,1559,1867,1859,1711,1510,1678,1571,1850,1817,1258,1695,1751,1708,1779,1239,1928,1239,1478,1751,1736,1239,1478,1708,1239,1886,2084
1422,1787,1810,1563,1958,1722,1347,1563,1826,1561,1886,1473,1422,1711,1379,1860,1693,1780,1476,1687,1473,1612,1793,1972,1563,1473,1347,1684,1928,1596,1886,1826,2018,1561,1612,1788,1928,1473,1684,1563,1972,1147,1824,1786,1872,1684,1743,1883,1503,1743
1570,1928,1938,1629,1628,2048,1371,1736,1478,1886,1872,1547,1806,1371,2277,1866,1640,1478,1904,1919,1704,1640,2048,1239,1704,1947,1478,1788,1628,1784,1736,1808,1640,1736,1968,1711,1872,1326,2054,1239,1751,1919,1239,1642,2048,1642,1779,1779,1478,1711
1711,1612,1612,1967,1347,1820,1752,1612,2033,1612,1047,1872,1563,1955,1347,1711,1768,1837,1347,1972,1047,1563,1743,1640,1618,1894,1640,1693,1743,1375,1894,1473,1693,1561,1920,1872,1687,1920,1612,1563,1684,2189,1947,1047,1684,1612,1837,1047,1476,1640
2037,1629,1788,1704,1239,1866,1621,1842,1371,1329,2189,1628,1706,1736,2306,1329,1239,1872,1736,1779,1478,1239,1478,1642,2027,1704,1629,2251,1478,1930,2071,2054,1842,1628,1748,1720,1788,1751,2053,1622,1628,1329,1640,1354,1329,1720,1720,1813,1813,1545
1612,1697,2254,1499,1563,1347,1731,1726,1671,2109,1047,1047,1561,1563,1612,2055,1618,1692,1612,1618,1618,2055,1499,1726,1561,1994,1375,1731,1622,1671,1622,1818,1984,1693,1473,1640,1375,1802,1545,1563,1618,1347,1618,2056,1723,1692,2148,1696,1047,1838
1613,1890,1924,1781,1613,1890,1897,1954,1748,1889,1607,1823,1859,1859,1720,1629,1768,1329,1889,1613,1823,1736,1613,1607,1765,1859,1736,1813,1720,1478,1720,1994,1748,2148,1890,1924,1781,1889,1622,1859,1789,1828,1635,1994,1478,1720,1629,2396,1933,1478
1637,1702,1726,1979,1781,2283,1671,1375,1612,1572,1561,1618,2440,1897,1702,1637,2092,1499,1793,1994,1723,1671,1612,2092,1618,1622,1618,1637,1618,1375,2042,1731,1637,1851,1047,1375,1726,2092,1991,1731,1851,1828,1612,1726,1912,1768,1622,1561,1637,1561
2260,1629,1613,1619,2352,1613,2273,1875,1672,1823,1789,1737,1717,1672,1720,1607,1629,1720,1629,1875,1890,1478,1613,1849,1889,2180,1478,2004,1768,1665,1478,1478,2004,2250,1310,1720,1613,2092,2033,2215,1720,2033,2055,1890,1890,1478,1823,1619,1720,1768
2121,2004,2230,1953,2051,2121,1499,1702,1612,1702,1953,1935,1726,1870,1867,1811,2033,1798,2230,1612,1612,1731,1768,2135,1702,1928,1558,1612,1768,1618,2162,1953,1731,1499,2135,1637,1837,1558,1561,1561,1726,1702,1499,1618,1864,1702,1702,2273,1618,1742
1720,1609,1803,2035,1809,1609,1720,2033,1889,1889,1609,2169,1607,1870,2035,1613,1720,2279,1809,1720,1848,1720,1772,1789,2045,1953,1764,1889,2003,1875,1672,1609,1263,1876,2004,1478,2287,1717,1885,1520,1613,1889,2159,1644,1613,2135,1768,1720,1935,1870
1975,1599,1558,1975,1599,1740,1618,1499,2004,1731,2171,1674,1731,2128,1988,1481,1731,2085,1758,2135,1902,1612,1731,1271,1618,1618,1798,1798,1618,2338,1558,1612,1618,1772,1735,1964,1764,1481,1768,2142,1740,1866,1558,1693,1618,1674,2107,1572,1618,2135
2112,1772,1478,1799,2220,1723,1674,1478,1674,1981,1478,1609,1799,1609,1625,1889,2121,1723,1865,1889,1720,1965,1854,2107,1889,1672,1772,1478,1913,1720,1908,1876,1672,1685,1814,1695,1708,1674,1977,1263,1720,1934,1789,1964,1609,1526,1889,1609,1720,1478
2134,1558,1798,1558,1558,1612,1964,1798,1731,1772,2117,1452,1674,1693,1735,1956,1961,1731,2121,1772,1814,1931,1674,1964,1612,1798,1499,1599,1558,1740,1961,1612,1870,1558,1735,1731,1599,1919,2078,2220,1618,1612,1772,1558,1700,1572,1807,1612,1558,2001
1609,1478,1789,2040,1772,1855,1562,1672,2256,1478,1609,1913,1654,1609,1478,1772,1772,1720,1908,1609,1669,1609,1889,1855,1263,2084,1654,1501,2161,1720,1501,1672,1501,2104,1609,1478,1478,1609,1672,2084,1609,1790,1908,1993,1789,1895,1908,1672,1865,1940
1612,1798,1798,1740,1612,1612,1547,1815,1819,1735,1790,1725,1790,2240,2225,1855,1558,1798,1740,1688,1558,1901,1558,1618,1612,1558,1558,1901,1940,1953,1855,1798,1481,1331,1612,1488,1735,1599,2100,1876,1798,1587,2286,1481,1819,1499,1709,1612,1499,2153
1609,1776,1609,1478,1478,1478,1478,1478,1879,1865,1672,1478,1879,1478,1478,1980,2225,1478,1940,2175,1609,2257,1651,1790,1478,2312,1478,1908,1442,1908,2055,1483,1797,2047,1845,1609,1740,1720,1789,1478,2225,1672,1609,1442,1798,1630,2401,1654,1672,1483
1630,2000,1943,1612,2035,2558,1481,1645,1900,1570,1630,1612,1790,1499,2035,1862,1612,1612,1612,1798,1599,1960,1558,1481,1612,1480,1480,1612,1798,1645,1481,1714,2484,1824,1936,2035,1612,1824,2000,1612,1612,1936,1612,1612,1909,1717,1612,1612,1645,2035
1797,1478,1630,1478,1740,1583,1790,1478,1742,1478,1478,1478,1672,1478,1785,1483,1672,1913,1478,1672,1478,1773,1478,1626,1478,1478,1779,1478,1645,1629,1478,2017,1672,1797,1478,2155,1709,1684,1629,1857,1629,1478,1478,1583,1909,1478,1478,1947,1684,1672
1768,2049,1752,1612,2083,1637,1637,1824,2021,1645,1779,1988,1800,2061,1612,1357,1798,1746,1662,1800,1746,2384,1798,1912,1746,1259,1717,1798,1612,1612,1612,1637,1612,1790,1936,1612,1860,1891,1612,1727,1617,1612,1645,1831,1790,1612,2082,1947,1860,2231
1750,1672,1932,1790,1832,1478,1790,1797,2172,2145,1797,1848,1672,1645,1645,2136,1868,1798,2050,1478,1478,2327,2162,1684,1672,1779,1629,1912,1831,1719,1437,1952,1629,1798,1672,2155,2102,2001,1719,1803,1478,1932,1478,1478,1797,1684,1478,1952,1478,2052
2101,1798,1798,1936,2162,1816,2352,1612,1608,1823,1918,1869,1982,1612,1860,2140,1798,1608,1612,1612,1608,2014,1790,1645,2327,1636,1612,1656,2051,2049,1636,2051,1730,1952,1936,1790,1612,1831,1798,1912,1746,1717,1860,1816,1746,1816,1816,1645,1952,1612
1437,1717,1717,2022,1416,1478,1478,1478,1645,2118,1797,1478,1672,2014,1717,1935,1478,1645,1684,1684,1876,2288,1719,2073,1798,1437,1478,1913,1982,2055,1717,1974,1478,2357,1865,2217,1478,1478,1615,1650,1807,1790,1437,2137,1831,1935,2073,1947,1797,1865
1608,1878,1935,1608,1831,1612,1967,1488,1918,1935,1788,1753,1612,2118,1636,1608,1612,1612,1778,1612,1612,1971,1612,1834,1831,1821,2065,1952,2074,2118,2073,1612,1612,2173,1967,2014,1770,1834,1746,1612,1837,1452,1831,2369,1746,1612,1612,1821,1918,1612
1655,1980,1840,1183,1723,1831,1437,2014,2022,1831,1970,1650,1532,1655,1717,1650,1478,1769,1684,1782,1183,1478,1655,1478,1655,2022,1650,1478,1478,1478,1964,2092,1815,1811,1709,1533,1838,1930,1980,2073,1915,1416,1183,1478,1478,1478,1478,1655,1980,1831
2291,1967,1504,2104,2117,1926,1773,1827,2123,1832,2073,1488,1938,1423,1937,1608,2117,1837,1821,2014,1864,1380,1612,1608,1504,1423,2151,1488,1864,1612,1916,1612,1612,1504,1761,1886,1987,2445,1834,1967,1761,1967,1837,1423,1423,1612,1834,1588,1937,1831
1980,1423,1976,1775,1815,1815,1775,1761,2022,2112,1980,1815,1712,2238,1650,2075,1782,2169,1655,1183,2022,1478,1707,1416,1761,1775,1898,2291,1506,1478,1712,1677,1775,1506,1183,1987,2024,1183,2022,1771,1650,1478,1183,2024,2102,1478,1838,2112,1478,1506
1588,1612,1727,1612,1967,1423,1423,1612,1761,1935,1612,1423,1938,1608,1597,1423,1612,1423,2004,1976,1588,2101,1935,1612,2238,1938,1938,1771,2238,2238,1612,2117,1761,1423,1612,1916,1588,1488,1727,2117,1772,1564,1885,1761,1608,1967,1903,1608,2112,2228
1582,1815,1478,1478,1749,1478,1270,1650,1815,1478,1478,1478,1478,1789,1997,1478,2288,1761,1654,1478,1183,1994,1183,2024,1775,1761,1183,1898,1839,1771,1654,1478,2034,1478,2167,1889,1654,1889,1478,1816,1183,1898,1838,1183,1654,1903,1774,1183,1898,1506
1771,1889,1848,1612,1612,1612,1994,1612,1423,1848,2084,2114,1612,1612,2114,1893,1914,1423,1579,1488,2534,1597,1564,1564,1936,1936,1612,1892,1583,1938,1944,1579,1423,1423,1564,1423,1597,1943,1564,1816,1938,1488,1488,1932,1518,2186,1612,1423,1488,1943
1183,1864,1946,2114,2117,1882,1762,2186,2037,2332,2036,1478,1579,1864,1579,1815,1478,1886,1654,1654,2114,2186,1579,1579,2095,1183,1478,1183,1654,1942,1270,1654,1183,1942,1478,1774,1478,1585,1774,1478,1774,1886,1816,1654,1478,1478,1702,1864,1762,1815
1819,1819,1597,2218,1683,1886,1564,1423,2347,1579,1583,1423,1864,1816,1612,1713,1864,2215,2046,1819,1992,2079,1916,1992,1989,1683,1423,1488,1989,1488,1745,1612,1936,1713,1816,2079,1864,1423,1423,1882,2114,1819,1886,1423,1936,1702,1583,1579,1910,1612
1183,1585,1774,1762,1762,2072,1876,1886,1792,1702,1901,1946,1816,1774,1886,1762,1183,1716,1816,1183,1478,1901,1490,2046,1183,1886,1183,2178,1879,2050,1816,1478,1816,2418,1183,2107,2046,1882,1910,2172,1992,1890,2218,2072,1879,1923,1816,1821,1870,1910
1423,1633,1970,1423,1423,1592,1612,1907,2142,1886,1890,1853,1423,1620,1907,1423,1819,1816,2172,1423,1423,1423,1816,1816,1816,1853,1583,1819,2017,2210,1879,1890,1702,2246,1816,2017,1816,1583,1876,1956,2017,2178,2142,1907,1819,1713,1956,1907,1816,1792
1958,1620,1816,1934,1762,2017,1183,1620,2142,1890,1908,2052,1816,1901,2077,1881,1183,1702,1792,2166,1816,1901,1845,2017,1958,1881,1955,1762,1908,1981,1183,1183,2017,2142,1836,1816,1928,1816,1816,1845,1879,1633,2085,1762,1183,2077,1183,1881,1881,1901
1423,1958,1423,1816,1423,1907,1653,1923,1816,1923,1890,1879,1897,2196,1816,2115,1816,1973,1963,2204,1816,1954,1816,1816,1653,1633,1934,1934,1853,1620,2083,1819,1853,1423,1423,1423,1907,2062,1423,1423,2096,1907,1816,1423,1934,1950,1958,1926,1981,1423
1183,1183,1815,1816,1762,1981,1958,2078,1952,1633,1620,1995,1816,1890,1890,1183,1743,1183,1183,1633,1816,2078,1923,1923,1183,1881,1958,1816,1816,1934,1183,1816,1183,1969,1879,1951,1985,1816,1802,2115,1923,1854,1762,1816,1916,1923,1637,1183,1183,1816
2032,1854,1816,1423,1677,1816,1423,1633,1969,1423,1802,1816,1732,1540,1620,1677,1419,2000,1423,1969,1605,1890,1816,1423,1423,1660,1819,1985,1423,1890,1592,1923,1419,1633,1853,2042,1423,1423,1853,1716,1423,1423,1423,1677,2097,1781,1677,1423,1419,1423
1183,1816,1697,1816,1791,1795,1697,1183,1969,1952,2045,1858,1633,1668,1633,2000,1895,1791,1183,1952,1675,2045,1183,1881,1928,1802,1895,1183,1150,1183,1527,1560,1828,1183,1875,1527,1527,1183,1794,1802,1816,1890,1794,1675,1675,1791,1183,1881,1183,2000
1853,1423,1677,1419,1419,1687,1633,1772,1830,1780,1772,1423,1423,1836,2137,1906,1772,1605,1712,1423,1423,1419,1786,1997,1423,1633,1697,2115,1423,1423,2023,1423,2162,1423,1780,1742,1910,1713,1742,1695,1419,1423,2293,1423,1712,1802,1742,1712,1816,1732
1183,1713,1490,1633,1183,1671,1675,1675,1183,1668,1960,1791,1183,1183,1183,1791,1921,1841,1675,1183,1671,1997,1675,1791,1841,2023,1786,1183,1183,1999,2113,1786,1697,1183,1183,2267,1847,1881,1183,1183,1183,1183,1183,2038,1999,1999,2000,1713,1183,1999
1979,1423,1423,2047,1423,1742,2000,1853,1614,2086,1423,2057,1426,1853,2304,1852,1423,1605,1419,1423,2126,1774,1423,1423,1774,1784,1784,2025,1949,1829,1697,1318,2086,2299,1949,1318,1742,1423,1915,1423,1780,1423,1423,1853,2129,1839,1614,1419,1629,1423
1183,1626,1809,1872,1881,1629,1183,1183,1823,1614,1573,2176,1829,1651,1183,1881,2129,1593,1900,1183,1983,1183,1183,1957,1957,2196,1183,1651,1183,1183,1809,1697,1183,1975,2102,1825,1183,1872,1823,1183,1183,2093,1791,1620,1183,1183,1614,1183,1900,1183
1852,1614,1423,1423,1872,1697,1930,1957,1829,1957,1821,1872,1983,1614,1638,1853,1989,2296,2296,1423,2120,1423,1680,1423,1957,2058,2196,1614,1423,2025,1626,1423,1614,1983,1423,1423,1638,1629,1318,1821,1423,1844,1638,2226,1852,1614,1423,1638,1423,2019
1183,2226,1880,1992,1614,1183,1183,1183,1614,1614,1930,1901,1891,1693,1614,1992,1821,1183,2005,1571,1614,2021,2326,1930,1183,1694,1990,1651,1872,1697,1708,1957,1825,1651,1879,1183,1183,1901,1829,1183,1957,1651,1626,1614,1183,1694,1651,1957,1992,1183
1864,1876,2150,2062,1889,1957,1423,1614,1883,1638,1721,1423,1698,1939,2161,1614,1614,1423,1898,1898,2173,1901,2173,1872,1423,2047,1821,1939,1874,1423,1423,2264,1423,1423,1614,1423,1423,1512,2202,1883,1780,1735,1957,1423,1638,1423,1901,1614,1829,1957
1821,1540,2113,2238,1917,1976,1889,1885,2207,1614,1901,1651,1957,1891,1957,1614,2028,1936,1780,2028,1885,1651,2127,1829,1885,1891,1183,1891,1468,1183,1183,1183,1939,1615,1848,1848,1651,2109,1614,1885,1614,1468,1614,1183,1468,1980,1540,1848,1183,1874
1449,2113,1874,2011,1679,1724,1679,1848,1840,1638,1927,1780,1896,1423,1739,1961,1644,1961,2207,1638,1903,1423,1614,1679,1644,1638,2040,1840,1739,1416,2192,1821,1821,1644,2093,1906,1735,1883,1416,1848,1976,1883,1864,1614,1936,1423,1906,1929,1896,2093
1899,1468,1468,1183,1848,1649,1848,1676,1821,1859,1468,2201,1755,1891,1698,1619,2404,1632,2004,1899,1885,2015,1183,1896,1651,1883,2093,1183,1902,1749,2272,1749,2227,1901,1649,1468,1874,1755,2207,1933,2024,1891,1906,1755,2093,1632,2118,1906,1848,2207
1944,1633,1848,1859,1997,1633,1663,2052,1864,1867,1625,2027,1906,2074,1416,1416,1896,1821,1625,2027,1449,1812,1423,1907,1416,2093,1923,1416,1553,2160,1423,1679,1632,2001,2058,1484,1638,1859,1848,1679,1484,2093,1449,1484,2207,1839,1864,1700,1423,1423
1590,1677,2051,1619,1954,1749,1848,1755,1821,1749,1930,1891,1812,1947,1812,2043,1619,1891,2040,1812,1767,1183,1943,1649,1849,1682,2040,1930,2250,1929,1954,1183,1183,2027,1183,1651,1767,1755,2250,1943,1993,1698,2029,2069,1856,2027,1183,2029,2024,1590
1961,1793,2294,2060,1423,1811,2084,2239,1590,2245,2052,1923,1511,1956,2052,1923,1633,1793,1633,1812,1449,1821,1923,2060,1793,1423,1423,1679,1638,1679,1943,2080,1765,1812,1954,1797,1961,1676,1679,1907,1679,1895,1812,1812,2052,1956,2027,1423,1895,1677
1698,2139,1677,1998,1755,1698,1793,1793,1767,1895,2200,1682,1767,1957,2139,1895,1793,1855,1956,2171,2239,1755,1774,1755,1793,2007,1812,1682,2328,1885,1619,1677,1767,1855,1943,1719,2007,2252,1183,1954,1954,1774,1183,1943,1183,1590,2126,2240,2206,1980
1603,2009,1765,1793,2239,1590,1907,1855,1423,2242,1998,2240,2083,1677,1584,1929,1793,2209,1797,1998,1836,1836,1929,1943,1590,2132,1677,1774,2235,1855,1918,1943,2328,1765,1677,1774,1423,1907,2009,1793,1885,2278,1956,1709,1774,1679,1812,1885,1933,2171
1677,1774,1915,1855,2012,2151,2055,2427,1855,2178,1885,1709,1996,1793,1774,1789,1682,1789,2284,1818,2207,2214,1183,1998,2255,1980,2097,2084,2009,1812,1885,1943,2214,2065,1972,1812,2065,2222,2214,1590,2178,1570,1698,1677,2094,1698,1698,2214,1709,2055
2178,2242,1774,1996,1633,2069,1907,1891,1812,1789,2173,2214,2447,1827,1774,1996,1789,1797,2091,1972,1622,2214,2086,1447,2069,1789,2248,1774,1812,1423,2079,2454,2284,1943,2160,1709,1590,2178,1447,2160,1765,2114,2029,2178,1885,1972,1765,1965,2354,1603
1789,2045,1943,2231,1543,2108,1804,2069,1183,1630,1709,2072,1698,1943,2040,2175,1885,2106,1543,1630,2019,2160,2160,1965,1682,1630,1859,1943,2069,2040,1682,2006,2092,1789,2335,1789,2040,1740,2092,1774,1543,1590,2069,2006,1682,1774,1891,1774,1698,1698
2423,1789,1774,2092,1447,1914,1943,2114,2072,1794,2060,2354,1684,1411,2090,1907,1590,1684,1517,2284,1986,2069,1393,1943,1411,1765,2160,2160,1789,1765,1411,1393,1907,2069,2069,2124,2037,2129,1969,2116,1633,2160,1885,1865,2174,1633,1590,1789,1765,1907
1703,2058,1682,1682,2072,1899,1703,2175,2394,1907,1943,1899,2100,1543,1630,1789,1698,2249,2072,1885,1789,1654,1943,1703,1943,2404,2121,1789,1462,1774,1966,1698,1789,1652,1684,2231,2070,1630,1630,1703,1885,2120,2069,1684,1789,1703,2058,2037,1698,1803
1684,1789,1789,1943,2071,1789,1943,1684,2161,1614,1979,1986,1943,1684,2058,1411,2147,2069,1936,2146,1411,1899,1447,1907,2070,2329,2059,1447,1907,2036,1941,2058,1774,1966,1979,2315,1736,2146,2077,1907,1633,1411,1684,1936,2193,1899,2060,1943,1966,2146
1789,2000,2058,2060,1907,2146,1979,2146,2071,1851,2049,2193,1842,1774,1892,2276,2077,2059,1684,1960,2058,2000,2058,1630,2059,1684,2181,2060,1803,2065,1851,1543,1997,1529,1857,1943,1892,1962,2079,1943,1943,1684,1997,1789,1630,1861,1966,1960,1630,2059
1447,1946,2146,2212,1789,2058,1647,1681,1976,1851,1966,2008,1936,1943,2036,1774,1851,1936,1946,2146,2008,1990,1851,2008,2053,1447,1647,1501,2059,1785,1647,1501,2008,1959,1892,1941,2053,2058,1501,1647,1938,2036,1958,1936,2080,2053,1789,1851,2102,1789
2000,1981,1681,1789,1851,1789,1681,1842,2216,1945,1879,1529,1872,1529,2227,1872,1803,2146,1915,2019,1739,1960,1946,1774,1861,1681,1646,2115,1938,1946,1842,2227,1739,1529,1959,2059,2115,1789,1851,1842,1938,2037,1661,2058,1630,1842,1915,1979,1872,1979
1681,2227,2002,1752,2354,1976,1752,1938,1860,1988,2044,1916,2013,2155,1988,1851,1789,1857,2541,1647,1981,2092,1647,1501,1976,1803,1857,1959,1890,1948,1857,1857,1946,2008,1976,1341,1946,1976,2154,1813,1681,1948,2009,2036,1789,1803,1890,2017,2020,1647
1857,2493,1915,1857,1993,1646,2064,1661,1915,1938,1646,1948,1960,1813,1872,2227,2091,1996,2020,1948,2463,1915,2190,1906,1842,1681,1946,1890,2069,1789,1842,1946,1842,2064,1842,2017,2241,1661,2123,2359,2009,1842,2227,1906,1529,2069,1686,1857,1861,2074
