2703,2702,2702,2702,2702,2702,2702,2702,2652,2373,2311,2702,2702,2651,2558,2702,2702,2453,2702,2405,2702,2311,2702,2702,2311,2510,2558,2702,2702,2702,2702,2702,2702,2702,2702,2702,2651,2702,2702,2702,2702,2703,2653,2702,2702,2702,2703,2652,2653,2702
2680,2702,2702,2557,2456,2699,2700,2407,2460,2655,2551,2456,2681,2702,2600,2407,2661,2889,2456,2504,2456,2788,2456,2521,2505,2699,2699,2460,2702,2557,2701,2701,2521,2650,2699,2407,2600,2650,2460,2405,2460,2702,2557,2702,2702,2456,2699,2353,2456,2702
2600,2510,2600,2453,2597,2652,2457,2453,2608,2701,2283,2320,2320,2283,2650,2510,2504,2320,2650,2457,2357,2699,2456,2457,2605,2510,2407,2457,2320,2503,2481,2458,2405,2600,2460,2455,2320,2373,2460,2510,2373,2455,2597,2456,2457,2600,2510,2457,2453,2283
2405,2420,2509,2640,2535,2456,2410,2210,2456,2312,2420,2456,2602,2571,2210,2212,2420,2399,2210,2212,2420,2409,2210,2420,2571,2571,2510,2409,2210,2420,2436,2407,2332,2456,2504,2312,2332,2468,2436,2267,2018,2456,2510,2625,2210,2553,2510,2312,2413,2267
2162,2278,2476,1978,2405,2019,2405,2350,2600,2115,2306,2350,2283,2256,2313,2316,2388,2312,2600,2306,2115,2400,2283,2380,2283,2283,2459,1978,2505,2312,2278,2283,2162,2350,2283,2350,2313,2373,2278,2350,2256,2457,2312,2283,2115,2283,2256,2283,2283,2285
2357,2335,2209,2319,2295,2274,2210,2209,2210,2310,2199,2210,2312,2399,2235,2266,2400,2161,2210,2407,2266,2312,2312,2307,2257,2270,2399,2113,2210,2113,2335,2239,2400,2059,2065,2113,2210,2407,2399,2230,2210,2199,2315,2059,2313,2257,2210,2210,2065,2314
2318,2380,2022,2162,1967,1967,2350,2235,2350,1978,2159,2159,2350,2022,2162,2256,2431,2162,2350,2210,2350,2162,2235,2355,2013,2360,2256,2278,2278,2270,2316,2214,1967,2291,2350,2088,2350,2159,2278,2318,2162,2132,2163,2162,2159,2364,2259,2210,1978,2210
2097,2230,2208,2320,2399,2119,2230,2260,2210,2108,2301,2230,2160,2053,2108,2160,2059,2223,2400,2199,2210,2059,2119,2210,2210,2209,2202,2276,2059,2160,2199,2260,2202,2065,2307,2260,2210,2131,2209,2208,2210,2276,2355,2223,2307,2053,2202,2237,2230,2214
2247,2109,1871,2113,1978,2108,1967,2207,2132,2301,2068,2005,2204,2279,2088,2005,2350,2005,2005,2235,2207,1963,2132,1978,2132,1967,1978,2108,2253,2068,1845,2245,2247,2308,2109,2177,2301,2157,2253,2210,2113,1964,2210,1967,2160,1964,1967,1978,2132,1871
2118,2161,2108,1824,2080,1824,2178,2053,2080,2223,2202,2053,2109,2230,2053,2216,2330,2109,2053,2230,2080,2053,2202,2203,1965,1890,2046,2223,1965,2202,2223,2202,2118,2203,2223,1890,1824,1824,2247,2118,1972,2118,2118,2165,1965,2114,2202,2114,2053,2202
1871,2028,1987,1909,1987,2028,1946,1871,2091,1967,1909,2177,1946,1998,2182,1967,1830,1967,2029,2175,2108,2005,1871,2180,2005,1963,1902,1824,2005,1967,1830,1871,1963,1944,2012,1967,1967,1830,1998,1978,1946,1871,2153,1963,2005,1871,1902,2186,1967,1871
2098,2133,2080,2112,1827,1972,1942,1765,2080,2042,1986,1896,2050,2017,1828,1827,2098,2066,2101,2029,1896,1955,1965,2100,1942,1896,2202,2053,1899,2118,1972,2029,2080,2109,1827,1890,1986,2100,1924,2080,1828,1977,1890,1765,1824,2146,1972,1899,2025,1960
2054,1830,1900,2111,1915,2063,1963,1967,2125,1732,2093,1616,2063,1957,2115,1963,1956,1963,1869,1998,2221,1963,1913,1869,1957,1833,1963,1922,1900,1732,1909,2063,1869,1900,1957,1830,2068,1967,1922,2038,1915,2068,1869,2077,1833,2038,1830,1963,1909,2093
1817,2019,2031,1896,2050,1896,1896,1896,1845,2100,2175,2100,2013,2080,2050,1899,1840,1896,2030,2003,1595,1979,1896,1817,2013,2080,1896,1991,2116,2080,2106,1979,2080,1896,2061,1915,2040,1817,1896,1986,2013,2019,1896,2013,1896,1896,2053,2030,1991,1896
1909,1841,1910,1616,1922,1869,1706,1830,1616,1869,1869,1830,1726,1922,1867,1869,1957,1616,1817,1909,1922,1616,2094,1726,1869,1869,1867,1869,1869,1869,1706,1869,1869,1869,1869,1923,1817,1616,2050,1869,1997,1817,1732,1706,1869,1830,1869,1909,1869,1957
1817,1679,1679,1801,1531,1817,1535,1896,1896,1818,1837,1746,1738,1801,1679,1870,1870,2028,1763,1535,1850,1763,1679,1881,1801,1679,1896,2037,1909,1679,1896,1679,1916,1817,1970,1535,1818,1896,1896,1970,1818,2050,1850,2030,1531,1818,1753,1738,1896,1896
1726,1993,1869,1922,1872,1869,1872,1833,1777,1872,1856,1856,1982,1726,1726,2015,1807,1869,1726,1726,1909,1968,1869,1817,1777,1856,1869,1909,1777,2142,1628,1726,1628,1777,1799,1872,1869,1628,1726,1799,1922,1909,1807,1679,1872,1872,1726,1872,1726,1628
1650,1535,1967,1818,1535,1539,1679,1531,1818,1721,1535,1679,1708,1817,1650,1679,1817,1679,1535,1679,1679,1818,1679,1535,1535,1679,1679,1645,1535,1880,1681,1679,1801,1531,1679,1880,1539,1680,1679,1679,1818,1535,1531,1818,1531,1535,1531,1818,1681,1880
1640,1640,1872,1777,1872,1842,1805,1726,1628,1864,1726,1723,1726,1777,1858,1858,1726,1805,1799,1777,1726,1889,1508,1872,1726,1872,1890,1777,1723,1628,1834,1660,1508,1725,1858,1777,1508,1726,1723,1799,1640,1853,1726,1777,1723,1777,1508,1508,1872,1628
1708,1531,1793,1535,1531,1535,1535,1793,1535,1535,1539,1535,1880,1676,1679,1676,1648,1651,1744,1531,1531,1535,1535,1535,1648,1535,1818,1535,1648,1648,1627,1855,1811,1791,1788,1788,1679,1847,1535,1531,1648,1535,1535,1679,1531,1776,1531,1535,1776,1535
1777,1777,1773,1654,1503,1777,1777,1799,1640,1503,1777,1777,1777,1693,1693,1806,1640,1879,1853,1806,1772,1772,1640,1640,1654,1619,1503,1772,1640,1799,1777,1777,1870,1777,2012,1640,1796,1777,1799,1777,1654,1704,1777,1503,1777,1582,1777,1640,1780,1777
1739,1648,1531,1535,1535,1707,1983,1535,1648,1648,1531,1535,1535,1648,1675,1531,1531,1535,1675,1535,1535,1535,1535,1535,1535,1765,1648,1675,1725,1535,1627,1648,1765,1648,1535,1535,1535,1739,1618,1648,1535,1535,1831,1531,1535,1648,1739,1535,1535,1784
1502,1901,1768,1640,1777,1640,1640,1640,1640,1503,1640,1777,1777,1777,1777,1812,1503,1602,1777,1640,1832,1503,1640,1602,1503,1865,1640,1503,1777,1777,1640,1640,1799,1640,1777,1502,1640,1640,1777,1777,1768,1640,1893,1540,1772,1777,1777,1640,1640,1768
1535,1648,1535,1648,1535,1535,1648,1535,1595,1535,1535,1648,1675,1739,1535,1496,1535,1648,1595,1535,1535,1535,1636,1648,1535,1648,1531,1535,1739,1648,1648,1648,1648,1535,1535,1535,1732,1531,1739,1595,1535,1627,1535,1535,1739,1595,1621,1535,1535,1535
1777,1640,1640,1640,1640,1684,1806,1640,1576,1503,1503,1777,1503,1723,1503,1640,1503,1626,1640,1777,1503,1684,1640,1669,1640,1777,1503,1745,1640,1640,1576,1768,1617,1870,1503,1777,1617,1576,1503,1777,1777,1503,1777,1617,1686,1640,1777,1669,1503,1640
1535,1636,1535,1616,1535,1535,1535,1535,1535,1780,1709,1535,1535,1581,1648,1535,1535,1648,1648,1641,1984,1636,1535,1636,1535,1535,1870,1622,1648,1806,1648,1641,1535,1535,1535,1648,1641,1648,1545,1648,1636,1535,1535,1636,1572,1535,1648,1648,1622,1636
1576,1640,1640,1640,1576,1792,1777,1640,1640,1576,1672,1839,1715,1640,1593,1640,1576,1777,1806,2006,1640,1777,1576,1715,1777,1792,1606,1640,1771,1640,1771,1640,1640,1777,1722,1640,1576,1643,1640,1606,1777,1643,1576,1576,1640,1576,1640,1777,1640,1527
1802,1648,1648,1636,1544,1596,1823,1648,1648,1535,1535,1544,1648,1648,1636,1648,1535,1535,1648,1648,1742,1636,1535,1535,1648,1636,1636,1592,1648,1535,1535,1762,1535,1727,1537,1636,1880,1535,1596,1806,1742,1596,1648,1648,1544,1648,1535,1985,1674,1870
1777,1576,1777,1640,1640,1830,1723,1508,1508,1576,1640,1786,1929,1640,1830,1777,1885,1576,1576,1640,1640,1640,1576,1640,1640,1643,1777,1576,1576,1640,1508,1576,1777,1576,1533,1720,1677,1576,1533,1533,1745,1777,1576,1640,1640,1576,1640,1777,1722,1576
1535,1665,1544,1627,1596,1636,1648,1596,1636,1636,1486,1614,1535,1535,1636,1648,1636,1648,1486,1535,1544,1650,1596,1633,1665,1699,1535,1868,1596,1636,1535,1648,1456,1614,1544,1596,1535,1633,1636,1648,1636,1636,1636,1596,1456,1596,1786,1614,1648,1535
1576,1545,1576,1576,1830,1667,1576,1576,1545,1576,1576,1522,1576,1576,1576,1576,1576,1745,1646,1969,1777,1640,1522,1848,1501,1576,1501,1576,1845,1793,1793,1670,1626,1576,1576,2000,1793,1576,1820,1777,1777,1640,1522,1667,1646,1576,1576,1501,1699,1533
1636,1565,1601,1636,1636,1636,1602,1529,1636,1601,1495,1987,1535,1334,1601,1536,1778,1686,1665,1582,1636,1916,1648,1621,1759,1582,1636,1636,1686,1535,1897,1582,1529,1334,1535,1535,1529,1648,1636,1636,1619,1536,1673,1630,1495,1636,1535,1636,1529,1614
1539,1576,1576,1576,1533,1720,1576,1777,1696,1621,1720,1576,1576,1576,1576,1405,1576,2008,1576,1576,1576,1772,1576,1640,1576,1405,1576,1664,1576,1621,1576,1576,1576,1576,1879,1777,1533,1576,1576,1701,1576,1664,1830,1533,1733,1822,1578,1501,1576,1576
1334,1636,1636,1636,1534,1636,1867,1535,1636,1334,1526,1334,1334,1565,1636,1535,1636,1636,1636,1535,1636,1665,1534,1334,1476,1334,1636,1636,1334,1663,1639,1636,1665,1636,1534,1636,1636,1639,1565,1334,1636,1579,1636,1768,1529,1636,1636,1636,1636,1866
1568,1576,1636,1576,1576,1537,1405,1855,1540,1636,1568,1576,1576,1533,1576,1882,1576,1538,1576,1576,1591,1576,1576,1576,1720,1538,1720,1576,1538,1591,1576,1576,1576,1576,1696,1405,1576,1696,1576,1576,1533,1405,1718,1478,1576,1533,1576,1576,1533,1591
1636,1665,1529,1617,1526,1636,1622,1334,1636,1636,1636,1636,1636,1533,1636,1334,1636,1539,1636,1636,1451,1334,1334,1760,1636,1334,1334,1529,1526,1477,1698,1665,1334,1526,1636,1636,1617,1513,1533,1717,1513,1790,1636,1617,1529,1636,1229,1866,1636,1529
1576,1576,1576,1434,1576,1576,1720,1576,1689,1405,1576,1480,1405,1533,1405,1576,1576,1576,1965,1576,1405,1576,1405,1552,1434,1682,1576,1576,1576,1552,1576,1711,1576,1405,1434,1576,1576,1576,1803,1533,1630,1576,1576,1576,1576,1576,1720,1576,1576,1576
1636,1636,1545,1513,1634,1526,1636,1229,1636,1665,1636,1503,1636,1545,1526,1334,1636,1693,1526,1229,1545,1636,1636,1636,1334,1526,1477,1665,1526,1526,1477,1229,1636,1636,1636,1636,1636,1229,1526,1526,1526,1526,1636,1229,1636,1229,1526,1526,1572,1636
1532,1405,1434,1533,1405,1576,1434,1405,1891,1533,1405,1532,2077,1405,1767,1650,1405,1405,1505,1527,1405,1576,1405,1405,1576,1405,1608,1581,1576,1434,1405,1470,1405,1405,1417,1405,1576,1405,1405,1581,1405,1470,1434,1576,1533,1576,1434,1527,1527,1532
1229,1913,1650,1229,1636,1526,1526,1526,1229,1526,1526,1526,1746,1229,1229,1526,1229,1633,1602,1526,1636,1203,1526,1526,1633,1756,1229,1755,1453,1453,1229,1630,1526,1229,1497,1497,1526,1203,1526,1526,1586,1526,1636,1630,1526,1636,1749,1453,1588,1229
1891,1548,1616,1405,1405,1434,1405,1685,1616,1576,1405,1331,1405,1405,1405,1405,1434,1726,1405,1405,1405,1434,1434,1405,1405,1782,1405,1405,1434,1405,1405,1434,1434,1405,1405,1434,1405,1405,1434,1576,1434,1532,1405,1434,1685,1434,1405,1405,1405,1405
1526,1580,1229,1526,1526,1229,1470,1420,1497,1199,1675,1420,1229,1526,1229,1229,1229,1229,1526,1229,1229,1526,1470,1229,1387,1526,1526,1229,1526,1420,1229,1526,1497,1526,1526,1526,1229,1526,1526,1497,1229,1229,1420,1229,1526,1526,1229,1229,1199,1776
1405,1277,1819,1405,1296,1405,1405,1296,1405,1872,1405,1296,1405,1685,1405,1434,1434,1405,1277,1434,1434,1434,1405,1296,1405,1685,1405,1405,1639,1377,1377,1405,1405,1667,1405,1434,1434,1434,1372,1405,1405,1405,1434,1405,1405,1405,1405,1434,1529,1405
1526,1526,1497,1526,1620,1526,1526,1644,1526,1229,1526,1526,1229,1526,1430,1229,1229,1229,1229,1497,1601,1526,1503,1229,1229,1497,1503,1497,1526,1526,1229,1229,1229,1387,1229,1526,1503,1526,1526,1497,1526,1526,1526,1497,1526,1526,1497,1526,1526,1526
1405,1405,1405,1911,1675,1405,1434,1434,1405,1405,1405,1422,1405,1405,1726,1405,1405,1405,1434,1405,1405,1434,1405,1367,1405,1564,1434,1405,1405,1405,1374,1374,1405,1708,1367,1434,1277,1779,1374,1405,1405,1600,1434,1564,1405,1434,1405,1434,1405,1405
1588,1526,1229,1229,1229,1547,1401,1229,1229,1526,1229,1526,1229,1594,1526,1229,1587,1526,1526,1229,1430,1526,1401,1776,1401,1526,1526,1547,1526,1526,1401,1526,1503,1229,1916,1229,1526,1909,1526,1526,1526,1229,1817,1526,1229,1590,1526,1675,1229,1229
1434,1518,1405,1546,1721,1405,1434,1405,1405,1434,1405,1405,1546,1605,1405,1405,1405,1434,1434,1546,1405,1434,1468,1405,1405,1405,1405,1434,1405,1405,1405,1518,1434,1405,1405,1546,1405,1950,1405,1434,1405,1405,1405,1405,1405,1405,1434,1405,1405,1498
1457,1526,1229,1999,1526,1526,1526,1229,1229,1229,1229,1671,1229,1526,1229,1401,1229,1526,1526,1526,1526,1526,1229,1526,1229,1526,1229,1229,1526,1526,1526,1526,1526,1526,1526,1526,1229,1769,1526,1526,1526,1229,1229,1229,1526,1526,1229,1229,1229,1229
1487,1405,1405,1434,1405,1405,1405,1405,1405,1120,1948,1405,1405,1120,1405,1405,1405,1405,907,1405,1405,1405,1405,1530,1637,1434,1405,1405,1405,1405,1405,1434,1405,1405,1487,907,1405,1405,1292,1405,1434,1405,1405,1405,1405,1405,1434,1405,1120,1709
1676,1526,1229,1526,1363,1526,1548,1526,1526,1526,1645,1526,1526,1526,1229,1229,1526,1576,1363,1526,1526,1709,1363,1548,1404,1229,1526,1526,1526,1674,1526,1526,1526,1229,1526,1526,1581,1229,1404,1526,1526,1526,1658,1526,1526,1676,1229,1480,1526,1229
1405,1434,1405,1565,1405,1405,1405,1434,1405,1405,1405,907,1405,1507,1487,1405,1434,1405,907,1405,1405,1405,1343,1405,1405,1477,1487,1405,1336,1405,1405,1343,1405,1434,1405,1405,1405,1405,1405,1405,1405,1405,1405,1405,1434,1675,1342,1405,1336,1801
1526,1362,1526,1526,1499,1526,1526,1363,1290,1548,1304,1229,1290,1229,1229,1526,1480,1526,1526,1499,1229,1526,1492,1526,1526,1229,1229,1526,1229,1526,1304,1480,1426,1526,1526,1526,1389,1362,1290,1362,1548,1526,1383,1426,1526,1363,1526,1229,1526,1526
1405,1306,1405,1405,1405,1434,1865,1405,1434,1405,1405,1405,1398,1405,1487,1405,1487,1760,1405,1405,1398,1456,1405,1405,1405,1405,1405,1306,1405,1398,1405,1405,1800,1405,1405,1434,1481,1306,1405,1405,1434,1405,1405,1396,1474,1434,1405,1405,1720,1434
1229,1713,1924,1526,1229,1526,1526,1526,1790,1517,1499,1526,1229,1474,1526,1499,1526,1526,1473,1526,1229,1229,1517,1499,1526,1713,1229,1526,1229,1526,1526,1229,1526,1499,1229,1526,1526,1229,1229,1290,1526,1423,1526,1526,1229,1526,1526,1526,1473,1229
1405,1434,1357,1405,1405,1462,1456,1405,1405,1583,1405,1576,1387,1366,1434,1405,1434,1434,1462,1405,1405,1434,1405,1434,1405,1566,1405,1405,1434,1405,1405,1405,1434,1060,1405,1537,1405,1434,1434,1405,1405,1060,1357,1405,1405,1357,1405,1434,1405,1405
1129,1229,1229,1229,1346,1229,1526,1526,1296,1535,888,1370,888,1229,1129,1526,1229,1229,1526,1346,1488,1803,1229,1129,1129,1229,888,1370,888,1370,1526,1481,1229,1526,1229,1526,1490,1301,1229,1526,1457,1526,1229,1301,1229,1229,1229,1677,1526,1490
1771,1387,1259,1405,1434,1227,1434,1659,1715,1659,1434,1405,1405,2145,1434,1437,1387,1363,1363,1614,1259,1434,1405,1434,1619,1405,1405,1393,1363,1259,1393,1393,1434,1405,1650,1405,1372,1405,1405,1363,1405,1227,1405,1650,1462,1227,1363,1372,1437,1434
1300,1526,1474,1471,1229,1433,1229,1488,1229,1526,1229,1239,1570,1803,888,1433,1622,1996,1471,1620,1474,1526,1229,1732,1229,1229,1511,1346,1229,1394,1474,888,1474,1526,1474,1300,1526,888,1526,1511,1488,1229,1229,1622,1229,1471,1666,1229,1676,1229
1731,1614,1595,1479,1470,1405,1462,1434,1462,1470,1227,1677,1731,1387,1434,1372,1659,1478,1434,1700,1470,1393,1478,1575,1434,1727,1227,1405,1405,1405,1309,1555,1682,1393,1564,1434,1614,1535,1750,1434,1677,1434,1434,1405,1434,1614,1700,1434,1434,1372
1229,1229,1364,1433,1433,1488,1437,1433,1676,1300,1229,1433,1417,1229,1229,1130,1229,888,1229,1666,1447,1364,1239,1471,1605,1239,1229,1471,1130,1471,1553,1229,1229,888,1229,1335,888,1229,1364,1229,1471,1229,1229,1363,888,1363,1229,1300,1488,1229
1434,1434,1434,1434,1434,951,1548,951,1434,1535,1434,1434,1434,1434,1434,1434,1434,1614,1434,1434,951,951,1434,1434,1371,1434,1434,1434,1434,1489,1376,1434,1260,1535,1434,1434,1511,1614,1731,1434,1728,1652,1614,1371,1434,1470,1260,1434,1536,1434
888,1576,1041,888,1610,1229,1229,1229,1229,1229,1556,1229,1229,1041,1229,888,1041,1229,1229,888,1229,1229,1229,1229,1492,1492,1229,1229,1556,1229,1229,1229,1184,1229,1229,1229,1229,1229,1229,1229,1229,1229,1229,1538,1229,1229,1755,1229,888,1229
1434,1434,1385,1434,1434,1249,1434,1438,1434,1434,1434,1235,1434,1434,1434,1434,951,1434,1434,1434,1434,1434,1235,1434,1235,1319,951,1319,1434,1434,1434,1434,1434,1434,1434,1434,1434,1434,1434,1438,1434,1434,1434,1434,1371,1418,1319,951,1434,1385
1229,952,1229,1190,1229,1184,1229,1229,1229,1229,1229,1556,1556,1229,1229,1542,1184,1197,1229,1229,1229,1826,1229,1229,1229,1229,1229,1190,1408,1556,1229,1542,1184,1229,1229,1184,1229,1229,1229,1229,1229,1229,1229,1229,1229,1229,1229,1390,1229,1229
1434,1636,1243,1434,1434,1567,1434,951,1434,1434,1243,951,1261,1319,951,1434,1434,1385,1422,1385,1156,1434,1266,1434,1434,1434,1434,1235,1266,1434,1376,1434,1385,1261,1434,951,1156,1434,1235,1434,1235,951,1434,1434,1434,1261,1156,1376,1434,1567
1229,1229,1229,1228,1229,1556,1229,1229,1229,1229,1556,1162,1354,1098,1229,1229,1414,1184,1162,1556,1229,1098,1229,1556,1184,1229,1229,1098,1184,1229,1229,1229,1632,1098,1184,1228,1229,1162,1229,1734,1229,1556,1062,1229,1098,1229,1184,1542,1635,1229
1434,1546,951,1434,1303,1378,1379,1156,1385,951,1434,951,1385,1379,1389,951,1434,1358,1201,1434,951,1173,951,1434,1434,1385,1201,1385,1201,1434,1173,1429,1266,951,1546,951,1156,1156,951,951,1434,951,1434,1569,1434,1434,1434,951,1434,1378
1062,1229,1389,1229,1184,1414,1229,1015,1119,1206,1194,1184,1229,1229,1229,1384,1556,1184,1229,1229,1184,1005,1554,1184,1229,1414,1184,1479,1389,1229,1805,1194,1229,1908,1005,1184,1496,1414,1119,1119,1229,1229,1554,1414,1556,1384,1389,1229,1015,1556
1595,1519,1156,1156,1095,1156,1156,1156,1385,1385,1095,1569,1434,1156,1156,1330,1434,1434,1678,1248,951,1156,1385,1434,1742,1497,1385,1434,1434,1434,1385,1385,1583,1385,951,1385,951,1720,1434,1434,1385,1385,951,1385,1569,1720,1095,1508,1569,1385
1010,1184,1184,1229,1229,1693,1481,1184,1291,1414,1010,1194,1184,1184,1184,1184,1184,1229,1414,1184,1184,1556,1184,1184,1414,1194,1229,1184,1184,1229,1184,1184,1010,1556,1229,1414,1229,1414,1184,1184,1184,1229,1184,1184,1229,1184,1184,1229,1229,1414
1385,1803,1515,951,951,1156,1385,1385,1434,1268,1515,1385,1385,951,1156,1156,1156,1315,951,1268,1515,1315,1385,1385,1156,1385,1156,1385,1434,951,1385,1268,1434,1373,1434,1156,1315,1156,1385,951,1385,1385,1385,1409,1409,951,1434,1385,1385,1385
1184,1184,1184,1184,1184,1184,1184,1010,1414,1469,1184,1184,1184,1229,1149,1184,1184,1184,1184,1010,1184,1184,1414,1184,1184,1193,1184,1229,766,1229,1377,1195,1184,1229,1267,1377,1383,1377,1184,766,1184,1184,1184,1556,1184,1184,1184,1184,1184,1229
1349,1385,1385,1385,1385,1385,1385,1385,1385,1385,1385,1178,1385,1385,1191,951,1156,1357,1385,1156,951,1156,1156,1385,1434,1385,1385,1434,951,1178,1385,1434,1749,1385,1385,1385,1156,1710,1268,1638,1385,1385,1434,1268,1385,1191,1385,1385,1385,1434
1184,1184,1414,1184,1184,1184,1229,1184,1414,1414,1229,1139,1184,1469,1414,1139,1372,1184,1184,1184,1372,1608,1139,1184,1184,1184,1184,1184,1429,1184,1229,1556,1184,1184,1184,1139,1184,1184,1184,1184,1139,1184,1184,1184,1139,1596,1184,1184,1184,1184
1111,1955,1704,1385,1206,1385,1178,1385,1385,1385,1434,1385,1385,1268,1178,1156,1206,1385,1358,1385,1068,1385,1385,1077,1358,1385,1311,1156,1385,1156,1206,1385,1156,1385,1385,1385,1385,1156,1156,1068,1385,1358,1111,1156,1385,1178,1385,1156,1385,1206
1184,1506,1786,1184,1148,1184,1261,1184,1184,1184,1184,1184,1184,1792,1414,1138,1184,1138,1469,1184,1184,1184,1327,1184,1184,1441,1720,1414,1148,1414,1184,1184,1414,1184,1584,1184,1184,1184,1184,1184,1414,1184,1397,1457,1327,1184,1397,1148,1184,1184
1385,1156,1385,1385,1385,1385,1156,1385,991,1156,1385,1077,1556,1268,1156,1156,1073,1894,1495,1077,1385,1661,1385,1156,1385,1385,1385,1156,1385,1073,1077,1385,1385,1233,1385,1385,1156,1156,1722,1073,1385,1373,1385,1235,1156,1596,1385,1268,1068,1672
1184,1184,1271,1184,1184,1229,1184,1647,1184,1138,1414,1271,1184,1261,1414,1730,1184,1184,1680,1184,1184,1730,1184,1184,1414,1184,1184,1414,1184,1184,1184,1184,1184,1820,1184,1184,1680,1209,1184,1184,1184,1457,1184,1327,1375,1414,1184,1184,1184,1184
1385,1073,1156,1156,1156,1385,1385,1385,991,1227,1156,1156,1385,1385,1228,1660,1156,1156,991,1926,1385,1385,1385,1385,1156,1156,1385,1156,1156,1228,1385,1660,1385,1156,1385,1156,1696,1385,1385,1156,1385,1262,1077,1156,1227,1385,1385,1156,1385,1073
1414,1184,1497,1184,1184,1457,1457,1184,1184,1184,1414,1184,1184,1184,1338,1184,1184,1184,1367,1367,1414,1414,1184,1414,1165,1296,1271,1452,1414,1414,1184,1414,1184,1271,1184,1184,1271,1184,1184,1414,1184,1184,1414,1414,1165,1414,1184,1184,1184,1338
1156,1308,1156,1156,1227,1385,1839,1156,1156,1156,1156,1308,1385,1156,1385,1512,1463,1156,1156,1385,1512,1156,1308,1385,1156,1156,1156,1156,1385,1156,1156,1156,1308,1385,1385,1156,1227,1385,1385,1156,1385,1227,1156,1227,1512,1385,1156,1385,1308,1156
1207,1457,1546,1184,1414,1184,1222,1414,1184,1222,1194,1414,1414,1184,1222,1184,1414,1599,1184,1184,1194,1312,1457,1184,1184,1414,1414,1414,1414,1184,1184,1281,1414,1414,1184,1184,1457,1271,1414,1184,1184,1184,1414,1457,1184,1184,1261,1414,1538,1184
1156,1156,1156,1156,1156,1358,1385,1385,1385,1385,1385,1156,1156,762,1785,1156,1156,1156,1257,1156,1156,1385,1385,1385,1385,1300,1256,1257,1156,1385,1156,1111,1156,762,1512,1628,1156,1385,762,1385,1156,1156,1385,1715,1385,1385,1156,1385,1715,1156
1414,1184,1184,1184,1184,1414,1194,1303,1184,1566,1414,1184,1184,1184,1414,1548,1184,1414,1194,1369,1184,1184,1184,1184,1414,1160,1271,962,962,1414,1184,1414,1160,1303,1184,1271,1414,1194,1566,1184,1184,1184,1416,1184,1271,1184,1271,1184,1414,1160
1256,1156,1156,1156,1156,1256,1400,1156,1385,869,1697,1385,762,1385,1340,1385,1156,1564,1156,1156,1156,1385,1521,1256,1156,1156,1256,1385,1283,1521,1156,1385,1156,1564,1340,1385,1256,762,1385,1155,1156,1385,1156,1362,1385,1385,762,1156,1156,1385
1255,1414,1184,1446,1303,962,1592,1513,1184,1414,1500,1416,1414,1316,1271,1303,1560,1271,1271,1184,1303,1255,1184,1184,1592,1414,1271,1303,1037,962,1414,1414,1414,1271,1414,1184,1369,1414,1414,1271,1414,1184,1255,1271,1184,1316,1369,1271,1303,1184
1156,1385,1156,1156,762,1156,1256,1156,1052,1156,1256,1385,1810,1731,1748,1651,1156,1156,762,1156,1256,1156,1156,1052,1156,1156,1156,1416,1385,1156,1256,1256,1156,1340,1156,1385,1291,1052,1156,1156,1256,1156,1697,1156,1362,1156,1385,1156,1385,1651
1269,1269,1084,1269,1269,1184,1414,1303,1184,1414,1184,1269,1271,1184,1303,1828,1414,1958,1303,1414,1303,1269,1271,1303,1303,1184,1255,1303,1303,962,1255,1184,962,1369,1313,1184,1828,1255,1157,1414,1241,1303,1828,1500,1255,1255,1184,1303,1084,1184
1717,1419,1256,1363,1256,1697,1385,1256,1360,1576,1156,1660,1156,1576,1256,1256,1256,1156,1576,1256,1156,1156,1281,1256,1151,1576,1731,1151,1385,1499,1697,1256,1256,1151,1238,1156,1362,1256,1156,1156,1256,1256,1283,1156,1156,1571,1256,1731,1385,1385
1294,1184,1228,1303,1414,1303,1397,1294,1255,1758,1303,1184,1228,1303,1303,1726,1184,1303,1618,1548,1548,962,1085,1184,1618,1414,962,1414,1228,1303,1269,1303,1303,1184,1184,1269,1184,1185,1184,1303,1269,1303,1303,1303,1294,1185,1185,1414,1269,962
1682,1256,1256,1795,1256,1256,1156,1385,1100,1256,1156,1256,1256,1256,1652,1156,1385,1256,1385,1652,1178,1459,1156,1256,1385,1100,1156,1256,1697,1385,1178,1576,1576,1156,1072,1645,1256,1156,1308,1256,1256,1178,1697,1385,1178,1778,1362,1178,1156,1256
962,1303,1163,1303,1414,1414,1184,1303,1303,1773,1303,1184,1303,1184,1185,1184,1303,1184,888,1163,888,1279,888,1448,1440,1608,1303,1491,1269,1184,1185,962,1332,888,1460,962,1184,1279,1269,1414,1303,1184,1184,888,1184,1184,962,1184,1184,962
1385,1326,1021,1156,1256,1178,1385,1178,1077,1192,1637,1326,1256,1535,1609,1385,1156,1156,1576,1256,1385,1256,1256,1256,1256,1072,1256,1021,1385,1308,1256,1156,1520,1072,1256,1100,1459,1330,1256,1156,1256,1551,1256,1100,1385,1256,1385,1576,1415,1256
1027,1269,1143,1303,1288,1303,1584,1027,1303,1491,1782,1269,1143,1027,1414,1303,1184,1303,1303,1618,1143,1288,1184,1303,1027,1440,1440,1143,1303,1185,1414,1184,1184,1184,1440,1303,1303,1184,1416,1303,1269,1185,1185,1184,1303,1303,1440,1303,1243,1184
1256,1385,1256,1256,1385,1570,1256,1385,1389,1256,1269,1256,1859,1256,1492,1385,1256,1492,1256,1072,1256,1256,1256,1385,1072,1178,1570,1256,1256,1178,1385,1256,1459,1072,1256,1072,1686,1256,1072,1072,1256,1385,1256,1256,1256,1256,1492,1256,1256,1385
1303,1303,1303,1184,1303,1101,1303,1184,1184,1440,1303,1317,1101,1303,1303,1143,868,1317,1143,868,1143,1184,1303,1184,1184,1405,1184,1184,1101,1303,1303,1268,1303,1155,1669,1303,1184,1491,847,1303,1084,1184,1303,939,1184,1184,868,1303,1143,939
1256,1256,1256,1252,1385,1385,1256,1385,1252,1252,1249,1072,1178,1249,1256,1507,1256,1252,1507,1256,1256,1072,1252,1256,1022,1256,1385,1256,1307,1890,1256,1256,1256,1480,1385,1480,1252,1507,1256,1072,1385,1256,1307,1306,1022,1480,1256,1252,1178,1256
1184,1303,868,1303,1241,1303,1303,1570,1303,1184,1480,1303,1184,1241,1200,1303,1303,868,1448,847,1303,1303,1160,1303,868,1184,1184,1491,1303,868,847,1352,1303,1303,1184,1184,868,1303,1241,1303,1160,1491,1184,1317,868,1309,1303,1184,1160,1303
1176,1385,1480,1256,1498,1256,1256,1256,1385,1385,1256,1256,1256,1155,1155,1176,1256,1256,1256,1256,1507,1256,1256,1297,1256,1385,1155,1256,1256,1256,1480,1176,1525,1256,1333,1385,1122,1256,1155,1297,1256,1498,1256,1256,1252,1647,1435,1256,1256,1256
1184,1303,1109,1471,1109,1160,1303,1184,1448,1303,1303,1303,1262,1489,1303,1303,868,1200,1184,1303,1160,1262,1303,1262,1303,1303,1672,1262,1303,1303,1303,1303,1303,1303,1142,1303,1142,868,1632,1299,1303,1160,1303,1184,1303,1184,1241,1303,1160,868
1691,1256,1256,1122,1256,1256,1256,1256,1256,1335,1450,1256,1256,1256,1122,1256,1655,1155,1585,1256,1472,1385,1256,1256,1256,1435,1505,1256,1435,1256,1450,1398,1256,1319,1256,1256,1158,1262,1155,1122,1256,1256,1256,1256,1256,1262,1256,1422,1256,1256
1303,1303,1276,1303,1160,1276,1303,1303,1303,1303,1303,1506,1686,1167,1303,1276,1303,1303,1303,1262,1207,1160,1303,1167,1184,1303,1303,1303,1303,1303,1300,1303,1303,1720,1303,1167,1303,1303,1184,1303,1184,1303,1167,1303,1276,1319,1672,1303,1303,1303
1474,1256,1256,1474,1256,1615,1256,1256,1256,1256,1453,1256,1385,1256,1046,1596,1256,1256,1256,1256,1256,1383,1256,1067,1256,1381,1256,1256,1256,1256,1256,1561,1256,1256,1256,1256,1408,1256,1256,1256,1256,1256,1256,1256,1256,1408,1256,1383,1256,1256
1285,1276,1303,1198,1208,1208,1303,1208,1208,1646,1303,1646,1303,1434,1303,1303,1303,1303,1207,1303,1303,1340,1303,1303,1303,1208,1303,1276,1303,1276,1303,1303,1303,1303,1303,1303,1303,1303,1340,1303,1276,1303,1303,1303,1303,1198,1319,1276,1303,1184
1256,1046,1256,1383,1046,1256,1516,1256,957,1256,1561,1256,1256,957,1256,1256,1256,1256,1383,957,1256,1256,1256,1256,1046,1256,1256,1256,1256,1122,1256,1046,1046,1256,1256,1256,1256,1256,1256,1536,1256,951,1561,1256,1341,1122,1256,1256,1326,1536
1207,1376,1303,1303,1560,1303,1303,1303,1303,1406,1290,1303,1207,1404,1470,1150,1415,1207,1470,1303,1138,1150,1303,1552,1646,1303,1303,1303,1303,1470,1303,1303,1303,1290,1536,1150,1303,1303,1589,1303,1303,1303,1290,1207,1303,1303,1198,1303,1138,1303
957,957,1107,1256,957,1256,1256,1298,1256,1142,1256,1256,1107,1256,1256,1383,957,1272,1142,1256,1256,1298,1468,1256,1256,1256,1256,1256,1383,957,1383,1065,1256,957,1256,865,1256,1256,1258,1256,1256,1600,865,1256,957,1256,1256,1256,957,1680
1383,852,1313,1284,1207,1207,1303,1303,1303,1303,1150,852,1470,1313,1303,1303,1303,1303,1303,1761,1150,1206,1383,1313,1303,1207,852,1303,1206,1207,1406,1303,1643,1404,1303,1206,1303,1470,1406,1303,1415,1207,1407,1303,1303,1150,1303,1206,1206,1303
1107,1142,1651,1256,1256,1129,1256,1256,1256,1383,865,1131,1107,1698,957,1044,1044,1065,1256,1333,1256,1256,1107,1496,957,1256,1256,1256,1256,1256,1236,957,1256,957,1107,1256,1383,865,1107,1131,1256,1236,1107,1065,1256,1425,1256,1065,1334,1820
1303,1340,1577,1457,1303,1307,1194,1303,1303,1623,1371,1207,1303,1207,1207,988,852,1407,1303,1303,852,1455,1194,1303,1303,1640,1261,1303,1194,1303,1303,1284,1303,1303,1313,988,1207,1303,852,1303,1207,1284,1303,1207,852,1303,1313,1313,1640,1303
874,1334,1242,1065,865,1256,1252,1256,1065,1256,1256,1256,1256,1256,1107,1383,1543,1242,1383,1200,1107,1256,1256,1346,1383,1256,1200,1532,1386,1256,1256,1433,1200,1256,874,1256,1563,1065,1065,1568,1256,1256,1256,1256,1433,1423,1780,1256,1256,1065
1246,1519,1012,1303,1012,1284,1303,1307,1142,1246,1303,1313,1303,1382,1303,1142,1207,1284,1303,1303,1207,1303,1207,1303,1284,1142,1303,1284,1012,1303,1407,1284,1303,1246,1303,1303,1303,1284,1303,1207,1012,1303,1303,1284,1303,924,924,1284,1319,1185
1256,1452,865,1065,865,1256,1065,1256,1065,1256,1256,1256,1065,1245,1256,1065,1256,1256,1256,1256,1256,1441,1256,1383,1065,1065,1256,1256,1065,1462,1065,1256,1256,865,1245,1065,1383,1107,1533,1256,1256,1256,1256,1065,1256,1256,1256,1065,1107,1496
1102,1303,1284,1407,1303,1155,1303,1284,1040,1284,1284,1284,1303,1284,1040,1303,1303,1284,1040,1428,1188,1303,1303,1102,1303,1303,1188,1284,1303,1303,1303,1284,1284,1303,1303,1284,1761,1625,1284,1040,1303,1303,1155,1303,1303,1303,1207,1497,1284,1303
1065,1065,1065,865,1256,1065,1356,1065,1479,1065,1065,1256,1587,1065,1065,1256,1065,1256,1256,1383,1065,1256,1065,1587,1065,1256,1256,865,1256,1256,1065,1065,1800,1065,1342,1065,1065,1065,1256,1065,1256,1256,1065,865,1065,1256,1211,1256,1509,1211
1284,1684,1284,1284,1284,1284,1040,1284,1207,1284,1284,1284,1059,1284,1434,1284,1303,1284,1471,1284,1303,1284,1284,1303,1303,1284,1284,1303,1284,1303,1303,1284,1284,1207,1533,1180,1284,1284,1303,1284,1284,1040,1284,1284,1303,1303,1284,1284,1284,1284
1065,1065,1065,1256,1256,1065,1172,866,1172,1256,1118,1065,1065,1065,1065,1065,1256,1065,1065,1256,1065,1065,1065,1065,1065,1065,1065,1065,1118,1065,1256,1065,1053,1065,1065,1391,1065,1065,1065,1370,1065,1256,1065,1065,1065,1256,1065,1065,1065,1053
1303,1284,1284,1284,1112,1073,1284,1284,1100,1284,1284,1284,1204,1284,1284,1284,1343,1284,1590,1284,1284,1284,1100,1059,1284,1095,1284,1059,1521,1100,1090,1284,1284,1284,1284,1284,1284,1284,1548,1284,1303,1284,1284,1100,1587,1303,1284,1376,1284,1430
866,1065,1065,1065,1065,1256,1065,1520,1065,1065,1500,1065,1065,1065,1065,1065,1391,1172,1065,1065,1065,1185,1065,1256,1065,1065,874,874,1185,874,1065,1065,1065,1065,1065,1053,1724,1508,1065,1185,1526,1065,1065,1065,1065,1065,1065,1508,1065,1065
1284,1100,1100,1059,1244,1284,1284,1284,1074,1284,1284,1284,1074,1284,1572,1065,1284,1284,969,1284,1284,1284,1065,1284,1284,1284,1284,1284,1533,1284,1284,1548,1074,1284,1095,1095,1284,1284,1074,1284,1284,1284,1284,1392,1284,1095,1284,1540,969,1074
892,1065,892,1065,1550,1065,1590,1065,874,1065,1065,1065,1065,1065,1065,1065,892,1065,1065,1391,1065,892,1492,1065,1198,1065,1065,1065,1285,1065,1051,1065,1395,1065,1065,1065,1590,1065,1065,892,1395,866,1065,1550,1065,1254,1065,1065,1065,1248
1211,1007,1284,1409,969,1065,1143,1438,1284,1074,1284,1284,1283,1284,1284,1059,1007,1490,1143,1483,1284,1284,1074,1096,1007,1284,969,1065,1182,1182,969,1284,1283,1758,1284,969,1284,1379,1284,1074,1074,1284,1007,1284,1804,1490,1284,1421,1211,1284
1065,1492,1065,1065,1546,1065,1404,1065,1065,1268,1256,1407,1065,1065,1065,1407,1065,1065,1065,1065,1065,1447,892,1065,1248,1065,1065,1065,1065,1065,1256,1065,1550,1065,1065,1065,1450,1493,1065,1546,1065,1065,1407,1065,1065,1248,1319,1248,1065,1065
1284,1338,1143,1284,1284,1284,1284,1284,1284,1175,1284,1065,1566,1284,1284,1284,1284,1284,1065,1284,1284,1284,1453,1284,1143,1284,1284,1284,1284,1623,1065,1457,1143,1866,1566,1284,1284,1284,1284,1284,1175,1284,1284,1143,1836,1284,1284,1284,1065,1284
1065,1065,1065,1065,1556,1065,1260,1059,1065,1065,973,1065,1065,1065,1065,973,1065,1065,1383,1065,1065,1059,1065,1065,1065,1065,1065,1577,1065,1065,1065,1065,1505,1065,1065,1065,1196,1065,1065,1065,1065,1481,1065,1059,1065,1065,1604,1065,1065,1065
1105,1071,1284,1284,1284,1284,1284,1284,1071,1483,1105,1260,1284,1284,1284,1152,1467,1230,1284,1284,1260,1284,1284,1260,1284,1284,1260,1284,1105,1338,1105,1284,1230,1284,1284,1284,1284,1284,1284,1284,1230,1483,1284,1230,1284,1284,1284,1284,1284,1071
1065,1065,1797,1706,1065,1065,1065,1065,1065,1059,1065,1059,1065,1065,1065,1280,1715,1065,1059,1065,1065,1059,1065,1249,1480,1065,1065,1065,1065,1065,1065,1065,1065,1065,1790,1065,1654,1065,1097,1479,1065,1065,1249,1065,1065,1065,1065,1065,1065,1065
1230,1284,1260,1844,1284,1377,1284,1260,1260,1260,1284,1284,1284,1284,1230,1241,1284,1284,1241,1284,1260,1284,1057,1284,1284,1284,1284,1167,1284,1260,1260,1167,1377,1241,1284,1284,1284,1284,1483,1284,1284,1260,1284,1241,1241,1260,1284,1260,1260,1284
1059,1059,1065,1059,1615,1065,1059,1065,1059,1059,1065,1065,1065,1065,1059,1065,1059,1649,1065,1059,1065,1065,1065,1059,1059,1065,1059,1065,1065,1059,1065,1065,1059,1059,1447,1059,1059,1065,1059,1059,1680,1065,1059,1059,1059,1065,1065,1059,1065,1059
1027,1260,1260,1284,1150,1284,1523,1284,1284,1150,1260,1186,1260,1057,1260,1057,1284,1260,1260,1260,1284,1260,1284,1186,1260,1260,1260,1260,1233,1284,1284,1186,1260,1260,1284,1150,1284,1260,1260,1284,1186,1443,1573,1284,1284,1260,1260,1284,1260,1260
1059,1342,1474,1059,1493,1059,1059,1065,1059,1065,1059,1059,1059,1059,1059,1059,1059,1059,1059,1059,1226,1600,1059,1059,1059,1327,1059,1059,1065,1065,1059,1065,1354,1059,1059,1059,1059,1059,1059,1059,1065,1059,1065,1526,1065,1059,1059,1059,1927,1065
1260,1260,1260,1186,1260,1284,1186,1150,1682,1260,1284,1260,1661,1952,1260,1284,976,1260,1534,1260,1284,1284,1260,1260,1260,1260,1260,1260,1260,1260,1260,1260,1284,1260,1150,1150,1186,1284,1260,1260,1260,1260,1260,1260,1403,1260,1457,1284,1260,1260
1059,1546,1059,1059,1158,1059,1059,1065,1059,1065,1059,1059,1059,1059,1059,1059,1059,1059,1059,1059,1703,1059,1059,1059,1059,1059,1059,1059,1342,1059,1474,1065,1065,1059,1059,1059,1509,1059,1065,1059,1059,1059,1059,1065,1059,1059,1059,1756,1059,1059
1260,1260,1260,948,1260,1260,1260,948,1260,1260,1260,1260,1260,1260,1260,1346,1260,1260,948,1260,1260,1124,1747,1260,1260,1260,1260,1585,1124,1260,1260,1260,1260,1260,1260,1260,1457,1260,1260,1260,1896,1260,1774,1124,1284,1260,948,1298,1260,1260
1059,1059,1059,1059,1059,1134,1059,1059,1059,1059,1059,1323,1059,1059,1050,1059,1742,1059,1059,1050,1059,1059,1059,1059,1059,1059,1050,1579,1059,1383,1059,1139,1059,1059,1059,1059,1059,1576,1680,1059,1059,1059,1059,1059,1059,1059,1528,1059,1059,1769
1260,1260,1260,1260,1868,1260,1493,1260,1006,1079,1190,1260,1260,1260,1317,1175,1260,1006,1175,1260,1260,948,1260,1260,1260,1317,1260,1260,948,1260,1260,1762,1260,1260,1124,1006,1260,1260,1260,1260,1579,1260,1493,1735,1124,1124,1079,1859,1124,1190
848,1059,1059,1059,1059,1617,1059,1059,1059,1751,1059,1742,1059,1059,1383,1059,1059,1059,1059,1632,1059,906,1059,848,1059,1059,1059,1059,1059,1059,1059,1534,1059,848,1059,1059,906,1059,906,1059,1059,1059,1059,1796,1059,1520,1945,1059,1059,1059
1230,1260,1260,1260,1079,1260,1260,1172,1230,1595,1260,1260,1260,1685,1260,1260,1260,1260,1673,1260,1260,1260,1733,1260,1079,1230,1260,1260,1260,1044,1260,1260,1079,1735,1260,1260,1419,1080,1260,1260,1353,1260,1044,1260,1260,1260,1172,1260,1260,1260
1059,1059,1059,1059,1520,1059,1396,1059,934,1059,1059,1059,1059,1059,1198,1059,1059,1059,1467,1059,1059,1059,1059,1059,1393,1059,934,1143,1059,1059,1065,1059,1059,1059,1059,1059,1059,1059,1059,1059,1059,1065,1059,1198,1059,1059,1065,1059,1059,1059
1260,1260,1260,1260,1243,1060,1757,1260,1735,1247,1009,1260,1260,1247,1260,1260,1260,1260,1060,1079,1260,1260,1079,1260,1260,1485,1243,1260,1009,1260,1552,1260,1260,1260,1814,1858,1260,1485,1003,1260,1527,1260,1260,1260,1260,1243,1260,1260,1243,944
1059,1059,1059,1059,1059,1059,978,1059,1059,1059,1059,1059,1059,1059,1059,1059,1059,1945,1577,1630,1059,1059,1348,1059,1630,1059,978,1393,1059,1059,1059,1288,1059,1059,1059,1059,1393,1059,1059,1059,1059,1059,1059,1059,1059,1059,1059,1059,1059,1059
1591,1260,1260,1260,1260,1260,1260,1260,1260,1260,1260,1243,1005,1243,1260,1260,1260,1260,1260,1260,1687,1144,1260,1260,1260,1260,1260,1260,1061,1260,1260,1260,1291,1260,1260,1260,1260,1260,1243,1005,1243,1554,1260,1260,1260,1144,1144,1260,1260,1260
1059,1059,1059,1059,1059,1059,1059,1059,1059,1059,1059,1059,1059,1059,1059,1059,1059,1059,1059,1059,1059,1623,1059,1059,1059,1059,1059,1059,1311,1059,1059,1059,1059,1059,1059,1392,1059,1059,1059,1059,1059,1059,1059,1623,1059,1059,1059,1059,1059,1059
1260,1260,1260,1260,1260,1260,1260,1929,1260,1708,1260,1096,1096,1260,1260,1260,1260,1260,1260,1260,1096,1260,1096,1260,1260,1260,1260,1260,1260,1260,1260,1096,1260,1260,1260,1260,1260,1260,1260,1260,1260,1260,1302,1260,1260,1260,1719,1260,1260,1565
1059,1059,1059,947,1059,1059,1059,1059,1059,1059,1059,1059,1059,1059,1059,1336,1059,1059,1059,1059,1308,1059,1059,1059,1059,947,1059,1059,1039,1059,1059,1059,1311,1059,1059,1059,1059,1059,1059,1059,1387,1059,1059,1059,1059,1059,1059,1059,1059,1059
1260,1508,1260,1260,1260,1260,1260,1260,1260,1260,1260,1260,1260,1260,1260,1260,1260,1260,1260,1260,1260,1260,1260,1260,1260,1260,1260,1260,1260,1260,1190,1260,1260,1260,1260,1190,1260,1260,1428,1260,1260,1260,1260,1260,1260,1260,1260,1260,1260,1260
1059,1059,1059,900,1059,1059,1059,1059,1059,1028,1059,1059,1059,1059,1059,900,1288,1059,1059,1059,1059,1059,1059,1059,1356,1059,1059,1059,1059,1059,1059,1059,1059,1059,900,1059,1059,1333,1059,1059,1360,1059,1059,1059,1059,1059,1059,1059,1059,1028
1260,1438,1260,1260,1260,1260,1260,1260,1188,1260,1260,1488,1260,1260,1260,1260,1188,1260,1260,1260,1260,1260,1260,1260,1260,1260,1260,1260,1330,1260,1260,1260,1477,1260,1260,1260,1188,1260,1247,1260,1260,1488,1260,1260,1297,1188,1260,1260,1247,1266
900,1059,1059,1527,1059,977,1059,1059,1059,1647,1059,1059,1059,1059,1059,1808,1059,1059,1059,1059,1059,1059,1059,1059,1059,1391,1059,1059,1059,1059,1059,1059,1059,1660,1059,1059,1059,1525,1059,1059,1059,977,1059,1059,1059,1059,1059,1059,1059,1059
1074,1260,1260,1260,1260,1260,1260,995,1260,1260,1832,1260,1260,1074,1338,1260,1260,1260,1260,1260,1260,995,1260,1260,1260,1074,1260,1235,1260,1260,1260,1260,1074,1260,1260,1074,1260,1260,1074,1260,1260,1260,1260,1260,1260,1260,1260,1260,1260,1260
1059,1562,1059,1059,1059,1432,1059,1059,1059,1059,1059,1637,1893,1701,1059,1368,1059,1059,1059,1059,1059,1059,1059,1059,1059,1059,1059,1699,1059,1059,1059,1562,1059,1059,1059,1059,1643,1059,1059,1059,1059,1059,1059,1059,1059,1059,1059,1059,1059,1059
1260,1260,1260,1260,1260,1260,1260,1260,1260,1260,1260,1260,1260,1260,1260,934,1260,1260,1260,1260,1260,1260,1260,1260,1260,1260,1260,1260,934,1260,1260,1395,934,934,1260,1260,1232,1232,1260,1260,1014,1260,1260,1260,1014,1260,1260,1260,1260,1260
1059,1059,1059,1059,1059,1059,1059,1059,1647,1059,1472,1059,1059,1059,1059,1059,1514,1059,1059,1059,1059,1059,1059,1059,1621,1225,1059,1059,1472,910,1059,1059,1059,1194,1059,1059,1194,1059,1246,1059,1059,1059,1225,1059,1059,1059,1059,1059,1059,1059
1260,1470,1260,1260,1260,1521,1260,1014,934,1260,1260,1260,1224,1260,1260,1260,1260,1076,934,1075,1075,1076,1702,1260,1014,1260,1260,934,1260,1260,1260,1260,934,1224,1260,1260,1260,1260,1260,1260,1260,1260,1714,1260,1076,1260,1260,1421,934,1260
1059,1059,1702,1059,1051,1472,1059,1250,1059,1059,1059,1059,1505,1059,1059,1059,1059,1059,1059,1059,1059,1059,1059,1472,1681,1059,1777,1059,1059,1059,1472,1059,1059,1059,1059,1059,1059,1059,1557,1769,1059,1059,1051,1059,1250,1059,1059,1059,1059,1194
934,1224,1260,801,1260,1097,1224,1260,1260,1260,1141,1260,1260,1260,1260,1362,934,1600,1260,1260,1260,801,1260,1260,934,1626,1260,1559,1260,1260,801,1260,1224,1260,1260,1626,934,1260,801,1075,1260,801,1260,1260,934,934,1260,1014,1502,1097
1472,1059,1059,1059,1059,1059,1059,1059,1059,1059,1059,1059,1059,1059,1059,1059,1325,1194,1059,1842,1059,1059,1628,1059,1059,1059,1059,1059,1403,1472,1325,1602,1826,1059,1059,1403,1628,1508,1059,1059,1059,1059,1403,1059,1059,1059,1557,1059,1059,1403
1260,1097,1097,1260,934,1260,1273,934,1260,934,1260,1075,1260,1097,1097,1260,801,1260,1260,1260,1144,1260,934,1260,1260,1097,801,1260,1260,1097,1260,1260,1260,1260,1097,1260,1678,863,801,1525,1217,1260,1260,1097,1260,1097,1768,1311,1144,1097
1525,1059,1059,1059,1032,1059,1059,1059,1059,1059,1205,1059,1205,1525,1059,1508,1059,1403,1059,1059,1059,1205,1059,1508,1059,1059,1472,1403,1059,1059,1682,1059,1059,1472,1403,1353,1472,1059,1508,1059,1059,1059,1059,1059,1059,1059,1946,1756,1059,1032
1253,1260,1260,934,801,1260,801,1260,1260,1260,1260,801,1097,1260,1260,1260,1144,1260,1247,1260,1260,1260,934,934,1260,934,934,1260,1150,801,1495,801,934,1253,934,1683,1260,1260,1260,1097,1260,1260,1260,1260,934,801,1260,1260,1260,1525
1472,1403,1403,1002,1059,1059,1508,1059,1472,1059,1059,1059,1059,1002,1059,1472,1059,1059,1472,1059,1403,1059,1059,1059,1059,1059,1059,1059,1403,1418,1059,1059,1501,1472,1059,1059,1477,1059,1059,1059,1059,1059,1247,1002,1472,1059,1472,1059,1059,1472
1260,934,934,1260,1260,1260,934,801,801,1260,934,1097,934,1196,1260,1055,1055,1260,1097,934,934,1260,1097,1260,1459,1260,1196,1530,934,1260,934,1260,1260,1260,934,934,1097,1459,1260,1260,1260,1260,934,1260,1260,1713,1260,1260,1055,1097
1059,1059,1233,1059,1472,1059,1059,1700,1380,1059,1059,1472,1355,1059,1059,1059,1472,1059,1280,1059,1115,1059,1403,1059,1508,1059,1059,1403,1059,1618,1059,1059,1472,1059,1233,1472,1059,1059,1059,1333,1416,1472,1607,1059,1380,1240,1059,1059,1115,1059
1260,1710,934,934,1204,1385,1260,1260,934,1260,1686,1260,934,1260,1260,934,1260,1260,1260,934,1196,1260,934,1685,1196,1196,1204,1260,801,934,1260,1260,1260,1196,1505,1364,1260,1260,934,1604,1196,1196,1260,934,934,934,1260,934,1097,1196
1472,1380,1238,1059,1472,1875,1059,1059,1059,1059,1059,1203,1380,1624,1059,1361,1059,1059,1059,1508,1059,1059,1059,1059,1059,1440,1380,1361,1059,1190,1203,1115,1059,1190,1059,1548,1190,1059,1059,1059,1059,1059,1059,1351,1557,1115,1380,1351,1472,1472
1196,1196,1260,1260,934,934,934,1260,1742,1260,1260,934,1196,1260,934,934,1260,1260,1260,1260,1361,1128,1361,1260,1260,934,934,1196,1604,934,1260,1260,1260,1260,934,1505,1260,1260,1196,1678,934,1260,1196,1260,934,1196,1260,1260,1260,1581
1059,1059,1059,1472,1115,1059,1059,1059,1298,1059,1059,1059,1059,1059,1059,1059,1059,1059,1059,1188,1472,1472,1190,1842,1059,985,1059,1472,1059,985,1059,1472,985,1059,1059,1059,985,1472,1059,1059,1059,1059,1081,1059,1059,1380,1059,1598,1059,1059
934,1260,1260,1660,934,1196,1260,1260,1363,1260,934,1260,934,1260,1260,1104,1260,1260,1260,1260,1260,1860,1260,934,1260,934,934,934,1260,1260,1260,1260,1260,1260,1260,1260,1260,1260,1104,934,1544,934,934,1260,1260,1607,1458,934,1090,1260
1059,1059,1059,1059,1059,1059,1059,1059,1398,1059,1059,1059,1054,1059,1059,1059,1059,1059,1059,1059,1059,1042,1472,1059,1398,1059,1472,1059,1499,1059,1440,1059,1042,1059,1059,1059,1059,1054,1087,1059,1042,1042,1472,1059,1059,1440,1059,1059,1059,1059
1260,1260,934,1260,1260,1260,1073,1260,1260,1073,1224,1260,1260,1260,1260,1260,1260,1260,1260,1894,1260,1260,934,1260,1430,1224,1470,1224,934,1260,1260,1260,1342,1260,934,1002,1260,1362,1260,1224,1260,1260,1260,1584,934,1260,1002,1401,1260,1260
1507,1059,1415,1059,1059,1059,1059,1059,1059,1059,1059,1059,1658,1059,1059,1059,1059,1059,1059,1059,1059,1059,1324,1059,1059,1059,1059,1560,1059,1059,1059,1059,1059,1059,1476,1517,1472,1059,1059,1476,1059,1264,1059,1059,1059,1059,1059,1472,1059,1054
934,1260,1570,934,1260,934,1260,1260,1260,1260,1260,1260,1260,1260,1260,1260,1260,1260,1584,1260,934,1260,1260,1260,934,1260,1260,1260,1260,1260,1380,1002,1755,1260,1260,1260,1260,934,934,1260,934,1260,1260,1260,934,1260,934,1636,1260,1260
960,1059,1059,1059,1059,981,1059,1059,1659,1059,1059,1054,1059,1059,1059,1059,1472,1059,1059,2013,1059,1059,1626,1059,1054,1059,1726,1059,1059,1059,960,1059,981,1059,1020,1169,1059,1020,1059,1059,1059,1935,1059,1059,1059,1059,1059,1059,1059,1228
1260,1260,1307,1260,1260,1902,1618,1019,1260,1260,1260,1260,1260,1570,1260,1260,1260,1019,1463,934,1260,934,1260,1260,1260,1260,1260,1260,1019,1260,1260,1260,1432,1260,1260,1260,1260,1260,1260,1260,1463,1260,1260,1260,1260,1260,1260,1621,1260,1260
1059,1059,1059,1059,1059,1327,1059,1059,1427,1059,1059,1059,1427,1059,1059,1059,1059,1059,1059,1059,1059,1219,1472,1059,1059,1059,1059,1059,1059,1427,1059,1059,1327,1059,986,1059,1059,1059,1059,1059,1059,1059,1059,1374,1059,1059,986,1427,1059,1560
1260,1260,1260,1169,1260,1260,1260,1019,1260,1260,1092,1019,1260,1260,1019,1260,1799,1092,1260,1260,1260,1260,1260,1260,1092,1241,1260,1260,1260,1595,1408,934,1260,1376,1260,1260,1260,1260,1260,1019,934,1029,1019,1260,1029,1260,1260,1260,1019,1260
1059,1059,1059,1059,1059,1059,1059,1059,1059,1059,1059,1427,1059,1374,1543,1059,1059,1059,1059,1059,1059,1547,1059,1059,1059,1059,1059,1059,1132,1059,1059,1059,1059,1059,1059,1059,1059,1203,1368,1059,1059,1132,1059,1059,1059,1059,1427,1059,1059,1059
1260,1260,1423,1019,1260,1260,1260,1260,1477,1260,1260,1260,1260,1260,1260,1260,1092,1260,1260,1260,1260,1477,1260,1260,1260,1260,1260,1260,1092,1260,1260,1260,1260,1260,1260,1019,1260,1260,1019,1260,1260,1019,1260,1477,1362,1260,1019,1019,1260,1260
1368,1059,1433,1059,1059,1238,1059,1059,1368,1059,1059,1059,1059,1059,1303,1059,1059,1427,1059,1059,1059,1427,1059,1059,1059,1059,1059,1059,1059,1059,1059,1059,1059,1059,1059,1059,1059,1369,1059,1059,1059,1059,1059,1059,1059,1059,1059,1059,1059,1059
1019,1260,1260,1019,1260,1019,1260,1260,1606,1260,1260,1260,1260,1260,1260,1019,1260,1092,1260,1260,1260,1260,1092,1545,1260,920,1138,1260,1019,920,1260,1101,1260,1260,1260,1260,1260,1143,1260,1260,1252,1260,1260,1260,1260,1260,1269,1260,1138,1260
1059,1059,1059,1059,1059,857,1059,1649,1059,1059,1452,1059,1059,1059,1059,1059,1059,1059,1059,1059,1059,1059,1312,1059,1059,857,1059,1059,1059,1368,1059,1059,1059,1059,1059,1059,1059,1059,1059,1059,1059,1059,1059,1059,1059,1059,1059,1059,1341,857
1260,1084,1260,1260,1207,1084,1260,1260,1260,1260,1260,1260,1207,1260,1260,1260,865,1260,1246,1260,865,1260,1260,1260,1260,1260,1246,1260,1260,1117,1260,1501,1260,1260,865,1260,1260,1260,1089,920,1260,1260,1084,1146,1089,1260,1117,1260,1260,1117
1059,1059,1059,1059,1059,1059,1322,1059,1401,1059,1059,1471,1059,1059,1366,1059,1059,1059,1322,1059,1059,1059,1059,1417,1059,1059,1059,1059,1059,1059,1059,1059,1368,1059,1059,1059,1059,1059,1368,1059,1322,1059,1059,1059,1059,1059,1276,1059,1059,1059
914,1260,1158,1246,1405,1246,1260,1119,1260,1207,1260,1260,1260,1158,914,1260,1260,1246,1417,1260,1260,1246,1246,1158,1119,1491,1084,1260,1260,1246,914,914,1260,1260,1260,1260,955,1260,1260,1260,1260,1260,1260,1084,1260,1260,1260,1207,1260,1260
1059,1059,1059,1059,1059,1417,1059,1059,1059,1059,1059,1580,1059,1059,1059,1581,1059,1059,1059,1059,1059,1417,1059,1059,1059,1322,1059,1059,1322,1322,1059,1059,1059,1263,1322,1059,1059,1322,1059,1059,1059,1059,1059,1322,1059,1059,1059,1059,1607,1059
914,1260,1246,1260,1246,1084,1084,955,1787,1246,1260,1491,1260,1260,1260,1260,1260,1260,1260,1260,1260,1260,1058,1260,1246,1417,1260,1260,1260,1058,1260,914,914,1246,914,1260,1260,1084,955,1260,1260,1417,1246,954,1259,1246,1260,1260,1260,1583
1059,1059,1059,1059,1059,1059,1322,1059,1059,1305,1417,1059,1322,1059,1059,1402,1059,1059,1322,1059,1322,1417,1447,1059,1059,1059,1059,1059,1311,1059,1417,1059,1059,1322,1059,1059,1059,1417,1059,1059,1311,1322,1059,1322,1059,1059,1059,1376,1059,1059
1084,1260,1260,1246,1084,1038,1260,1260,1753,1260,1260,1511,1260,1084,1260,1260,1084,1260,1260,1753,1246,1373,911,1427,1260,1511,1122,1260,1260,1246,1260,1607,1246,1260,1260,1084,1246,1260,1246,1084,1260,1246,1260,1084,1122,1246,1259,1246,1260,1260
1417,1322,1059,1753,1454,1059,1059,1059,1059,1059,1059,1059,1059,1322,1322,1379,1059,1059,1059,1379,1059,1059,1059,1059,1322,1322,1059,1059,1330,1417,1322,1059,1168,1059,1322,1322,1322,1059,1491,1322,1059,1422,1059,1059,1059,1059,1059,1322,1322,1059
1246,1246,1260,1084,1246,1260,1246,1246,1084,1260,1114,1260,1114,1260,1260,1246,1531,1246,1246,1246,1246,1084,1260,1260,1260,1084,1260,1260,1084,1246,1246,1260,1246,1246,1399,1246,1260,1260,1399,1260,1260,1260,1260,1246,1246,1246,1260,1246,1463,1246
1059,1059,1002,1059,1059,1059,1322,1322,1059,1322,1059,1059,1059,1059,1244,1059,1059,1322,1059,1322,1322,1047,1512,1417,1322,1322,852,1059,852,1430,1002,1322,1059,1059,1059,1059,1322,1322,1059,1417,1059,1059,1059,1059,1533,1322,1059,852,1533,1059
1260,1246,1246,1232,1246,1246,1260,1260,1084,1260,1260,1260,1260,1260,1260,1246,1239,1449,1246,1232,1260,1246,1260,1084,1246,1260,1260,1084,1260,1246,1246,1189,1260,1084,1246,1239,1084,1260,1246,807,1246,1260,1246,1463,1246,807,1260,1260,1084,1463
1059,1059,1059,1059,1059,1059,1143,983,1322,1393,1059,1059,1059,1059,1059,1590,1322,1059,1059,983,1059,1059,1059,1322,1590,983,1417,983,1143,1260,1059,1275,1059,1059,1275,1438,1059,1059,1322,1059,1059,1143,1545,1059,1059,1059,1059,1059,1059,1059
1246,1260,1232,1260,1239,1232,1284,1246,1239,1260,1084,1260,1260,1239,1336,1260,1248,1239,1260,1260,1260,1260,1232,1260,1284,1246,1260,1260,1260,1260,1246,1260,1260,1260,1246,1260,1188,1260,1188,1260,1260,1246,1260,1239,1260,1232,1260,1260,1248,1260
1059,1606,1322,1393,1059,1059,1059,1059,1059,1059,1381,1059,1059,1059,1059,1503,1059,1059,1590,1059,1059,1059,1059,1059,1059,1059,1525,1059,1059,1059,1183,1059,1525,1059,1059,1059,1059,1183,1059,1059,1059,1059,1059,1059,1059,1606,1658,1059,1297,1515
1260,1260,1260,1260,1525,1260,1260,923,1260,1232,1260,1260,1260,1314,1260,1260,1232,1563,923,1246,1260,1260,1581,1260,1232,1260,1260,923,1260,1260,1260,1260,1260,1260,1260,1232,1260,1260,1260,1260,1246,1284,1260,1260,1260,1260,1260,1260,1260,1248
1059,1059,1059,1059,1525,1059,1059,1059,1059,1059,1059,1059,1059,1059,1059,1059,1059,1059,1059,1716,1059,1059,1059,1059,1059,1277,1059,1059,1059,1059,1059,1059,1059,1059,1059,1059,1059,1059,1059,1059,1059,1059,1059,1059,1059,1595,1059,1059,1059,1059
1260,1260,1256,1257,1260,1274,1260,1256,1256,1260,1260,1260,1260,1257,1260,1260,1260,1048,1260,1260,1199,1260,1260,1260,1260,1260,1260,1260,1724,1260,1048,1199,1260,1260,1174,1260,1256,1260,1260,1260,1256,1260,1199,1260,1382,1260,1260,1257,1260,1260
1059,1059,1059,1665,1059,1059,1059,1059,1059,1059,1813,1500,1059,1059,1451,1059,1059,1059,1059,1059,1059,1279,1884,1293,1059,1059,1184,1059,1059,1059,1059,1059,1059,1059,1861,1059,1059,1059,1059,1680,1059,1059,1059,1059,1059,1538,1451,1489,1059,1059
1260,1260,1260,1260,1260,1598,1048,1256,1260,1260,1260,1260,1157,1048,1260,1260,1467,1256,1652,1260,1260,1237,1260,1260,1260,1157,1575,1048,1260,1256,1237,1048,1237,1157,1237,948,1260,1260,1260,1048,1575,1260,1260,1260,1048,1878,1231,1253,1260,1048
1059,1350,1451,1059,1440,1497,1059,1059,1059,1059,1614,1059,1389,1059,1440,1059,1059,1059,1059,1059,1059,1059,1544,1059,1059,1435,1322,1059,1322,1059,1440,1059,1059,1059,1059,1451,1451,1059,1059,1059,1322,1059,1451,1059,1059,1059,1059,1059,1059,1059
1260,1250,1260,1260,1048,948,1157,1565,1287,1250,1048,1260,1260,1260,1260,1237,1677,1237,1237,1260,1260,1250,1260,1260,1260,1231,1048,1260,1048,1048,1260,1703,1260,1157,1048,1157,1260,1048,1260,1048,1260,1372,1048,1260,1156,1260,1260,1260,1260,1149
1059,1451,1451,1059,1059,1451,1451,1059,1349,1440,1059,1059,1059,1059,1059,1445,1059,1059,1059,1059,1592,1059,1403,1059,1059,1059,1059,1059,1059,1451,1059,1059,1059,1440,1059,1059,1269,1059,1059,1269,1209,1235,1235,1059,1059,1348,1641,1403,1059,1059
1260,1596,1260,1260,1048,1260,1237,1260,1260,1045,1048,1260,1048,1237,1250,1453,1048,1048,1048,1260,1260,1237,1080,1260,857,1048,1250,1260,1237,1048,1260,1260,1260,1045,1260,857,1260,1260,1048,857,857,1045,1045,1260,1718,1260,857,1260,1260,1260
1451,1504,1059,1440,1639,1059,1530,1059,1022,1440,1059,1059,1059,1059,1839,1059,1022,1059,1022,1059,1440,1059,1059,1059,1398,1326,1440,1451,1059,1059,1451,1022,1059,1059,1440,1059,1451,1059,1059,1059,1059,1059,1059,1059,1059,1585,1059,1843,1630,1530
1260,1237,1260,857,1048,1237,1260,1045,1048,1260,1260,1260,1237,1233,1570,1048,1080,1260,857,1260,1260,1260,1260,1233,1237,1048,1260,1048,1546,1260,1237,1260,1237,1237,1260,1237,1260,1260,1233,1260,1605,1260,1237,1260,1080,1237,1237,1260,1260,1048
1435,1059,1440,1059,1059,1386,1059,1059,1440,1218,1059,1440,1577,1451,1059,1059,1059,1451,1059,1059,1059,1440,1440,1059,1750,1059,1059,1652,1059,1059,1652,1059,1440,1440,1059,1440,1059,1059,1059,1059,1059,1059,1059,1059,1059,1440,1440,1059,1059,1059
1255,1048,1260,1260,1237,1260,1048,1237,1048,1260,1237,1848,1260,1260,1260,1260,1260,1237,1260,1248,1237,1237,1248,1030,1260,1260,1237,1260,1942,1237,1237,1608,1260,1260,1260,1237,1538,1237,1260,1255,1260,1237,1260,1260,1260,1237,1237,1465,1260,1260
1242,1435,1059,1059,1059,1059,1059,1059,1059,1451,1059,1059,1440,1059,1059,1451,1059,1242,1059,1059,1059,1440,1446,1059,1059,1170,1059,1059,1059,1453,1059,1242,1059,1059,1059,1059,1059,1059,2032,1953,1059,1454,1059,1059,1544,1059,1059,1059,1440,1059
1260,941,1443,1260,1030,1062,1260,1030,1260,1062,1260,1237,1260,1260,1048,1681,1260,941,1260,1260,1081,1260,1260,1260,929,929,1048,1260,1260,1260,1143,1260,1260,1260,1260,1260,1030,1048,1048,1062,1260,941,1260,1260,1260,941,1237,1260,1452,1452
1059,1320,1059,1059,1059,1059,1059,1476,1440,1059,1059,1440,1739,1322,1059,1059,919,1059,1320,1059,1322,1322,1059,1059,1322,1481,1464,1059,1059,1345,1059,1059,1059,1059,1451,1059,1059,1059,919,1059,1544,1059,1059,1464,1059,1059,1059,1059,1451,1059
1260,1237,1149,1260,1081,1260,1260,938,1081,1239,1081,1260,1260,1143,941,1260,1260,1260,1260,1149,1252,1165,1149,1081,1260,1260,1165,1081,1334,938,1143,1081,938,1584,1260,1048,938,1081,1165,1081,1260,1260,1237,1260,1260,1081,1260,1260,1260,1260
1059,1635,1608,1440,1440,1322,1095,1059,1059,1059,1439,1059,1059,1059,1059,1059,1059,1059,1231,1059,1440,1059,1059,1059,1059,1059,1059,1059,1059,1059,1059,1322,1059,1059,1322,1059,1451,1059,1059,1774,1059,1059,1059,1059,1285,1059,1059,1059,1059,1059
1602,1260,1111,1237,1260,1048,1260,1081,1260,1081,1260,1260,1260,1081,1048,1260,1260,1237,1081,1081,1260,1048,1081,1260,1048,1164,1260,1081,1260,1260,1260,1260,1260,1081,1111,1744,1260,1260,1260,1260,1529,1260,1260,1260,1260,1111,1260,1260,1081,1260
1059,1059,1059,906,1322,906,1059,1059,1059,1059,1322,906,1059,1059,1059,1059,1059,1673,1322,1763,1322,1059,1059,1059,1059,1059,1322,1059,1059,1119,1059,1673,1285,1059,1059,1059,1059,1322,1059,906,1059,1059,1551,1059,1059,1059,1059,1059,1059,1059
1260,1749,1260,931,1260,1260,1260,1432,1081,1260,1073,1081,931,1081,1256,1260,1260,1260,909,1111,931,1260,1260,1522,1260,1081,1260,1260,1305,1260,1260,1260,1081,1111,1260,1260,1081,1260,1260,1371,1260,1260,1260,1260,1073,1260,1260,1260,1260,1432
1059,1059,1059,1059,1059,1059,1012,1059,1059,1059,1322,1059,1059,1059,1059,1059,1316,1059,1336,1059,1059,1062,1059,1322,1059,1059,1059,1059,1059,1059,1059,1294,1741,1059,1059,1059,1391,1059,1197,1059,1059,1059,1451,1059,1059,1398,1059,1059,1749,1316
1260,1260,1260,1073,1260,1247,1260,1260,1260,1260,1260,1073,1260,1247,1260,1260,1250,1256,1081,1260,1081,1260,1260,1081,1663,1987,1250,1260,1081,1250,1260,1260,1260,1250,1260,1260,1073,1260,1260,1081,1260,1179,931,1073,1260,1260,1260,1247,1260,1260
1059,1322,1059,1322,1059,1059,1059,1059,1059,1059,1410,1059,1059,1410,1059,1059,1059,1908,1059,1059,1398,1221,1059,1059,1059,1059,1059,1059,1059,1322,1059,1059,1791,1059,1059,1829,1210,1059,1059,1059,1410,1059,1059,1059,1059,1059,1540,1059,1059,1059
1120,1260,1260,1146,1260,1223,1260,1049,1260,1559,1081,1260,1260,1260,1260,1260,1049,1081,1260,1184,1559,1260,1749,1559,1049,1081,1120,1049,1260,1209,1260,1260,1260,1081,1184,1260,1694,1260,1209,1146,1081,1260,1260,1081,1260,1184,1223,1260,1260,1260
1059,1059,1059,1288,1107,1059,1059,1322,1059,1059,1059,1059,1636,1059,1626,1059,2041,1772,1443,1549,1059,1059,1059,1322,1322,1059,1059,1059,1059,1059,1288,1059,1059,1059,1549,1059,1059,1059,1059,1059,1322,1499,1322,1059,1059,1059,1410,1059,1059,1059
1260,1260,1256,1260,1260,1646,1260,1260,909,1260,1079,1260,909,1260,1260,1260,1260,1260,1475,1260,1256,1256,1223,1260,1256,1223,1260,1256,1260,1049,1120,1079,1231,1260,1260,1049,1260,1260,1475,1260,1120,1260,1683,1260,1260,1260,1049,1551,1079,1260
1059,1175,1059,1059,1059,1059,1059,1175,1059,1059,1059,1059,1059,1059,1059,1498,1142,1059,1221,1059,1059,1059,1498,1059,1059,1059,1059,1390,1059,1335,1059,1059,1229,1440,1059,1626,1059,1435,1059,1059,1059,1059,1435,1626,1059,1331,1059,1059,1059,1295
1260,1049,1260,1260,1049,2030,1260,1260,1231,1260,1453,995,1260,1260,898,1260,1256,1260,1260,1260,1587,1260,1260,1256,1049,1260,995,1049,1260,1260,1260,1260,1695,1231,1260,898,1260,1049,1256,1260,1260,1260,1260,1365,1260,1421,1260,1049,1260,1260
1059,1059,1059,1059,1059,1059,1059,1059,1792,1059,1059,1142,1059,1059,1059,1059,1059,1059,1059,1059,1059,1059,1059,960,1059,1059,1059,1059,1059,1498,1059,960,1059,1059,1059,1059,1059,1059,960,1646,1059,1059,960,1059,1059,1059,1059,1059,1059,1059
1260,1260,1260,1145,1260,1260,1260,1260,1145,1260,1260,1260,1260,1260,1260,1260,1260,1260,1260,1260,1260,1260,1260,1260,1260,1260,1260,1260,898,898,1260,1188,1260,1260,1680,1260,1145,1260,1260,1145,1012,1260,1260,1145,1256,1260,1145,1260,1260,1188
1059,1635,1059,1059,1059,1059,1059,1059,1059,1059,1059,1059,1059,1059,1059,1059,1059,1059,1059,1059,1059,1059,1059,1059,1059,1059,1059,1059,1059,1059,1059,1059,1059,1059,1646,1059,1059,1059,1059,1059,1059,1059,1224,1059,1059,1059,1059,1059,1492,1492
1260,1260,1260,1260,1167,1260,1260,1260,1260,1260,1260,1260,1260,1260,1260,1260,1260,1260,1260,1260,1260,1260,1576,1260,1260,1260,1260,1188,1188,1260,1260,1260,1260,1260,1444,1732,1260,898,1260,1260,1260,1260,1260,1260,1856,1547,1260,1260,1260,1260
1059,1059,1059,1059,1059,1795,1059,1059,1059,1059,1059,1059,1059,1059,1059,1059,1059,1341,1059,1059,1059,1059,1059,1323,1059,1059,1059,1059,1059,1059,1059,1323,1059,1059,1059,1059,1059,1059,1059,1059,1059,1059,1059,1059,1059,1059,1492,1059,1059,1053
1260,1260,1260,1260,1188,742,1356,1132,1260,1260,1260,1045,1260,1260,742,1260,1260,1260,1260,1260,1260,1260,1260,1260,1260,1260,1260,1260,1188,1260,1260,1260,1258,742,1739,1188,1260,1260,1260,1260,1260,1188,1260,1260,1260,1260,1260,1045,1260,1260
1059,1059,1292,1059,1059,1059,1059,1059,1059,1059,992,1059,1266,1059,1059,1059,992,1059,1059,1059,1059,1059,1059,1655,1059,1059,1059,1059,1059,1059,1059,1059,1059,1059,1059,1059,1322,1059,1059,1147,1059,992,1059,1059,1059,1059,1002,1059,1059,1322
1260,871,958,958,1270,1260,1236,1260,1079,1260,1079,1129,1260,1260,1260,1260,1260,1258,1260,1260,871,1260,958,1260,1107,1260,1260,1236,1129,1107,1260,1260,1260,1260,1260,1260,1260,1260,1260,1260,1251,1260,1260,1260,1260,871,1260,1260,1260,1107
1059,1121,923,1059,1059,923,1718,1059,1059,1059,1059,1719,1059,1059,1059,1059,1059,1059,1059,1059,1059,1059,1692,1059,1481,1720,1059,1350,1059,1191,1520,1059,1542,1392,1059,1059,1059,1059,923,1059,1059,1059,1059,1059,1059,1059,1059,1059,1059,1059
1260,1260,1230,1260,1260,1260,1260,1230,1433,1129,1129,1258,1260,958,1260,1260,1260,958,958,1260,1260,1260,1260,958,1129,1260,958,1260,1129,1260,1260,1129,1260,1260,1260,1258,1260,1260,1260,1260,1260,1474,1519,1260,1260,1842,1260,1230,1129,1260
1059,1520,1059,1739,1059,1059,1121,1692,1059,1059,1059,1059,1127,1059,1059,1059,1059,1127,1059,1059,1573,1059,1059,1059,1059,1059,1059,1059,1059,1059,1059,1059,1059,1520,1210,1059,1059,1059,1059,1059,1121,1520,1059,1059,1059,1059,1059,1059,1059,1059
1260,1260,1260,1203,1260,1260,1260,958,1115,1260,1260,1203,1260,1230,1195,1133,1133,1260,958,1133,1260,1072,1260,1230,1260,1260,1260,1820,1069,1115,1230,958,1129,1177,1260,1115,1260,1260,1260,1177,1129,1260,1689,1129,1260,1260,1260,1260,1260,1260
1059,1059,1059,1059,1059,1059,808,1059,1059,1059,1539,1059,1059,1059,1059,1059,1059,1290,1059,1059,1059,1059,1430,808,1059,1416,1059,1059,1059,1059,1059,1059,1059,1471,1059,1059,1059,2057,1059,808,1059,1059,1539,1881,1059,1059,1059,1059,1609,1059
1260,1513,1133,1260,1133,1407,1260,1492,1260,1133,1133,1260,1342,1260,1260,1260,1260,1260,1260,1260,1260,986,1260,1260,1260,1260,1577,1260,1260,1260,1069,1260,1260,1260,1513,1650,1260,1260,1260,1260,1260,1260,1260,1260,1260,1260,1260,1260,1492,1715
1059,1526,1059,1059,1059,1059,1059,1456,1059,1757,1059,1352,1059,1059,1059,808,1059,1059,1541,1059,1059,1059,1059,1642,1059,1059,1059,1059,1059,1059,1059,1059,1059,1059,1059,1059,1059,1059,1059,1059,1059,1059,1059,1059,1588,1059,1059,1059,1059,1059
1260,1058,1260,1260,1058,1260,1260,1260,1260,1260,1492,1260,1260,1260,1260,1260,1541,1260,1260,1260,1260,1260,1260,1342,1260,1700,1143,1260,1260,1260,1834,1260,1260,1260,1577,1583,1260,1700,1260,1260,1260,1342,1260,1260,1260,1260,1143,1260,1260,1260
1059,1059,1059,1059,1059,1059,1059,1818,1059,1059,1059,1059,1059,1059,1059,1059,1059,1059,1059,1059,1059,1059,1059,1059,1059,1059,1059,1059,1059,808,1059,1059,1059,1059,1076,1059,1059,1302,1059,808,1059,1059,1059,1059,1059,1059,1059,1059,1501,1059
1260,1260,1260,1220,1260,1462,1260,1058,1260,1220,1260,1317,1260,1260,1260,1260,1260,1260,1058,1260,1260,1260,1260,1260,1260,1257,1260,1220,1799,1260,1260,1260,1220,1260,1260,1260,1058,1260,1260,1260,1260,1260,1055,1260,1260,1260,1257,1058,1260,1260
1982,1059,1059,1501,1059,1059,1501,1059,1059,1059,1059,1059,1362,1059,1059,1059,1059,1059,1059,1059,1467,1501,1463,1059,1059,1463,1059,1059,1069,1059,1059,1059,1059,1059,1059,1059,1059,1059,1376,1059,1059,1059,1059,1059,1059,1059,1059,1059,1593,1059
1260,1220,1149,1260,1220,1177,1647,1083,1058,1220,1260,1260,1260,1260,1260,1260,1260,1260,1260,1260,1260,1083,1058,1260,1260,1054,1260,1260,1260,1058,1260,1054,1260,1738,1260,1058,1260,1260,1058,1260,1260,1149,1260,1260,1149,1260,1058,1260,1260,1260
1059,1059,1059,1059,1059,1235,1501,1054,1059,1054,1113,1059,1059,1059,1059,1059,1059,1059,1129,1590,1059,1463,1059,1059,1059,1059,1059,1059,1113,1501,1059,1059,1059,1059,1059,1059,1059,1059,1059,1059,1590,1059,1059,1059,1059,1059,1059,1059,1059,1623
1260,1260,1260,1260,1260,1260,1260,1260,1260,1260,1260,1249,1260,1260,1260,1260,1058,1220,1149,1260,1603,1260,1249,1260,1260,1260,1260,1058,1260,1260,1260,1220,1260,1260,1260,1260,1260,1220,1260,1260,1058,1511,1260,1260,1260,1260,1014,1260,1260,1260
1054,1059,1059,1059,1059,1059,1059,1059,1059,1059,1059,1059,1059,1059,1059,1059,1059,1059,1059,1059,1059,1045,1059,1059,1059,1059,1507,1055,1059,1059,1059,1059,1463,1059,1059,1054,1059,1059,1059,1059,1059,1059,1054,1059,1059,1059,1059,1059,1059,1059
1260,1260,1260,1260,1260,1511,1260,1260,1260,1260,1260,1490,1260,1260,1856,1220,1260,1220,1260,1260,1412,1260,1260,1260,1260,1260,1260,1260,1375,1260,1260,1260,1339,1328,1260,1260,1260,1260,1260,1260,1260,1375,1260,1260,952,1260,1260,1260,1260,1260
1059,1059,1059,1059,1059,1059,1059,1055,1055,1059,1059,1059,1354,1559,1881,1059,1059,1059,1059,1264,1059,1059,1059,1059,1059,1059,1059,1059,1055,1972,1059,1059,1120,1059,1059,1354,1054,1059,1059,1055,1059,1059,1054,1059,1059,1059,1059,1059,1059,1587
1260,1260,1260,1260,1260,1260,1385,1260,1260,1260,1375,1647,1260,1260,1260,1260,1260,1260,1260,1412,1260,1260,1260,1260,1260,1260,1260,1260,1260,1260,1260,1260,1260,1260,1260,1260,1260,1260,1260,1260,1260,1412,1260,1260,1260,1260,1208,1260,1270,1511
1059,1055,1059,1059,1059,1059,1055,864,1059,1007,1059,1059,1059,1059,1059,1059,1059,1007,1059,1059,1059,1934,1059,1059,1059,1059,1059,1395,1517,1059,1059,1059,1059,1059,1059,864,1059,1059,1059,1059,1055,1059,1059,1007,1059,1059,1059,1054,1007,1059
1260,1260,1260,1260,1889,1260,1511,1264,1260,1415,1222,1066,1260,1260,1581,1260,1260,1864,1415,1126,1093,1260,1260,1260,1260,1260,1260,1530,1412,1260,1260,1260,1260,1260,1530,1260,1260,1070,1260,1260,1260,1260,1260,1260,1260,1260,1260,1260,1066,1260
1059,1059,1059,1054,1059,1054,1054,1059,1059,1461,1059,1059,1059,1059,1395,1054,1059,1059,1059,1059,1059,1059,1059,1059,1461,1059,1059,1059,1059,1059,1384,1059,1450,1059,1059,1059,1059,1170,1441,1461,1059,1059,1059,1059,1059,1054,1054,1059,1059,1059
1260,1260,1260,1260,1260,887,1247,1260,1260,1260,1260,1260,1260,1260,1247,1260,1260,1233,1260,1260,1260,1706,887,1247,1107,1260,1260,1260,1260,1260,1260,1066,1260,1260,887,1260,1233,1066,1260,1260,1260,1138,1260,1260,1260,1066,1233,1260,1260,1260
1500,1433,1059,1059,1059,1059,1059,1386,1059,1059,1059,1059,1059,1059,1059,1433,1461,1433,1059,1461,1059,1059,1059,1386,1059,1059,1059,1461,1059,1461,1059,1059,1433,1461,1059,1059,1059,1059,1502,1158,1059,1386,1059,1059,1059,1059,1059,1059,1059,1507
1260,1066,1551,1427,1260,1260,1260,1260,1260,1260,1260,1066,1828,1260,1260,1066,1260,1667,1260,1260,1260,1260,1066,1247,1066,1260,1260,1260,1260,1819,1066,1260,1066,1260,1260,1260,1260,1260,1260,1247,1260,1066,1260,1260,1066,1260,1066,1260,1828,1260
1059,1059,1059,1059,1059,1059,1059,1059,1059,1059,1059,1059,1059,1134,1552,1059,1059,1059,1325,1059,1059,1059,1059,1059,1059,1059,1059,1450,1059,1059,1059,1461,1121,1059,1059,1153,1059,1534,1059,1059,1059,1059,1059,1059,1228,1059,1059,1059,1059,1461
1260,781,1128,1260,1260,1260,1197,1446,1260,1260,781,1260,1446,1260,1260,1260,1260,1260,1260,1128,1396,1260,1066,1260,1260,1260,1150,1260,1066,1150,1066,1260,1260,1260,1260,1051,1260,1260,1450,1260,1396,1150,1197,1051,1450,1066,1260,1260,1150,1141
1827,1719,1059,1059,1465,1059,1059,1059,1059,1059,1059,1434,1059,1059,1059,1059,1487,1059,1059,1638,1059,966,1059,1059,1059,1461,1059,1415,1059,1059,1059,1059,966,1059,966,1601,1461,1059,1059,1059,1059,1059,1059,1059,1827,1059,1461,1059,1059,1059
1177,1802,1260,1745,1260,1177,1260,1260,1128,1260,1160,1260,1260,1260,1639,1260,1260,1260,1260,1160,1066,1260,1260,1260,1260,1260,1260,1260,1260,1160,1160,1260,1066,1066,1260,1260,1802,1260,1709,1260,1260,1260,1343,1260,1260,1260,1128,1260,1260,1259
1059,966,1461,1059,1059,1059,966,1059,1259,1389,1675,1059,1059,1059,1059,1059,1059,1059,1059,1059,1059,1518,966,1768,1259,1059,1059,1059,1059,966,1605,2004,1663,1461,1518,1059,1059,1059,1059,1059,1059,1059,1663,1059,1059,1259,1059,1059,1059,1059
1260,1605,1054,1054,1260,1054,1260,1066,1260,1456,1260,1260,1149,1260,1259,1259,1260,1224,1364,1149,1260,1260,1260,1260,1260,1260,1260,1260,2049,1260,1260,1260,1260,1260,1260,1260,1260,1066,1149,1260,1260,1260,1260,1260,1637,1054,1054,1562,1260,1260
1059,1059,1059,1059,1059,1059,1059,1694,1059,1059,1059,1059,1059,1059,1059,1059,1818,1059,1485,1059,899,1059,1059,1605,1059,899,1059,1059,1059,1370,1689,1059,1059,1059,1059,1059,1059,1059,1485,1059,899,1059,1059,1059,1059,1059,1059,1059,1442,1059
1260,1260,1260,1260,1189,1260,1260,1260,1054,1260,1260,1260,1260,1260,1260,1260,1260,1260,1260,1260,1576,1248,1260,921,1260,1053,1260,1260,1149,1260,1689,1149,1189,1260,1260,1260,1149,1260,1260,1260,1053,1248,1613,1260,1260,921,1260,1260,1515,1260
1059,1059,1059,1348,1011,1059,1059,1059,1059,1059,1099,1059,1059,1059,1059,1570,1059,1059,1059,1059,1059,1059,1059,1059,1059,1051,1059,899,1059,1059,1059,1371,1059,1059,1059,1059,1358,1059,1059,1059,1059,1059,1059,1059,1059,1059,1059,1059,1059,1011
1260,1260,1642,1260,1260,1260,993,1260,1260,1260,1260,1260,1260,1260,993,1260,1641,1260,1260,1260,1260,1260,1260,1260,1260,1260,1260,1610,1260,1260,1260,1260,1576,1595,1260,1204,1260,1260,1260,1722,1260,1260,1799,1260,1260,1260,993,1260,1260,1260
1059,1059,1059,1059,1059,1059,1059,1059,1431,1302,1059,899,1059,1059,1059,1667,899,1059,1733,1059,1059,1059,1059,1059,899,1059,1059,1059,1059,1059,1059,1059,1243,1011,1059,1647,1059,1059,1059,1059,1059,1059,1059,1059,1059,1059,1011,1059,1059,1059
1260,1260,1378,1260,1074,1427,1427,1478,1260,1478,1260,993,1260,1260,1260,1260,1260,1137,1260,1538,1260,993,1260,1137,1260,993,1260,1260,993,1538,1260,1260,1576,1260,1378,1260,993,1260,1069,1260,1260,1260,1260,1260,1260,1378,1260,1717,1260,1260
1059,1059,1059,899,1059,1059,1059,1059,1059,1647,1059,1059,899,1059,1059,899,1024,1059,1059,1018,1059,1059,1647,1059,1059,1059,1059,1059,1059,1429,1059,1059,1696,1018,1059,1351,1059,1059,1024,1547,1059,1059,1059,1059,1647,1351,1059,1429,1059,1647
993,1260,1260,1260,1260,1260,1260,1260,1795,1260,1260,1260,1260,993,1260,1260,1779,993,993,1160,1299,1260,1160,993,1260,1260,2058,1260,1260,1779,1368,1260,1260,1260,1260,1260,1604,1260,1160,1260,1286,1260,1260,1794,1260,1260,1260,1260,993,993
1059,1059,1059,1059,1024,1059,1059,1059,1059,1059,1059,1059,1059,1059,1059,1584,1624,1367,1803,1059,1059,1059,1059,1625,1059,1584,1059,1024,1059,1024,1367,1059,1018,1059,1059,1024,1059,1059,1059,1537,1059,1059,1059,1059,1507,1059,1018,1059,1059,1059
1260,1260,1260,1260,1260,1260,1260,1260,1260,1260,1200,1260,1260,1779,1260,1260,1077,1077,1260,1200,1260,1242,1260,1200,1260,1260,1260,1260,1260,1260,1260,1260,1260,1260,1584,1260,1077,1779,1200,1260,1260,1260,1260,1260,1260,1561,1260,1745,1260,1260
1017,1059,1300,1059,1059,1634,1390,1059,1059,1059,1059,1059,1059,1059,1059,1059,1129,1059,1017,1059,1024,1059,1024,1059,1017,1059,1017,1410,1059,1059,864,1059,1059,1059,1059,1059,1059,1059,1059,1059,1059,1059,1059,1017,1059,1059,1024,1024,1059,1024
1260,1260,1260,1332,1260,1260,1260,1212,1260,1144,1260,1260,1260,1260,1260,1482,1221,1128,1260,1260,1320,1260,1260,1260,1260,1260,1020,1260,1144,1260,1260,1685,1508,1260,1340,1732,1144,1260,1260,1020,1260,1260,1260,1685,1260,1260,1260,1212,1260,1260
1017,1017,1059,1017,1059,1059,1696,1059,1059,1017,1059,1059,1059,1059,1059,1059,1059,976,1059,1059,1059,1059,1059,1059,1017,1017,1059,1129,1059,1059,1059,1059,976,1059,1017,1059,1059,1059,1059,1732,1059,1059,1059,1059,1059,1059,1059,1059,1696,1017
1260,1260,1649,1260,1260,1260,1260,1139,1260,1260,1260,1685,1260,1481,1701,1139,1139,1260,1260,1260,1260,1260,1685,1685,1260,1260,1260,1260,1260,1685,1260,1539,1260,1260,1260,1260,1260,1260,1260,1260,1260,1260,1260,1260,1260,1260,1260,1260,1260,1260
1059,1059,1017,1059,1059,1017,1059,1017,1059,1059,1059,1059,1059,1059,1059,1017,1059,1059,1059,1017,1017,1059,1059,1017,1059,1059,1059,1059,1059,1059,1017,1059,1059,1059,1059,1431,1059,1059,1059,1059,1059,1059,1059,1059,1059,1059,1118,1059,1059,1059
1260,1260,1260,923,1260,1260,1338,1260,1260,1260,1260,1260,1044,1260,1260,1260,1248,1499,1260,1149,1260,1260,1149,923,1260,1260,1260,1260,1260,1260,1260,923,1260,1260,1260,1260,1260,1260,1260,1248,1260,1260,1260,1260,1260,1260,1338,1260,1260,1260
1059,1059,1059,1059,1059,1059,1059,1059,1059,1059,1059,1059,1059,1059,1059,1680,1059,1059,1059,1059,1569,1059,1059,1059,1059,1059,1059,1059,1059,1059,1059,1059,1059,1059,1059,1059,1059,1059,1059,1059,1059,1059,1059,1059,1693,1718,1059,1234,1059,1059
1260,1260,1260,1260,1260,1260,1260,1260,1260,1260,1260,1260,1260,1260,1101,1248,1260,1260,1260,1260,1260,1260,1260,1260,1040,1260,1260,1260,1040,1260,1260,1260,1469,1260,1260,1260,1260,1260,1260,1260,1260,1260,1260,1260,1260,1260,1260,1248,1260,1260
1059,1059,1059,1029,1059,1059,1501,1059,1059,1984,1059,1059,1059,1059,1059,1059,1059,1029,1059,1059,1059,1059,1059,1059,1663,1059,1059,1774,1059,1059,1059,1059,1059,1059,1059,1043,1059,1059,1059,1059,1059,1059,1059,1059,1680,1059,1059,1059,1059,1059
1250,1248,1260,1260,1260,1260,1526,1260,1260,1260,1260,1260,1260,1260,1260,1260,1260,1608,1260,1260,1260,1260,1248,1260,1260,1231,1346,1532,1260,1260,1260,1260,1260,1260,1512,1248,1260,1260,1260,1260,1399,1260,1260,1248,1260,1719,1608,1260,1248,1260
1059,1031,1059,1059,1059,1059,1059,1059,1059,1059,1672,1059,1059,1059,1031,1059,1059,1059,1059,1482,1460,1059,1059,1059,1059,1059,1059,1059,1059,1592,1031,1059,1059,1059,1031,1059,1264,1059,1059,1059,1059,1482,1059,1226,1059,1550,1059,1203,1059,1059
1260,1260,1260,1234,1260,1234,1260,1260,1260,1260,1139,1260,1260,1234,1260,1260,1260,1260,1260,1260,1260,1499,1260,1234,1260,1260,1100,978,1260,1260,1260,1260,1234,1100,1234,1260,1260,1260,1260,978,1260,1478,1234,1260,1260,1260,978,1260,1260,1234
1059,1031,1059,1041,1031,1031,1059,1031,1031,1031,1059,1059,1059,1031,1469,1031,1553,1031,1031,957,1031,1059,1031,1316,1031,1059,1031,1059,1059,1059,1059,1059,957,1059,1059,1059,1031,1059,1031,1031,1518,1031,957,1059,1059,1031,1059,1059,1059,1031
1260,1260,1234,1234,1260,1099,1290,1355,1234,1082,1234,1260,1260,1260,1082,1217,1234,1355,1234,1234,1159,1234,1230,1234,1448,1260,1248,1260,1463,1234,1260,1260,1230,1082,1230,1586,1234,1659,1234,1260,1159,1234,1260,1234,1234,1260,1230,1260,1659,1230
1059,1059,1059,1059,1059,1589,1031,1031,1031,1059,1031,1031,1309,1031,1031,1572,1572,1031,1188,1458,1031,1540,1059,1059,1414,1680,1309,1031,1031,1059,1414,1578,1059,1031,1031,1031,1059,1059,1059,1309,1438,1059,1589,1554,1031,1059,1031,1492,1188,1031
1260,1230,1234,1234,1248,1248,1234,1234,1195,1159,1260,1830,1260,1554,1260,1234,1234,1234,1195,1234,1082,1230,1230,1099,1234,1234,1082,1562,1082,1896,1234,1234,1234,1230,1314,1234,1234,1260,1146,1099,1234,1260,1234,1234,1230,1234,1234,1896,1159,1082
1512,1031,1031,1031,1595,1031,1059,1031,1674,1894,1031,1031,1059,1031,1031,1031,1709,1438,1031,1031,2000,1031,1031,1031,1031,1589,1309,1554,1589,1309,1031,1031,1059,1605,1059,1031,1031,1309,1031,1031,1309,1031,1031,1031,1512,1031,1031,1059,1031,1543
1241,1234,1082,1234,1082,1234,1234,1234,1234,1234,1234,1230,1082,1124,1234,1234,1234,1234,1230,1234,1082,1230,1230,1230,1234,1234,1234,1234,1234,1230,1082,1234,1234,1082,1234,1234,1234,1234,1082,1234,1234,1234,1234,1234,1234,1234,1234,1234,1124,1636
1031,1031,1031,1031,1359,1031,1140,1031,1031,1359,1031,1031,1027,1309,1031,1031,1031,1697,1581,1031,1309,1031,1031,1031,1031,1031,1031,1031,1027,1031,1031,1031,1031,1031,1031,1031,1031,1031,1311,1031,1031,1031,1031,1031,1031,1031,1309,1031,1031,1031
1234,1234,1234,1093,1234,1082,1234,1082,1234,1234,1234,1234,1234,1323,1234,1662,1234,1234,1234,1088,1234,1234,1234,1234,1234,1234,1234,1234,1082,1234,1234,1234,1234,1234,1234,1093,1234,1234,1234,1234,1234,1234,1234,1234,1082,1082,1234,1234,1082,1261
1182,1031,1031,1031,1644,1031,1309,1031,1068,1031,1031,1031,1031,1564,1031,1425,1031,1182,1031,1031,1309,1182,1031,1031,1749,1031,1031,1309,1031,1031,1031,1031,1031,1031,1031,1031,1031,1031,1031,1031,1031,1031,1031,1031,1031,1031,1749,1031,1031,1673
1234,1234,1234,1234,1234,1082,1082,1234,1082,1234,1234,1623,1082,1234,1234,1234,1323,1234,1234,1234,1234,1234,1234,1234,1234,1234,1234,1234,1234,1234,1234,1234,1409,1234,1234,1234,1238,1234,1082,1234,1536,1755,1234,1234,1234,1082,1234,1234,1234,1082
1031,1031,1031,1031,1031,1031,1031,1031,1031,1031,1031,1031,1031,1031,1031,1031,1031,1031,1031,1031,1682,1031,1031,1031,1031,1031,1031,1031,1031,1655,1031,1031,1031,1226,1636,1490,1560,1309,1607,1031,1031,1031,1031,1031,1031,1031,1031,1031,1031,1031
1234,1234,1234,1234,1728,1234,1234,1234,1234,1234,1234,1234,1234,1095,1284,1234,1234,1234,1674,1234,1234,1234,1133,1234,1234,1082,1212,1234,1095,1234,1234,1234,1234,1234,1234,1234,1234,1234,1234,1234,1603,1234,1765,1234,1234,1234,1234,1082,1234,1234
1031,1226,1031,1373,1031,1031,1031,1031,1879,1031,1225,1031,1031,1309,1031,1031,1031,1031,1031,1031,1031,1031,1031,1031,1031,1031,1031,1031,1031,1031,1031,1031,1227,1031,1031,1031,1031,1031,1031,1031,1031,1031,1031,1462,1031,1226,1031,1031,1031,1031
1234,935,1082,1234,1234,1234,1234,1234,1234,1234,1234,1675,1234,1234,1183,935,1133,1234,1234,1234,1234,1824,1234,1234,1234,1524,1366,1234,1604,1234,1234,1234,1183,1234,1234,1183,1234,1234,1234,1234,1234,1133,1234,1234,1234,1234,1234,1234,1234,1234
975,1031,1031,1031,1031,1031,1031,1031,1031,1031,1031,1031,975,1031,1031,975,1309,1031,1031,1031,1781,1031,1031,1031,1373,1031,1031,1031,1031,1031,909,975,1031,1729,975,1031,1690,1031,1031,1800,1031,1717,1031,1031,1776,1031,975,1031,1031,1031
1234,1188,1234,1087,1234,1234,1234,1234,1234,1188,1234,1234,1675,1234,1234,1234,1234,1234,1035,1234,1234,1234,1234,1234,1234,1420,1234,1617,1234,1234,1185,1111,1188,1234,1234,1082,1234,1188,1234,1082,1234,1183,1082,1234,1234,1234,1234,1234,1183,1234
1031,1031,1031,1031,1031,1031,1485,1031,1123,1031,1031,1352,994,1031,1031,1031,1031,1031,1031,985,1031,1031,1031,1485,1031,1327,985,1031,1485,1031,1031,1031,1031,1031,1031,1031,1497,1031,1327,1031,1031,994,1031,1031,1031,985,1031,1802,1031,1031
1234,1234,1234,1150,1234,1234,1234,1188,1234,1188,1404,1674,1234,1234,1234,1234,1234,1188,1234,1150,1234,1234,1188,1234,1234,1234,1234,1234,1035,1699,1234,1234,1234,1234,1234,1632,1824,1234,1234,1234,1415,1234,1234,1234,1234,1150,1234,1234,1234,1234
1031,1031,1031,1031,1031,1031,985,1031,1031,1031,1031,985,1031,1031,1230,1031,1620,1031,1031,1031,1031,1031,1031,985,1031,1031,1031,1246,1031,1031,1031,1031,1124,1031,985,1031,1124,1125,1125,1031,1031,1124,985,1031,1031,1031,1031,1031,985,1031
1234,1595,1234,1234,1122,1150,1234,1234,1234,1779,1122,1234,1234,1234,1234,1234,1234,1234,1150,1234,1234,1234,1234,1234,1245,1234,1234,1150,1234,1234,1234,1234,1234,1234,1150,1150,1234,1404,1299,1150,1122,1234,1234,1234,1234,1234,1234,1234,1265,1234
1031,1031,1125,1031,1031,1765,1031,1031,1031,1314,1125,1031,1031,1031,1031,1031,1290,1031,1031,1031,1222,1137,1031,1031,1031,1031,985,1031,1031,1031,1125,1290,1031,1125,1031,1031,985,1125,1031,1031,1031,1031,1031,1031,1031,1031,1031,1290,1031,1031
1317,1234,1094,1234,1234,1234,1234,1234,1094,1234,1234,1234,1150,1528,1234,1092,1234,1234,1234,1092,1234,1150,1234,1555,1234,1234,1234,1317,1150,1234,1234,1234,1094,1449,1315,1234,1234,1234,1259,1234,1234,1234,1150,1234,1150,1234,1234,1234,1234,1150
1125,1031,1031,1031,1031,1031,1031,1031,1031,1031,1031,1031,1031,1031,1333,1031,1031,1474,1125,1031,1031,1031,1526,1031,1031,1031,1031,1703,1232,1031,1031,1031,1125,1031,1031,1031,1031,1031,1031,1031,1031,1031,1031,1031,1031,1031,1125,1031,1125,1031
1234,1234,1234,1234,1150,1234,1234,1292,1150,1234,1234,989,989,1234,1292,989,1234,1150,989,1234,1150,1234,1234,1150,1234,1234,1234,1234,1150,1150,1234,1234,1515,989,989,1234,1234,1234,1234,1123,1234,1234,1150,1150,1234,1234,1150,1234,1123,1234
1388,1031,1125,1031,1031,1031,1125,1388,1031,1031,846,1031,1031,1031,1031,1125,1125,1031,1031,1031,1125,1031,1031,1031,1031,1594,1515,846,1031,1031,1031,1388,1031,1031,1031,1149,1031,1031,846,1031,1031,1031,1031,1031,1031,1031,1405,1031,1031,1031
1150,1123,1234,1234,1231,1234,1231,1234,1234,1234,1211,1234,1123,1234,1123,1123,1234,1150,1234,1319,1234,1234,1805,1234,1234,1150,1123,1150,1150,1123,1234,1211,1234,1123,1211,1150,1150,1150,1234,1211,1234,1234,1214,1234,1234,1234,1234,1234,1292,1234
1388,1031,1031,1031,1031,1372,1388,1031,1388,1031,1031,1031,1031,1031,1618,1031,1031,1031,1506,1031,1125,1031,1031,1031,1031,1031,1031,1506,1031,1031,1031,1031,1031,1031,1388,1468,1091,1031,1031,1506,1031,1125,1031,1427,1125,1031,1472,1031,1125,1031
1234,1776,1150,1234,1150,1234,1234,1150,1234,1150,1150,1211,1234,1234,1234,1234,1457,1123,1205,1259,1618,1313,1150,1150,1211,1791,1234,1234,1150,1234,1234,1150,1123,1150,1211,1234,1234,1234,1234,1234,1234,1234,1234,1234,1374,1123,1234,1150,1704,1234
1031,1031,1031,1669,1031,1031,1570,1031,1031,1031,1031,1031,1031,1031,1031,1031,1031,1577,1125,1361,1737,1093,1031,1031,1031,1125,1506,1031,1031,1125,1031,1031,1125,1031,1361,1031,1031,1093,1031,1031,1031,1031,1031,1031,1031,1031,1031,1031,1031,1031
1234,1474,1234,1234,1234,1234,1234,1150,1234,1234,1234,1234,1234,1150,1234,1234,1688,1150,1234,1234,1234,1234,1234,1234,1234,1150,1150,1234,1474,1234,1211,1029,1710,2064,1234,1057,1234,1234,1234,1029,1614,1234,1704,1234,1234,1614,1234,1234,1234,1234
1031,1290,1031,1031,1125,1031,1031,1031,1031,1031,1031,1031,1031,1031,1031,1031,1166,1031,1498,1031,1031,1031,1031,1031,1031,1031,1031,1031,1031,1031,1031,1031,1031,1031,1031,1031,1031,1290,1031,1031,1031,1031,1031,1031,1125,1031,1031,1031,1506,1031
1234,1234,1234,1234,1234,1234,1112,1234,1002,1446,1002,1234,1234,1234,1234,1029,1234,1234,1234,1234,1029,1234,1234,1211,1211,1150,1234,1234,1234,1234,1150,1234,1234,1002,1125,1234,1029,1234,1125,1150,1234,1234,1234,1234,1234,1211,1234,1234,1234,1582
1031,1510,1031,1031,1031,1031,1031,1147,1031,1125,1392,1147,1031,946,1031,1031,946,1031,1031,1338,1408,1031,1031,1031,1031,1031,1031,1031,1031,946,1408,1031,1031,1031,1125,1031,1031,1031,1031,1510,1031,1031,1031,946,1031,1031,1031,1031,1506,1031
1104,1234,1234,1234,1234,1642,1234,1234,1234,1234,1234,1234,1234,1234,1234,1234,1150,1234,1150,1234,1104,1234,1154,1125,1125,1234,1234,1234,1150,1156,1234,1234,1430,1234,1002,1234,1234,1234,1211,1234,1234,1234,1154,1211,1234,1125,1234,1234,1234,1234
1031,1031,1031,1031,1031,1388,1475,1031,1031,1031,1031,1031,1031,1031,1031,1031,1031,1390,1031,1153,1031,1031,1031,1031,1031,1031,1031,1031,1031,1317,1125,1031,1031,1031,1031,1031,1031,1031,1408,1031,1031,1031,1031,1031,1031,1031,1031,1031,1031,1031
1234,1049,1234,1234,1234,1234,1234,1234,1234,1234,1474,1104,1234,1234,1104,1234,1234,1234,1154,1234,1234,1603,1234,1234,1154,1234,1234,1234,1234,1474,1234,1234,1234,1234,1234,1234,1234,1234,1234,1154,1104,1234,1234,1234,1536,1234,1154,1234,1234,1234
1031,1031,1233,1233,1031,1031,1031,1031,1031,1031,1031,1031,1364,1388,1031,1031,1031,1031,1031,1031,2037,1031,1031,1031,1487,1031,1031,1515,1370,1031,1031,1031,1031,1031,1031,1031,1388,1031,1031,1031,1031,1031,1031,1031,1031,1370,1031,1031,1031,1031
1234,1234,1234,1234,1565,1234,1234,1234,1049,1322,1234,1234,1234,1234,1234,1234,1234,1234,1234,1234,1154,1234,1234,1234,1234,1234,1234,1154,1234,1234,1234,1234,1234,1234,1234,1234,1234,1411,1234,1234,1234,1234,1234,1049,1154,1234,1234,1234,1234,1234
1031,1031,1031,1418,1542,1031,1031,1388,1031,1031,1682,1332,1031,1031,1031,1031,1031,1031,1031,1031,1031,1031,1031,1031,1031,1031,1031,1031,1031,1031,1031,1031,1031,1031,1031,1418,1031,1031,1031,1031,1010,1031,1015,1031,1031,1015,1372,1031,1031,1031
1234,1234,1234,1234,1234,1234,1234,1234,1201,1234,1234,1234,1234,1234,1201,1234,1234,1234,1201,1234,1234,1234,1461,1234,1234,1201,1497,1059,1234,1234,1234,1234,1234,1461,1234,1303,1200,1234,1059,1059,1234,1234,1234,1839,1234,1234,1201,1234,1234,1201
1031,1295,1031,1031,1031,1031,1031,1015,1031,1031,1031,1031,1518,1612,1031,1468,1468,1031,1031,1031,1031,1031,1031,1031,1031,1031,1031,1031,1728,1031,1031,1031,1031,1031,1031,1468,1539,1031,1031,1031,1031,1031,1031,1031,1031,1031,1031,1031,1031,1031
1234,1234,1234,1234,1234,1590,1234,1741,1234,1234,1234,1234,1201,1234,1234,1234,1234,1201,1234,1234,1201,1201,1200,1234,1234,1234,1234,1200,1234,1234,1234,1096,1234,1761,1234,1201,1234,1596,1234,1234,1059,1201,1234,1234,1234,1234,1767,1201,1200,1234
1031,1612,1031,1031,1031,1031,1031,1031,1031,1031,1581,1031,1031,1031,1031,1468,1031,1031,1031,1031,1031,1031,1031,1031,1031,1031,1031,1031,1031,1031,1031,1031,1031,1031,1031,1031,1031,1295,1031,1031,1031,1031,1031,1031,1031,1031,1031,1031,1031,1031
1234,1234,1234,1234,1200,1096,1234,1234,1234,1234,1234,1234,1234,1192,1234,1234,1234,1234,1234,1234,1234,1234,1234,1234,1234,1172,1201,1234,1172,1234,1234,1234,1192,1234,1234,1234,1192,1234,1234,1234,1234,1234,1096,1096,1234,1234,1381,1234,1096,1192
1031,1031,1031,1031,1031,1031,1031,1358,1031,1405,1522,1031,1031,1031,1031,1031,1717,1031,1031,1031,1031,1031,1031,1087,1031,1380,1031,1031,1031,1405,1031,1031,1031,1031,1031,1692,1031,1031,1031,1031,1031,1031,1495,1031,1031,1031,1031,1031,1581,1031
1234,1234,1096,1096,1232,1088,1192,1192,1234,1234,1234,1234,1234,1234,1234,1234,1192,1234,1234,1234,1234,1234,1234,1234,1680,1234,1096,1545,1234,1096,1096,1193,1234,1234,1234,1234,1234,1234,1468,1234,1234,1232,1234,1193,1234,1234,1234,1234,1234,1234
1144,1031,1031,1801,1031,1031,1031,1031,1031,1031,1031,1031,1031,1031,1031,1031,1031,1514,1031,1088,1031,1031,1031,1031,1031,1031,1031,1031,1031,1031,1031,1514,1031,1031,1031,1031,1581,1031,1031,1231,1031,1031,1031,1031,1031,1031,883,883,1468,1231
1234,1234,1234,1234,1234,1234,1234,1234,1234,1234,1234,1234,1234,1234,1605,1234,1440,1234,1359,1234,1234,1440,1234,1234,1234,1234,1234,1234,1425,1234,1234,1505,1096,1234,1234,1234,1234,1468,1234,1234,1234,1234,1234,1234,1234,1234,1234,1234,1234,1234
1031,1031,1031,1031,1031,1031,1031,1031,1031,1517,1031,1031,1031,1031,1031,1031,1031,1031,1031,1031,1031,1031,1031,1031,1031,1031,1031,1031,1031,1031,1031,1031,1895,1031,1031,1031,1031,1031,1031,1031,1516,1031,1031,1740,1031,1031,1031,1031,1031,1569
1234,1234,1021,1234,1234,1234,1234,1087,1234,1234,1234,1234,1234,1234,1234,1234,1234,1234,1234,1234,1234,1234,1234,1234,1234,1234,1234,1234,1087,1234,1234,1234,1234,1234,1234,1234,1450,1234,1234,1234,1234,1295,1234,1234,1234,1234,1234,1021,1234,1234
1031,1031,1031,1031,1031,1031,1031,1031,1031,1031,1031,1031,1031,1606,1031,1031,1031,1031,1031,1031,1031,1031,1031,1031,1031,1031,1031,1031,1031,1572,1031,1031,1031,1031,1031,1031,1031,1670,1031,1031,1031,1031,1031,1031,1031,1031,1031,1031,1031,1031
1234,1234,1234,1234,1234,1234,1234,1234,1293,1234,1234,1234,1234,1275,1234,1234,1234,1234,1234,1157,1234,1234,1234,1234,1234,1234,1234,1234,1234,1234,1234,1234,1234,1234,1234,1234,1234,1234,1234,1234,1234,1406,1234,1234,1234,1234,1234,1234,1157,1234
1031,1031,1031,1031,1031,1031,1031,1031,1031,1031,1031,1031,1031,1031,1031,1031,1031,1031,1031,1031,1031,1031,1031,1031,1031,1031,1031,1031,1031,1031,1031,1031,1031,1031,1031,1031,1031,1031,1031,1031,1031,1031,1031,1031,1031,1031,1031,1031,1321,1031
1234,1234,1410,1234,1234,1234,1234,1234,1234,1234,1234,1177,1234,1234,1234,1628,1234,1234,1234,1234,1234,1234,1234,1234,1176,1234,1234,1176,1234,1234,1234,1234,1234,1234,1034,1234,1234,1234,1234,1448,1176,1234,1234,1234,1234,1234,1234,1234,1234,1177
1031,1031,1031,1031,1031,1031,1031,1031,1031,1031,1478,1031,1031,1031,1031,1031,1031,1031,1031,1031,1031,1031,1031,1031,1031,1031,1031,1031,1031,1031,1493,1031,1031,1031,1031,1031,1031,1031,1031,1031,902,902,1031,1031,1031,1031,1031,1031,1031,1031
1234,1234,1234,1234,1234,1234,1234,1234,1234,1234,1362,1234,1234,1234,1234,1234,1176,1234,1234,1234,1268,1234,1234,1234,1234,1234,1234,1234,1234,1234,1496,1234,1234,1234,1234,1234,1234,1558,1234,1234,1234,1234,1234,1234,1234,1234,1234,1234,1234,1234
1031,1031,1202,1031,1031,966,1031,1031,1031,1031,1031,966,1031,1031,1031,966,1031,1031,1031,1031,1031,1031,966,1031,1031,1031,1031,1031,1031,1031,966,1031,1031,1031,966,1574,1031,1031,1713,1031,1031,1031,1031,1031,1031,1031,1031,1429,1031,1202
1234,1234,1234,1234,1074,1774,1234,1110,1084,1110,1234,1234,1617,1234,1234,1234,1234,1234,1234,1234,1030,1234,1234,1234,1152,1110,1234,1234,1234,1234,1234,1084,1084,1234,1152,1234,1152,1234,1234,1234,1234,1234,1234,1074,1234,1234,1074,1084,1234,1234
951,1650,1031,1031,1031,1031,1455,1031,1031,1031,1362,1391,1031,1112,1031,1031,1031,1031,1031,1031,1031,1031,1031,1031,1031,1031,1281,1031,1031,1281,1031,1031,1031,1031,1031,1031,1031,1031,1031,1031,1031,1031,1031,1031,1031,1455,1031,1455,1840,1031
1234,1074,1234,1780,1234,1234,1234,1074,1152,1110,1074,1074,1234,1152,1224,1234,1611,1152,1234,1074,1152,1234,1074,1234,1146,1234,1224,1242,1234,1074,1234,1152,1234,1234,1234,1234,1716,1234,1234,1234,1234,1234,1252,1110,1234,1234,1234,1234,1234,1234
1031,1031,1031,1031,1031,1031,1031,1031,1031,1031,1031,1031,1031,1031,1031,1275,1031,1031,1031,1193,989,1031,1031,1193,1031,1031,1455,1031,1031,1031,1699,1281,1031,1031,1031,1522,1031,1031,1167,1091,1031,1480,1031,1031,1281,1031,1031,1455,1031,1031
1234,1234,1234,1234,1234,1234,1202,1234,1234,1074,1234,1234,1234,1234,1234,1234,1234,1234,1234,1234,1152,1152,1464,1234,1234,1234,1234,1234,1074,1152,1375,1234,1234,1074,1152,1234,1252,1152,1234,1234,1234,1387,1234,1234,1234,1214,1234,1234,1234,1234
1031,1031,1031,1031,1031,1031,1031,1031,1316,1031,1031,1031,1031,1031,1031,1031,1031,1031,1031,1031,1367,1031,1031,1031,1031,1031,1031,1031,1031,1031,1031,1031,1455,1167,1031,1031,1031,1843,1031,1031,1031,1031,1455,1031,1031,1480,1281,1031,1031,1031
1234,1152,1234,1234,1234,1234,1234,1234,1234,1035,1074,1152,1234,1234,1234,1074,1234,1234,1152,1074,1234,1226,1234,1234,1035,1226,1234,1234,1234,870,1422,1234,1234,1234,1234,1035,1234,1234,1234,1615,1074,1234,1234,870,1152,1152,1152,1234,1024,1226
1182,1031,1031,1031,1337,910,1023,1335,1031,1031,1429,1031,1585,910,1455,1031,1031,1031,1031,1031,910,1031,1260,1031,1170,1031,1031,1031,1031,1031,1031,1031,1281,1031,1031,1031,1031,1031,1198,1031,1281,1316,1031,1031,1199,1031,1031,1031,1023,1031
1234,1194,1234,1152,1234,1811,1737,1234,1338,1234,1234,1024,1234,1234,1234,1035,1234,1234,1234,1234,1234,1234,1234,1234,1074,1234,1234,1234,1234,1234,1234,1234,1234,1194,1024,1326,1234,1234,1234,1074,1490,1314,1338,1234,1234,1234,1234,1234,1234,1234
1031,1031,1031,1023,1031,1316,1031,1031,1031,1031,1031,1031,1023,1031,1031,1031,1031,1031,1031,1031,1031,1031,1031,1023,1031,1031,1031,1031,1031,1453,1280,1031,1031,1031,1031,1316,1031,1031,1031,1031,1031,1031,1031,1031,1023,1031,1031,1031,1031,1031
912,1234,1234,912,1234,1234,1234,1234,1041,1234,1009,1881,1009,1234,1234,1234,1234,1234,1234,1024,1234,1234,1234,1234,1234,1234,1234,1234,1234,1234,1234,1234,1234,1176,1234,1234,1234,1234,1234,1234,1234,1009,1234,1009,1176,1520,1234,1234,1024,1234
1031,1031,1031,1031,1031,1031,1031,1031,1031,1031,1031,1031,1031,1031,1031,1031,1031,1031,1105,1163,1316,1031,1031,1031,1031,1031,1353,1031,1031,1031,1031,1031,1316,1031,1031,1031,1237,1031,1031,1031,1031,1031,1031,1031,1031,1316,1031,1031,1031,1031
1234,1234,1234,1234,1234,1234,1234,1502,1234,1124,1124,1234,912,1124,1234,1234,1234,1234,1234,1234,1234,1024,1024,1024,1234,1124,1234,1343,1234,1234,1234,1476,1024,1234,1024,1234,1609,1234,1234,1234,1234,1234,1234,1234,1024,1234,1234,1234,1234,1234
1031,1749,1402,921,1031,1031,1031,1031,1031,1031,659,1031,1031,1789,921,1031,1031,1387,1031,1031,1031,1031,1031,1031,1031,1031,1031,1031,1775,1031,1569,1031,1031,1031,1031,1031,1031,1031,921,1316,1031,1031,921,1031,1031,1031,659,1031,1031,1031
1234,1536,1234,1234,1234,1234,1234,1671,1234,1234,1234,1234,1234,1234,1234,1234,1234,1234,1234,1234,1234,1234,1024,1234,1234,1234,1234,1234,1671,1234,1234,1234,1234,1234,1234,1234,1234,1234,1536,1234,1234,1234,1234,1234,1234,1247,1234,1234,1234,1024
1031,1031,1031,1031,1031,1031,1031,1031,1031,1031,1031,1031,1031,1031,1025,1031,1031,1031,1031,1031,1031,1638,1031,1031,1031,1031,1031,1031,1031,1031,1031,1031,1031,1031,1031,1031,1031,1031,1031,1031,1031,1415,1031,1031,1031,1031,1031,1031,1031,1031
1234,1234,1234,1234,824,1234,1064,1234,1234,1234,1234,1234,824,1234,1234,1103,1234,1234,1103,1234,1234,1234,1234,1234,1234,1234,1234,1234,1103,1234,1234,1234,1235,1234,1234,1234,1234,954,1234,1234,1064,1234,1103,1234,1234,1234,1234,824,1234,1234
1031,1031,1031,1031,1031,1031,1031,1031,1031,1031,1439,1031,1138,1031,1031,1439,1031,1031,1031,1800,1291,1443,1031,1031,1031,1031,1031,1031,1031,1280,1031,1031,1031,1031,1031,1031,1031,1031,1031,1031,1031,1331,1031,1272,1031,1031,1031,1031,1031,1031
1234,1234,1218,1234,1234,1313,1234,1234,1234,1234,1234,1234,1234,1234,1064,1064,1234,1064,1234,1064,1234,1234,1234,1728,1234,1234,1234,1234,1234,1234,1585,1234,1218,1234,1234,1715,1234,1234,1234,1234,1234,1234,1218,1234,1234,824,1581,1064,1234,1218
1031,1031,1031,1031,1031,1031,1763,1031,1031,1713,1472,1031,1338,1439,1031,1031,1644,1485,2055,1031,1031,1031,1031,1418,1031,1031,1439,1031,1031,1031,1031,1031,1031,1031,1031,1031,1031,1418,1031,1031,1439,1418,1031,1555,1031,1031,1447,1031,1848,1031
1234,1234,1234,1083,1469,1234,1064,1234,1234,1064,1218,1234,1218,1234,1218,1064,1522,1234,1064,1144,1234,1234,1234,1234,1234,1234,1234,1234,1234,1234,1144,1234,1064,1234,1932,1378,1234,1218,1234,1234,1064,1144,1234,1234,1234,1847,1234,1234,1503,1234
1031,1031,970,1031,1031,1031,1031,1311,1031,1439,1031,1031,1031,1031,1031,1031,1031,1031,1031,1031,1031,1031,1031,1031,1031,1031,970,1439,1031,1031,1419,1031,1031,1031,1031,970,1031,1031,1031,1031,1031,1031,1031,1031,1031,1031,1622,1031,1031,1031
1234,1064,1234,1157,1234,1199,1234,1526,1234,1234,1234,1064,1234,1234,1234,1064,1199,1234,1234,1234,1018,1064,1234,1234,1526,1064,1234,1677,1234,1234,1157,1234,1234,1064,1234,1682,1234,1234,1234,1018,1234,1234,1234,1018,1234,1234,1234,1234,1234,1234
1031,1031,1031,1177,918,1031,1031,1057,1031,918,1031,1031,1031,1031,1031,970,1439,1031,1031,1031,1031,1031,1031,1031,1031,1031,1031,1031,970,1465,1134,970,1031,1031,1031,1031,1031,1031,1031,1031,970,1031,918,1617,970,1057,1031,1031,1393,1031
1234,1526,1234,1553,1234,1234,1234,1234,1234,1234,1234,1817,1234,1234,1429,1234,1234,1429,1234,1234,1526,1234,1234,1234,1234,1234,1234,1526,1234,1234,1234,1362,1234,1285,1234,1234,1043,1234,1234,1553,1234,1234,1234,1234,1429,2011,1234,1075,1234,1234
1031,1031,1031,1481,1031,970,1031,1031,1031,866,1031,1031,1031,1031,1031,1057,970,1031,918,970,1031,1423,918,1031,970,1031,1031,1031,1031,970,1031,970,1031,1525,1031,970,1031,1031,1031,970,1417,918,1031,918,1031,1329,1031,1031,1031,1031
1303,1234,1234,1234,1413,1234,1234,1234,1234,1234,1234,1234,1234,1234,1075,1234,1234,1234,1234,1429,1234,1158,1234,1158,1429,1234,1234,1234,1234,1158,1234,1234,1075,1234,1158,1234,1528,1234,1234,1234,1234,1234,1234,1234,1234,1495,1303,1234,1234,1234
1031,1392,1031,918,1415,1031,1031,1031,1031,1031,1031,1031,1031,1298,977,1031,977,977,1031,1031,977,1031,1031,1031,1031,1373,1031,1031,1298,1031,1031,1031,1031,1031,1031,1031,918,1031,1031,1031,1031,1031,1031,1031,977,1322,1373,1031,1031,1031
1234,1194,1194,1234,1234,1234,1234,1652,1234,1099,1226,1234,1503,1234,1234,1234,1226,1234,1539,1234,1234,1234,1234,1234,1194,1234,1234,1234,1234,1194,1234,1234,1537,1234,1234,1234,1234,1234,1234,1234,1194,1226,1234,1234,1226,1018,1234,1234,1234,1234
1031,1031,1031,1031,1031,1031,1031,1031,1031,1031,1031,1031,1252,1620,1031,1031,1031,1031,1031,1031,1031,1031,1031,1031,1031,1252,1620,1031,1031,1031,1031,1411,1031,1031,1031,1031,1031,1031,1411,977,1411,1031,1031,1031,1031,1031,1726,1031,1031,1031
1234,1234,1234,1234,1234,1234,1234,1226,1234,1234,1007,1234,1234,1234,1234,1234,1183,1226,1234,1234,1234,1234,1234,1007,1234,1234,1007,1226,1709,1226,1234,1234,1234,1234,1250,958,1226,1077,1234,1234,1234,1234,1234,1183,1234,1234,1234,1234,1226,1234
1031,1031,1031,1031,1031,1031,1031,1031,1031,1031,1031,1031,1031,1031,1031,1462,1031,1031,1031,1031,1031,1031,1721,1031,1031,1031,1031,1031,1031,1031,1031,1031,862,1031,1411,1031,1411,1031,1031,1031,1031,1031,1031,1031,1031,1031,1031,1031,1031,1721
1234,1234,1234,1234,1234,1234,1234,1234,1234,1234,1234,1234,1226,1234,1234,1234,1234,1660,1234,1234,1234,1622,1234,1234,1234,1226,1226,1226,1234,1234,1234,1234,1596,1234,1234,1234,1234,1234,1234,1234,1234,1234,1226,1754,1552,1234,1234,1234,1226,1234
1031,1031,1031,1031,1031,1031,1031,1031,1360,1031,1031,1031,1031,1031,1031,984,984,1031,1062,1031,1031,1031,1031,1031,1031,1031,1031,1031,1031,1031,1265,1031,1031,1031,1031,1031,1031,1031,1092,1031,1031,1031,1031,1463,1031,1031,1031,1411,1031,1031
1234,1234,1234,1234,1234,1234,1234,1234,1702,1234,1234,1234,1234,1234,1234,1427,1234,1663,1460,1171,1234,1234,1234,1234,1234,1234,1234,1234,1234,1234,1234,1234,1234,1234,1234,1234,1460,1081,1234,1234,1234,1234,1234,1234,1081,1171,1234,1234,1234,1234
1031,1031,1031,1031,1031,1031,1031,1031,1031,1031,1031,1031,1509,1031,1031,1031,1031,1031,1031,1031,1031,1031,1031,1031,1031,1031,1031,1031,1031,1031,1031,1031,1265,1031,1031,1031,1031,1031,1031,1031,1279,1031,1031,1031,1031,1031,1031,1031,1031,1031
1234,1138,1234,1138,1234,1234,1234,1234,1234,1171,1188,1234,1425,1234,1234,1234,1234,1234,1234,1234,1234,1234,1460,1234,1234,1234,1234,1047,1405,1188,1234,1234,1047,1047,1234,1047,1234,1234,1234,1234,1234,1047,1188,1234,1138,1234,1067,1234,1234,1234
1031,1229,1031,1031,1031,1031,1898,1452,1031,1735,1202,1031,1265,1452,1031,1265,1031,1562,1031,1031,1031,1031,1031,1031,1031,1491,1031,1031,1031,1031,1031,1031,1031,1031,1031,1265,1031,1031,1031,1031,1491,1031,1031,1031,1031,1031,1031,1526,1031,1031
1234,1234,1234,1234,1234,1234,1234,1234,1234,1524,1234,1376,1173,1234,1234,1331,1234,1234,1234,1234,1173,1234,1234,1234,1084,1460,1234,1234,1331,1234,1234,1234,1234,1234,1076,1234,1234,1234,1234,1234,1234,1234,1234,1234,1234,1234,1652,1234,1234,1076
1342,1031,1031,1031,1031,1031,1082,1031,1031,1031,1031,1031,1031,1031,896,1031,1031,1031,1031,1031,1031,1031,1031,1031,1031,1031,1031,896,1031,1031,1342,1031,1031,1031,1031,1297,1031,1031,1031,1547,1031,1031,1031,1031,896,1031,1541,1031,1031,1031
1234,1234,1234,1234,1144,1144,1144,1144,1234,1234,1234,1234,1234,1234,1234,1234,1234,1234,1234,1234,1234,1234,1234,1117,1234,1331,1234,1234,1234,1234,1234,1256,1234,1234,1682,1117,1234,1234,1234,1234,1234,1234,1234,1234,1144,1234,1234,1547,1234,1483
1031,1031,1031,1031,1031,1031,1031,1479,1031,1031,1031,1031,1031,1031,1031,1031,1269,1479,1031,1031,1031,1031,1031,1031,1031,1031,1031,1031,1031,1031,1223,1031,1031,1031,1031,1031,1031,1031,1031,1568,1031,1031,1031,1031,1031,1031,1031,1031,1031,1160
1234,1234,1234,1144,1234,1234,1234,1468,1234,1234,1139,1234,1234,1489,1319,1146,1234,1234,1234,1234,1234,1234,1183,1183,1139,1234,1234,1234,1234,1234,1234,1234,1234,1234,1234,1234,1234,1234,1234,1234,1234,1234,1234,1234,1234,1234,1234,1139,1234,1234
1031,1031,1031,1031,1031,1031,1031,1031,1031,1031,1031,1031,1031,1031,1031,1031,1031,1031,1031,1395,1395,1031,1575,1031,1575,1031,1478,1031,1031,1031,1031,1031,1031,1031,1031,1031,1422,1031,1031,1031,1031,1031,1031,1031,1031,1031,1031,1031,1031,1031
1234,1234,1234,1032,1234,1591,1183,1234,1234,1199,1234,1234,1234,1234,1234,1234,1234,1234,1234,1234,1234,1234,1234,1234,1234,1234,1234,1234,1234,1234,1234,1234,1234,1183,1234,1232,1234,1232,1234,1234,1032,1234,1234,1234,1032,1183,1234,1234,1183,1234
1285,1031,1031,1031,1031,1031,1031,1031,1031,1489,1395,1031,1031,1031,1031,1031,1031,1031,1330,1031,1031,1031,1031,1031,1031,1031,1031,1031,1031,985,1330,1031,1031,985,1031,1031,1031,1031,1031,1031,1031,985,1031,1031,1031,1478,1031,1285,1390,1031
1234,1032,1234,1551,1199,1234,1234,1234,1234,1091,1380,1234,1234,1234,1032,1234,1037,1234,1234,1234,1037,1234,1234,1088,1234,1037,1234,1234,1234,1234,1234,1234,1234,1088,1234,1091,1231,1380,1234,1231,1234,1234,1234,1731,1234,1234,1231,1234,1420,1234
1031,1031,1031,1502,985,1031,1031,1031,1031,1031,1031,1031,1031,1031,1031,1031,1031,1322,1031,1031,1345,1031,924,924,1371,1031,1031,1031,1031,1031,1031,1031,1031,1031,1371,1031,1031,1031,1031,1328,1031,1031,1031,1031,1031,1031,985,985,1031,1031
1234,1234,1234,1234,1375,1091,1234,1234,1234,1234,1234,1234,1234,1234,1234,1234,1234,1234,1234,1234,1234,1234,1234,1234,1234,1037,1234,1234,1234,1234,1234,1234,1114,1234,1234,1234,1234,1570,1037,1234,1234,1234,1010,1234,1037,1234,1234,1010,1234,1234
1031,1031,1511,1031,1031,1031,1332,1031,1031,1031,1031,1031,1031,1031,1031,1147,1031,1031,1371,1031,1031,1031,1031,1031,1031,1288,1031,1031,1031,1031,1031,1031,1031,1031,960,1031,1031,1031,1031,1031,1031,1031,1031,1031,1031,1088,1031,1031,1371,1031
1234,1234,1234,1234,1581,1037,1234,1234,1106,1234,1234,1106,1234,1373,1373,1234,1234,1387,1234,1234,1466,1234,1037,1234,1234,1234,1234,1234,1234,1234,1234,1234,1721,1234,1710,1234,1234,1234,1234,1234,1234,1234,1234,1234,1234,1037,1234,1234,1234,1234
1031,1031,1031,1031,1031,1371,1031,960,1031,1031,1031,1017,1017,1031,1031,1585,1031,1031,1510,1031,960,1031,1031,1387,1031,1031,1031,1031,1031,1031,1031,1031,1031,1031,1031,960,1031,1370,1310,1031,1031,1031,1332,1031,1031,1031,1031,1031,960,1031
1234,1339,1707,1234,1234,1234,1234,1593,1234,1234,1581,1234,1234,1234,1479,1234,1234,1234,1234,1234,1234,1234,1234,1234,1234,1234,1234,1339,1234,1234,1234,1234,1234,1234,1234,1581,1234,1278,1234,1234,1234,1106,1234,1234,1234,1234,1234,1234,1106,1234
1031,1031,1031,1031,1031,1031,1031,1031,1031,1031,1031,1031,1031,1031,1031,1031,1031,1031,2137,1031,1031,1031,1031,1031,1031,1031,1031,1031,1031,1031,1031,1031,1031,960,1031,1031,1031,1031,1031,1031,1031,1031,1031,1031,1031,1031,1031,1387,1031,1031
1234,1234,1359,1234,1234,1234,1234,1234,1234,1011,1186,1028,1157,1234,1234,1468,1234,1234,1234,1234,1234,1234,1011,1234,1011,1234,1234,1011,1234,1217,1163,1234,1234,1234,1217,1234,1234,1234,1234,1234,1234,1363,1234,1186,1234,1011,1234,1234,1234,1387
1031,1031,1031,1031,1031,1031,1031,1031,1031,1031,1658,1031,1031,1404,1031,1031,1031,1031,1031,1031,900,1337,1031,1404,1031,1031,1031,1031,1031,1031,1031,1031,1031,1658,1469,1031,1031,1645,1031,1031,1031,1031,1337,1665,998,1031,1031,1826,1031,1031
1234,1234,1234,1234,1234,1234,1186,1011,1234,1193,1234,1186,1234,1234,1234,1186,1416,1568,1234,1234,1234,1186,1234,1234,1234,1234,1234,1011,1234,1234,1234,1186,1234,1234,1186,1645,1186,1234,1234,1234,1234,1234,1193,1193,1234,1234,1186,1234,1234,1234
1031,1031,1031,1031,1031,1031,1031,1223,1031,1031,1031,1031,1031,1031,1031,1337,1360,983,1031,1272,1031,1031,1725,1031,1758,1031,1031,1031,1031,1031,1031,1031,1223,1031,1031,1031,1031,1877,1031,1031,1031,983,1337,1031,1031,1031,1031,1031,1031,1337
1234,1234,1234,1234,1234,1234,1234,1210,1234,1234,1234,1234,1234,1234,1234,1234,1234,1234,1053,1234,1234,1355,1234,1186,1234,1186,1186,1234,1234,1234,1234,1234,1234,1193,1186,1234,1234,1234,1971,1234,1234,1234,1234,1234,1234,1234,1234,1234,1234,1234
