2710,2710,2408,2710,2411,2710,2655,2710,2710,2710,2710,2655,2705,2609,2710,2710,2710,2411,2611,2710,2710,2411,2655,2710,2710,2610,2710,2710,2705,2705,2610,2511,2511,2710,2705,2710,2710,2710,2611,2609,2710,2710,2710,2710,2609,2710,2710,2690,2408,2710
2706,2659,2313,2710,2465,2465,2410,2600,2704,3700,2365,2854,3000,2313,2416,2707,2710,2659,2600,2664,2507,2664,2710,2600,2313,2607,2365,2561,2664,2416,2660,2710,2660,2600,2600,2710,2759,2617,2710,2365,2710,2413,2465,2659,3033,2660,2607,2612,2707,2660
2875,2438,2414,2617,2408,2315,2270,2270,2408,2315,2367,2875,2625,2414,2364,2411,2367,2708,2625,2775,2757,2411,2408,2315,2408,2610,2364,2754,2549,2408,2408,2270,2558,2408,2315,2625,2509,2318,2487,2367,2408,2363,2408,2659,2413,2509,2438,2408,2756,2759
2605,2409,2363,2313,2267,2325,2600,2263,2516,2600,2313,2269,2508,2365,2325,2357,2568,2541,2313,2267,2168,2313,2467,2269,2560,2467,2168,2357,2365,2508,2568,2390,2313,2560,2411,2168,2079,2365,2365,2168,2390,2362,2600,2560,2269,2325,2411,2269,2378,2263
2291,2335,2166,2412,2312,2115,2017,2408,2291,2410,2312,2408,2514,2219,2435,2115,2017,2383,2418,2410,2215,2456,2508,2322,2115,2262,2407,2410,2262,2417,2270,2115,2419,2216,2359,2407,2410,2464,2291,2367,2415,2178,2435,2419,2178,2017,2367,2270,2456,2410
2116,2306,2297,2216,2271,2079,2116,2168,2264,2216,2241,2216,2168,1968,2435,2092,2079,2406,2321,2219,2097,2219,2459,2168,2311,2417,2361,2306,2216,2241,2410,2406,1968,2405,2168,2600,2241,2276,2241,2241,2079,2271,2417,2079,2092,1972,2219,2266,2216,1972
1950,2189,2359,2355,1980,1903,2453,1926,2249,2262,2500,1980,2340,2407,2124,2072,1978,1903,2354,1926,2363,2419,2120,2018,2018,2114,2408,2189,2120,2249,2094,2017,2404,2195,2094,2315,2018,2249,2172,2540,2419,2336,2230,2214,2213,2355,2250,2230,1950,2355
2382,2341,2147,1850,1923,1939,1923,1833,2079,2236,2079,2094,2480,2263,2118,2341,2271,2227,2232,2177,2227,2116,2216,1923,2317,1968,2094,2227,2186,2292,2227,1939,1833,2379,1850,2079,2236,2292,2227,2165,2116,2520,2236,2395,2236,2306,2217,1968,2227,2271
2261,1802,2118,2243,2124,2327,2311,1926,1926,1972,1963,1926,2094,1802,2018,2357,1995,1923,2017,2082,2311,1903,1923,2165,2019,2017,1926,1963,2124,1923,2018,1802,1903,1923,2082,2032,2284,2139,2018,2017,1926,1972,1926,2120,2278,1903,2098,2018,2139,2278
2321,2082,2128,1930,1833,1924,2249,2207,2236,1930,2207,2171,2181,2047,2236,1945,2462,1931,1939,1850,2097,1833,2227,2166,2227,2171,1939,2128,1945,1939,1828,2181,2034,2082,1833,1972,1924,1828,2034,2341,2142,2249,2097,2111,2207,1939,1939,2052,2166,2236
2166,2018,2260,2068,1903,2173,2023,1903,2021,2243,2144,2082,1976,2018,2066,1903,1924,1926,1924,1903,1903,1802,1802,2068,2048,2018,2135,1931,2171,1903,2260,2068,1802,2046,2056,2068,1931,2139,2138,2021,1926,1802,1802,2023,2067,1976,2097,2091,2230,2278
2126,1977,2171,1977,2269,2039,2256,2171,1939,2236,2170,1998,1974,2227,2039,2171,1830,2105,2176,1953,2171,1734,1881,1939,1977,2124,2213,1830,2124,2039,1830,1977,2056,2171,1878,2170,2121,1878,1828,1977,2217,2121,2126,2236,2149,1828,1913,1881,1977,1734
1750,1882,2064,2072,2121,1802,1758,2139,1978,2121,1705,1750,1903,1649,1903,1605,1649,1605,1829,2064,1649,2138,2115,2072,1705,1781,1925,1882,2139,1882,2288,1882,2172,1758,2214,2115,1750,1922,1829,1750,2341,2124,1605,1922,2121,1802,1925,2121,2123,2100
2277,2126,1828,2225,1974,1665,2179,1665,1983,1665,2216,2273,1913,1943,1977,1913,1913,2215,1913,2179,1510,2147,2284,1853,1991,1665,1974,2037,2271,2000,1983,1943,1880,2126,2215,1943,1829,1971,1853,1665,1913,2039,2225,1913,2055,2208,2037,1828,1943,1960
1746,2120,1605,1974,1744,1705,1649,1977,1883,1605,1605,1811,1605,2220,1758,1649,1605,2134,1974,1974,1916,1705,1922,1811,2160,1758,1977,1781,1881,2158,1605,1758,1881,1649,1605,1781,2155,2087,2294,1746,1649,2008,1916,1811,1781,2134,1649,1605,1705,1881
2019,1768,2193,1940,1913,1918,1684,1739,1684,1940,1928,1853,1913,1928,1768,1853,1878,1819,2439,1735,1913,2196,1756,1878,2225,1918,1913,1739,1665,1918,1913,1913,2077,1684,1913,1742,1665,1665,1873,1665,2097,1768,1665,1819,1739,2146,1913,2225,1746,1913
1649,1605,1840,1950,1923,1605,1605,1605,1811,1823,1605,2067,1621,1605,1746,1923,1974,1605,1925,1621,1840,1931,1605,1605,1950,1605,1605,1974,1931,1621,1974,1930,1605,1605,1605,1605,1523,1811,2120,1746,1970,1974,1746,1595,1931,1605,1605,1835,1605,1605
1890,1871,1890,1918,1665,1913,1733,2042,1913,2084,1913,1997,1735,1756,1913,1735,1913,1665,1756,1913,2152,1665,1756,1913,1733,1986,1665,1665,1913,1913,1890,2117,1735,1665,1913,2065,1665,1913,1665,1918,2000,1665,1739,1733,1918,1665,1913,1997,1756,1650
2174,1974,1605,1605,1605,1974,1555,1974,2122,1595,1595,1936,1746,1605,2199,1692,1605,1605,1840,1930,1605,1934,1605,1930,1727,1860,1735,1555,1555,1595,1860,1802,1605,1605,1746,1664,1595,1605,1605,1605,2242,2001,2131,1605,1934,1605,1788,1746,1692,1555
1665,1503,1665,1913,1890,1913,1503,1913,1895,1913,2027,1665,1913,1578,1913,1918,1913,1890,1779,1890,1890,1877,1643,1756,1779,1871,1918,1753,1643,1882,1756,1918,1877,1913,1890,1890,1895,1753,1503,1759,1877,1890,1759,1813,1913,2023,1890,1890,2027,1722
1605,1605,1605,1832,2120,1593,1595,1595,1595,1908,1927,1818,1595,1898,1621,1595,1605,1908,1595,1864,1746,1645,1593,1605,1818,1595,1604,1605,1595,1595,1818,1605,1595,1595,1896,1746,1908,1864,1604,1595,1898,2062,1746,1746,1595,2064,1605,1595,1595,2087
1753,1815,1890,1913,2121,1846,1890,1781,1815,1877,2034,1827,1846,1890,2166,1781,1786,1913,1824,1890,1827,1890,2240,1781,1913,1684,1890,1815,1890,1815,1890,1877,1828,1890,1890,2175,1984,1877,1824,1684,1890,1684,1890,1913,1781,2032,1890,1988,1890,1913
1773,1595,2176,1953,2101,1947,2009,1773,1595,1896,1953,1686,1605,1773,1773,1595,1595,2009,1595,1605,1953,2009,2088,1595,1605,1605,1595,2038,1605,2088,1595,2120,1595,1953,1595,1941,2022,1595,1785,1595,2101,1818,1595,1595,1781,1872,1595,2088,1595,2241
1684,1683,1683,1836,1690,1684,1753,1359,2020,1684,1683,1933,1359,2186,1933,1737,1890,1612,1684,2043,1737,1946,1852,1933,1913,2100,2186,1890,1612,1877,1877,2043,1625,1790,1684,1828,1884,1845,1359,1890,1890,1852,2043,1784,1884,1913,1683,1913,1683,1684
1999,1835,1595,1953,1964,1928,1999,1922,1770,1925,1908,1922,1925,1595,1968,1968,2066,1605,1880,2120,1595,1595,1928,1595,1595,1981,1896,1953,2088,1953,2062,1605,1908,1980,1980,1982,1652,1652,1889,1595,1880,1889,1968,1953,2088,2088,1605,1595,2088,2009
1684,1877,1652,1877,1928,1877,2339,1652,1890,1737,1850,2056,1594,1684,1997,1890,1753,1859,1913,2057,1657,1877,1684,1913,1852,1652,1594,1748,1972,1852,1652,1981,1753,2020,1797,1890,1884,2032,2030,1594,1684,1652,1890,1821,1890,1748,1981,1997,1594,1890
1628,1706,1896,1609,1605,1652,1702,1930,1926,2039,1595,1968,1878,1926,1652,1896,2120,2039,1918,1896,1652,1928,1892,1605,1751,1751,1605,2031,1930,1962,1878,1609,1999,2037,1641,1702,1595,1997,1997,1896,2120,1595,1964,2088,1595,1605,1595,1952,1892,1896
2056,1881,1753,1843,1852,1753,1693,1753,2016,1830,1594,2078,1830,1997,1830,1753,1852,1890,2072,1787,1843,1894,1652,1890,1830,1843,1753,2011,1753,1753,1594,2073,1778,1894,1652,1830,1590,1938,1723,1890,1753,1723,1753,2168,2064,1684,1748,1753,2016,1723
1964,1780,1755,1747,1755,1609,1755,1842,1896,1896,1742,1595,2037,1998,1652,1609,1755,1896,1652,1896,1901,1652,1751,2020,2092,1999,1747,1930,1780,1896,1595,1755,1896,1930,1595,1751,1755,1901,1628,1896,1780,2078,1747,1780,2113,1742,1896,1873,1918,1595
1930,1890,2056,1753,2118,1753,1673,1930,1753,1852,1673,1673,2069,1753,1748,1957,1838,1890,1890,1753,1753,1787,1673,2137,1753,1753,1753,1890,1728,1728,1753,1748,1628,1787,1628,1873,1753,1753,2016,1787,1628,1628,2092,1914,1957,1849,1673,1930,1753,1849
1595,2037,1896,1896,1883,1896,1896,1595,1780,1970,1896,1598,1780,1601,1601,1595,2053,1896,1609,1886,1827,1883,1598,1780,2070,1886,1886,2002,1675,1755,1885,1601,1999,1780,1780,1750,1595,1886,1896,1534,1761,1595,1595,1896,1896,1595,2002,1675,1595,1609
1787,1753,1731,1516,1753,1944,1930,1753,1753,1736,1790,1753,2063,1687,1790,1628,1967,1731,1930,1753,1753,1796,1890,2044,1516,1731,1748,1753,1787,1873,1890,1687,1753,1873,2153,1628,1835,1516,1628,1796,1753,2161,1651,1873,1835,1731,1835,1787,1787,1944
1932,2077,1595,1725,1920,1896,1740,1812,1609,2058,2038,1598,1932,1858,1795,1740,1858,1836,1985,1534,1609,1932,1896,1795,1896,1896,1931,1750,1609,1896,1646,1896,2038,2053,1598,1801,1812,1812,1595,1896,1801,1780,2053,1931,1609,1595,1609,1646,1725,1920
2141,1818,1617,1516,1853,1687,1833,1516,1787,1687,1687,1711,1651,1749,1516,1749,1980,1711,1753,1753,1687,1628,1840,1516,1753,1687,1944,1736,1753,1687,1628,2065,1628,1890,1980,1651,1628,1604,1787,2031,2002,1693,1516,1628,1798,1753,2031,1687,1753,1736
1896,1598,1791,1933,1598,1985,1920,1877,1932,1877,1923,1609,2053,1954,1791,1609,1896,1534,1877,1932,1589,1920,1865,1920,1609,2184,1898,1791,1920,1534,1791,1896,1896,1595,1609,1595,1920,1877,1877,1920,1598,2025,1896,1534,1951,1994,1534,1920,2053,1896
1516,1516,2039,1651,1736,1651,1516,1967,1827,1753,1516,1628,1516,1386,1628,1749,1516,1827,1636,1516,1617,1753,1516,1749,1651,1774,1628,1628,1516,1516,1516,1516,1516,2039,1602,1516,1999,1687,1753,1651,1787,1749,1516,1651,1749,1827,1736,1617,1787,1636
1609,1534,1534,1920,1821,1877,1534,1609,1818,1785,1534,1932,1548,1785,1534,1534,1896,1821,1534,1534,1912,1877,1534,1534,1920,1548,1886,1789,1762,1548,1598,1534,1548,1534,1821,1598,1896,1886,1912,1893,1893,1920,1896,2053,1920,1821,1886,1783,1789,1598
1516,1651,1516,1516,1531,1516,1531,1685,1651,1651,1516,1753,1636,1771,1299,1516,1651,1664,1651,1749,1775,1651,1651,1516,1628,1882,1787,1651,1651,1516,1774,1687,1531,1651,1589,1786,1664,1432,1531,1651,1651,1749,1664,1516,1685,1516,1840,1664,1299,1589
1900,1900,1473,1516,1534,1534,1900,2029,1818,1896,1534,1781,1920,1718,1803,1534,1813,1534,1534,1886,1534,1534,1516,1686,1920,1609,1609,1674,1534,1879,1534,1534,1594,1548,1659,1516,1534,1516,1900,1956,1840,1877,1594,1674,1534,1534,1534,1877,1914,1896
1432,1664,1774,1651,2030,1651,1531,2044,1753,1651,1531,2000,1432,1651,1570,1651,1651,1651,1651,1449,1651,1651,1969,1651,1663,1439,1651,1651,1531,1449,1531,1651,1651,1449,1516,1875,1490,1531,1651,1531,1651,1432,1439,1572,1570,1918,1651,1516,1490,1651
1781,1473,1684,1896,1473,1473,1534,1534,1534,1534,1729,1534,1516,1534,1570,1473,1534,1534,1534,1534,1473,1473,1534,1543,1729,1534,1473,1534,1534,1534,1789,1534,1534,1565,1516,1516,1473,1534,1631,1674,1534,1534,1534,1534,1631,1473,1534,1534,1534,1900
1651,1432,1596,1775,1761,1481,1432,1651,1651,1432,1651,1481,1432,1651,1651,1432,1753,1642,1432,1651,1651,1651,1439,1432,1651,1432,1432,1439,1651,1432,1439,1803,1432,1651,1651,1531,1651,1642,1651,1651,1481,1495,1651,1481,1700,1651,1432,1651,1642,1651
1473,1467,1534,1534,1473,1473,1534,1473,1493,1534,1493,1493,1493,1534,1473,1473,1473,1534,1534,1406,1473,1534,1650,1383,1465,1406,1473,1406,1473,1473,1714,1534,1534,1473,1473,1473,1473,1534,1534,1650,1465,1473,1473,1406,1465,1631,1534,1473,1473,1383
1432,1432,1432,1656,1432,1432,1827,1367,1432,1432,1432,1390,1432,1463,1432,1651,1432,1390,1367,1432,1708,1432,1432,1843,1432,1827,1432,1432,1432,1367,1432,1487,1708,1708,1390,1432,1432,1432,1844,1660,1631,1432,1651,1432,1749,1843,1651,1708,1651,1740
1473,1872,1812,1809,1473,1711,1473,1473,1534,1473,1534,1473,1473,1473,1534,1534,1473,1473,1473,1667,1577,1534,1465,1473,1583,1473,1860,1465,1667,1662,1473,1473,1473,1473,1812,1473,1473,1473,1473,1473,1900,1473,1533,1473,1473,1473,1473,1819,1473,1473
1463,1719,1651,1432,1432,1813,1432,1432,1813,1432,1432,1432,1432,1432,1448,1432,1390,1432,1432,1432,1651,1432,1432,1432,1432,1432,1589,1531,1432,1432,1432,1432,1390,1432,1432,1432,1705,1651,1432,1432,1432,1390,1432,1432,1651,1432,1367,1432,1432,1995
1473,1473,1473,1473,1390,1473,1534,1473,1473,1473,1733,1473,1473,1473,1599,1473,1534,1602,1473,1473,1390,1302,1473,1473,1473,1473,1733,1473,1684,1473,1473,1473,1473,1473,1473,1473,1473,1473,1473,1473,1473,1473,1573,1473,1473,1473,1361,1473,1564,1473
1371,1285,1432,1432,1432,1432,1432,1432,1432,1432,1432,1432,1432,1432,1432,1432,1651,1432,1432,1371,1432,1432,2004,1432,1599,1432,1432,1432,1432,1432,1285,1531,1432,1432,1616,1432,1536,1432,1432,1432,1432,1432,1432,1432,1550,1432,1432,1432,1432,1432
1473,1473,1347,1473,1590,1473,1473,1473,1473,1473,1473,1473,1473,1473,1473,1473,1473,1473,1473,1473,1473,1473,1473,1473,1564,1473,1473,1473,1473,1484,1473,1473,1473,1723,1473,1534,1473,1473,1473,1473,1473,1564,1473,1473,1519,1295,1699,1473,1777,1529
1306,1432,1432,1432,1432,1432,1651,1432,1531,1501,1295,1432,1432,1432,1498,1432,1432,1432,1432,1432,1432,1432,1432,1432,1432,1285,1295,1432,1432,1432,1432,1675,1432,1432,1498,1432,1432,1432,1295,1432,1432,1432,1295,1432,1432,1432,1432,1432,1432,1432
1473,1588,1473,1509,1440,1473,1446,1473,1473,1473,1473,1473,1473,1473,1473,1473,1473,1473,1473,1473,1473,1609,1588,1446,1440,1473,1463,1473,1473,1440,1473,1473,1473,1473,1473,1473,1473,1473,1473,1547,1473,1473,1609,1473,1473,1671,1473,1473,1473,1473
1432,1426,1432,1650,1432,1432,1676,1432,1432,1432,1432,1432,1432,1295,1432,1432,1432,1432,1767,1432,1432,1295,1610,1432,1432,1432,1432,1432,1432,1432,1426,1432,1432,1432,1432,1432,1432,1432,2017,1432,1432,1432,1432,1432,1432,1432,1432,1432,1432,1432
1473,1473,1357,1473,1473,1473,1473,1357,1473,1473,1418,1473,1473,1473,1745,1473,1473,1648,1473,1473,1473,1473,1473,1473,1609,1473,1473,1473,1473,1424,1473,1784,1473,1473,1357,1473,1473,1357,1473,1473,1753,1473,1488,1473,1609,1473,1473,1473,1418,1473
1432,1432,1432,1432,1432,1720,1432,1295,1432,1432,1473,1352,1432,1432,1432,1343,1721,1343,1432,1432,1432,1432,1432,1432,1432,1432,1295,1432,1432,1432,1432,1432,1608,1295,1432,1432,1708,1432,1432,1432,1432,1432,1646,1432,1432,1542,1295,1432,1432,1432
1473,1473,1473,1437,1359,1473,1473,1473,1437,1473,1418,1473,1473,1473,1473,1473,1465,1359,1357,1359,1473,1473,1473,1432,1473,1473,1473,1473,1357,1473,1359,1465,1714,1587,1473,1473,1359,1473,1662,1473,1473,1609,1473,1473,1582,1418,1693,1473,1473,1432
1432,1432,1510,1432,1295,1822,1432,1432,1295,1432,1473,1524,1432,1432,1772,1487,1432,1432,1432,1432,1432,1432,1432,1432,1432,1432,1692,1347,1524,1432,1432,1432,1432,1945,1432,1432,1432,1432,1432,1432,1432,1347,1432,2065,1347,1432,1432,1432,1432,1432
1473,1473,1473,1473,1473,1473,1473,1524,1473,1473,1398,1561,1473,1561,1918,1473,1524,1449,1473,1473,1648,1473,1473,1530,1398,2027,1473,1473,1398,1473,1449,1359,1674,1473,1440,1473,1473,1473,1473,1473,1473,1564,1749,1473,1650,1473,1689,1473,1473,1473
1487,1432,1432,1432,1432,1515,1530,1432,1432,1432,1432,1432,1692,1432,1432,1432,1432,1432,1446,1432,1254,1432,1432,1432,1432,1432,1432,1432,1150,1254,1842,1432,1432,1517,1432,1432,1432,1432,1432,1598,1432,1150,1432,1254,1432,1432,1824,1749,1432,1432
1473,1473,1423,1743,1473,1463,1576,1473,1398,1473,1473,1398,1473,1473,1473,1473,1591,1473,1473,1798,1473,1767,1473,1473,1473,1467,1473,1473,1477,1473,1473,1473,1423,1423,1473,1473,1473,1473,1473,1467,1473,1473,1473,1473,1473,1473,1473,1473,1473,1473
1432,1432,1432,1876,1432,1432,1572,1432,1432,1432,1432,1432,1432,1557,1432,1432,1432,1432,1432,1432,1432,1432,1432,1432,1432,1368,1484,1432,1432,1705,1432,1432,1566,1432,1432,1432,1432,1432,1432,1437,1432,1752,1432,1432,1432,1368,1432,1432,1432,1432
1473,1497,1473,1473,1473,1502,1473,1473,1473,1473,1473,1473,1473,1473,1512,1473,1473,1218,1473,1473,1473,1473,1473,1473,1473,1441,1473,1473,1473,1473,1473,1473,1473,1473,1473,1218,1499,1473,1473,1499,1473,1441,1218,1473,1473,1441,1729,1473,1775,1497
1432,1432,1432,1432,1432,1432,1432,1383,1485,1432,1541,1432,1432,1432,1432,1383,1432,1432,1432,1432,1432,1541,1432,1383,1432,1585,1432,1432,1432,1432,1432,1432,1432,1432,1432,1247,1432,1432,1545,1432,1432,1432,1432,1432,1432,1432,1432,1432,1432,1432
1685,1473,1473,1473,1473,1473,1473,1473,1473,1367,1738,1693,1530,1473,1473,1473,1468,1473,1257,1367,1749,1473,1473,1367,1473,1473,1257,1473,1367,1473,1341,1473,1468,1473,1473,1473,1473,1473,1347,1828,1473,1473,1473,1347,1367,1473,1473,1473,1473,1473
1432,1432,1432,1432,1432,1772,1484,1432,1803,1432,1432,1432,1432,1432,1432,1432,1432,1432,1354,1354,1432,1432,1354,1432,1432,1432,1432,1432,1432,1354,1432,1432,1432,1432,1432,1536,1819,1602,1432,1354,1432,1432,1432,1354,1306,2029,1731,1432,1432,1351
1473,1468,1410,1473,1257,1602,1367,1473,1473,1473,1473,1257,1473,1257,1463,1421,1473,1473,1473,1473,1421,1468,1473,1257,1257,1257,1435,1440,1610,1367,1257,1473,1473,1257,1473,1440,1257,1257,1473,1257,1367,1421,1468,1433,1257,1473,1367,1257,1602,1473
1523,1431,1432,1361,1597,1802,1720,1354,1354,1432,1354,1432,1354,1354,1298,1432,1435,1432,1432,1536,1480,1298,1298,1497,1354,1354,1354,1354,1523,1354,1354,1159,1432,1354,1432,1432,1354,1647,1432,1432,1354,1497,1159,1155,1354,1354,1354,1354,1597,1432
1257,1879,1521,1421,1473,1257,1257,1786,1473,1666,1257,1257,1473,1257,1473,1257,1440,1473,1418,1257,1257,1720,1453,1257,1468,1473,1257,1473,1257,1257,1650,1624,1257,1257,1257,1473,1468,1257,1397,1418,1418,1473,1257,1257,1433,1421,1768,1650,1257,1421
1128,1432,1354,1435,1159,1576,1354,1354,1354,1242,1354,1568,1637,1159,1432,1354,1242,1354,1354,1432,1128,1354,1354,1432,1153,1354,1354,1597,1576,1354,1153,1432,1354,1354,1153,1159,1354,1432,1354,1568,1645,1354,1128,1597,1153,1684,1128,1354,1354,1242
1257,1257,1257,1421,1257,1395,1784,1395,1706,1687,1257,1204,1257,1257,1257,1421,1257,1257,1257,1257,1257,1421,1257,1257,1257,1830,1257,1421,1498,1421,1257,1395,1257,1421,1257,1257,1257,1257,1700,1395,1440,1443,1257,1257,1531,1257,1257,1257,1257,1473
1354,1354,1354,1354,1456,1242,1354,1354,1128,1545,1354,1354,1128,1128,1128,1456,1354,1470,1457,1354,1128,1354,1354,1450,1354,1354,1128,1354,1354,1354,1354,1389,1354,1354,968,1354,1128,1128,1354,1354,1354,1354,1418,1128,1128,1128,1545,1354,1354,1354
1257,1371,1940,1421,1257,1257,1257,1257,1257,1257,1257,1257,1257,1421,1257,1257,1257,1257,1603,1257,1257,1421,1174,1257,1409,1257,1911,1421,1257,1257,1257,1371,1257,1257,1257,1257,1257,1257,1257,1421,1257,1257,1257,1477,1257,1257,1524,1257,1421,1257
1354,1128,1354,1354,1354,1861,1354,1128,1354,1606,1759,1128,1354,1354,1366,1354,1128,1354,1128,1354,1354,1354,1128,1128,1354,1128,1354,1529,1354,1128,1354,1128,1354,1128,1354,1128,1493,1354,1366,1354,1830,1128,1128,1500,1354,1309,1354,1354,1128,1354
1257,1421,1257,1421,1257,1257,1257,1257,1421,1257,1257,1257,1257,1321,1257,1257,1757,1257,1257,1257,1257,1348,1626,1126,1257,1257,1421,1257,1257,1257,1421,1421,1257,1257,1126,1421,1257,1257,1257,1421,1421,1257,1257,1421,1257,1421,1257,1257,1421,1447
1354,1128,1128,1128,1354,1128,1128,1354,1128,1354,1017,1354,1128,1017,1354,1128,1466,1128,1354,1017,1065,1354,1299,1354,1128,1128,1354,1206,1354,1466,1354,1354,1128,1128,1128,1354,1128,1326,1354,1128,1128,1354,1128,1354,1128,1553,1128,1354,1354,1965
1257,1421,1658,1257,1257,1421,1257,1257,1421,1257,1421,1257,1421,1296,1257,1257,1421,1713,1257,1421,1257,1257,1257,1257,1257,1257,1376,1451,1257,1257,1421,1257,1296,1658,1257,1257,1257,1257,1455,1257,1512,1296,1257,1257,1455,1257,1421,1257,1257,1421
1354,1017,1354,1128,1037,1354,1128,1354,1128,1128,1354,1128,1354,1128,1128,1128,1128,1354,1330,1354,1354,1128,1128,1017,1128,1128,1330,1017,1354,1526,1037,1354,1485,1354,1768,1354,1354,1354,1128,1354,1655,1128,1354,1354,1354,1354,1128,1434,1128,1354
1257,1257,1421,1421,1257,1257,1257,1257,1257,1257,1257,1257,1257,1363,1421,1421,1257,1257,1257,1257,1429,1257,1257,1421,1257,1257,1421,1421,1257,1257,1376,1257,1257,1421,1257,1257,1421,1257,1257,1257,1421,1550,1257,1369,1378,1421,1421,1257,1257,1257
1526,1354,1354,1128,1354,1128,1354,1128,1128,1128,1128,1526,1128,1354,1485,1354,1354,1128,1128,1354,1128,1128,1793,1354,1354,1128,1354,1128,1354,1128,1128,1354,1354,1354,1354,1128,1128,1128,1128,1354,1354,1354,1653,1344,1128,1128,1128,1354,1354,1354
1257,1421,1375,1421,1257,1257,1257,1257,1375,1421,1375,1257,1257,1257,1257,1421,1257,1257,1421,1421,1257,1318,1291,1257,1421,1376,1257,1318,1421,1421,1257,1257,1257,1257,1257,1533,1257,1257,1257,1257,1257,1257,1421,1421,1526,1257,1257,1516,1257,1257
1354,1298,1128,1128,1354,1128,1340,1354,1128,1354,1128,1354,1354,1128,1354,1354,1354,1354,1182,1354,1128,1354,1329,1354,1354,1128,1354,1298,1128,1128,1354,1128,1128,1128,1128,1128,1354,1340,1400,1128,1128,1128,1354,1354,1182,1298,1128,1128,1480,1662
1257,1208,1257,1257,1421,1421,1375,1257,1408,1257,1257,1421,1421,1421,1421,1421,1421,1257,1201,1238,1421,1421,1238,1257,1257,1257,1257,1257,1417,1572,1257,1421,1238,1375,1375,1257,1334,1257,1257,1652,1421,1257,1238,1421,1208,1257,1648,1421,1257,1421
1354,1128,1354,1128,1128,1685,1128,1128,1128,1354,1128,1128,1354,1128,1128,1128,1419,1128,1128,1128,1128,1480,1324,1128,1128,1354,1354,1480,1354,1128,1417,1354,1128,1693,1261,1354,1261,1128,1324,1354,1128,1128,1354,1277,1354,1128,1128,1128,1128,1128
1421,1421,1257,1135,1375,1247,1257,1421,1421,1247,1257,1257,1532,1257,1257,1505,1421,1257,1421,1257,1283,1421,1208,1375,1421,1421,1348,1257,1257,1257,1257,1257,1257,1135,1208,1421,1421,1257,1226,1135,1257,1302,1257,1302,1421,1421,1257,1257,1328,1375
1128,1809,1128,1350,1354,1480,1128,1128,1788,1354,1354,1382,1128,1265,1504,1128,1128,1354,1675,1050,1504,1354,1128,1350,1354,1350,1128,1128,1417,1592,1354,1128,1354,1382,1128,1128,1050,1128,1128,1354,1128,1128,1354,1480,1803,1128,1354,1417,1354,1128
1257,1399,1375,1317,1257,1421,1257,1208,1391,1257,1391,1353,1421,1257,1257,1679,1395,1184,1806,1421,1375,1391,1257,1421,1396,1695,1208,1257,1391,1395,1375,1257,1396,1257,1257,1375,1421,1184,1396,1257,1738,1421,1421,1257,1257,1208,1537,1353,1257,1421
1354,1397,1128,1128,1417,1128,1050,1128,1544,1558,1417,1050,1128,1128,1657,1354,1417,1558,1128,2030,1354,1354,1128,1354,1128,1354,1417,1354,1128,1354,1128,1480,1634,1128,1354,1350,1480,1128,1354,1916,1354,1657,1417,1480,1354,1354,1128,1354,1354,1354
1208,1421,1208,1813,1257,1591,1421,1239,1257,1257,1257,1257,1239,1208,1257,1257,1421,1208,1257,1421,1421,1257,1257,1257,1421,1555,1421,1208,1208,1257,1421,1208,1421,1208,1257,1257,1514,1257,1208,1257,1591,1257,1257,1257,1558,1239,1257,1851,1375,1617
1417,1354,1354,1354,1354,1556,1354,1128,1128,1128,1427,1354,1712,1128,1529,1354,1341,1128,1354,1128,1128,1128,1535,1128,1354,1417,1783,1427,1261,1417,1354,1128,1783,1128,1417,1128,1505,1354,1525,1128,1559,1128,1128,1354,1128,1354,1417,1128,1354,1354
1257,1505,1257,1257,1257,1257,1208,1421,1208,1257,1421,1827,1257,1208,1388,1257,1421,1421,1421,1208,1421,1421,1257,1257,1257,1150,1421,1257,1257,1393,1421,1421,1257,1208,1383,1257,1421,1150,1257,1208,1208,1363,1257,1257,1808,1421,1257,1388,1421,1257
1128,1128,1128,1354,1354,1128,1354,1128,1320,1128,1128,1128,1128,1128,1354,1128,1354,1417,1354,1128,1128,1128,1354,1128,1354,1354,1611,1417,1354,1354,1320,1417,1341,1354,1401,1128,1401,1354,1354,1128,1643,1128,1354,1128,1128,1128,1417,1354,1354,1645
1208,1257,1257,1257,1208,1257,1257,1320,1208,1257,1421,1257,1257,1257,1363,1421,1336,1257,1421,1208,1461,1291,1208,1208,1257,1257,1678,1257,1421,1421,1421,1320,1421,1106,1257,1257,1257,1257,1257,1421,1257,1106,1421,1257,1257,1363,1106,1257,1257,1421
1354,1354,1354,1128,1341,1405,1354,1354,1341,1128,1354,1354,1417,1354,1099,1128,1437,1366,1128,1099,1354,1128,1354,1128,1128,1128,1354,1417,1354,1128,1128,1128,1354,1099,1354,1417,1099,1128,1354,1417,1354,1354,1354,1128,1128,1354,1354,1354,1297,1354
1111,1257,1257,1111,1257,1257,1065,1257,1239,1257,1257,1257,1257,1208,1208,1257,1208,1363,1257,1257,1111,1363,1257,1208,1257,1257,1257,1421,1257,1257,1421,1304,1208,1257,1304,1257,1208,1208,1257,1257,1421,1320,1257,1257,1111,1257,1421,1208,1257,1257
1417,1354,1354,1354,1354,1417,1128,1354,1417,1354,1341,1354,1354,1354,1412,1354,1354,1354,1417,1128,1341,1354,1354,1417,1128,1341,1354,1354,1354,1354,1128,1128,1128,1354,1354,1354,1354,1354,1354,1354,1417,1354,1341,1123,1417,1354,1354,1413,1341,1417
1363,1257,1649,1363,1257,1257,1280,1257,1257,1208,1257,1257,1257,1257,1208,1208,1257,1208,1363,1363,1257,1257,1592,1092,1208,1257,1421,1257,1257,1257,1257,1208,1208,1257,1257,1421,1257,1092,1257,1257,1280,1208,1363,1492,1649,1257,1363,1208,1257,1092
1128,1354,1607,1128,1354,1354,1241,1341,1354,1354,1368,1341,1341,1417,1354,1354,1202,1354,1417,1354,1631,1341,1354,1354,1202,1241,1417,1412,1128,1128,1354,1354,1589,1354,1354,1354,1341,1354,1354,1354,1368,1128,1341,1411,1354,1354,1354,1128,1354,1354
1257,1257,1257,1257,1257,1363,1144,1257,1257,1257,1257,1257,1257,1257,1257,1257,1363,1257,1257,1257,1257,1257,1257,1257,1092,1257,1257,1257,1257,1257,1092,1092,1363,1092,1257,1257,1144,1257,1409,1208,1208,1257,1421,1144,1144,1688,1208,1421,1257,1257
1354,1354,1354,1341,1354,1354,1341,1655,1368,1354,1341,1341,1128,1354,1128,1354,1354,1354,1341,1341,1354,1383,1354,1354,1341,1341,1341,1354,1354,1354,1354,1354,1354,1354,1354,1354,1341,1354,1354,1368,1341,1368,1477,1128,1368,1354,1341,1354,1383,1354
1257,1363,1257,1257,1257,1257,1092,1257,1092,1257,1257,1257,1092,1363,1460,1257,1257,1257,1092,1092,1092,1257,1257,1363,1363,1257,1092,1421,1257,1257,1092,1469,1257,1092,1257,1257,1257,1257,1257,1363,1257,1257,1257,1257,1257,1421,1257,1257,1257,1092
1341,1354,1341,1354,1354,1354,1354,1354,1354,1445,1354,1354,1354,1354,1210,1511,1354,1435,1354,1354,1354,1341,1128,1341,1354,1341,1354,1354,1128,1354,1354,1354,1128,1341,1210,1354,1368,1341,1354,1354,1449,1354,1354,1354,1354,1511,1128,1128,1128,1128
1257,1526,1257,1257,1257,1257,1257,1421,1092,1363,1363,1421,1421,1257,1257,1363,1363,1363,1257,1257,1257,1257,1365,1257,1520,1257,1456,1257,1257,1257,1257,1257,1421,1363,1092,1421,1257,1257,1092,1092,1363,1257,1257,1257,1257,1257,1257,1372,1257,1363
1128,1354,1341,1354,1354,1461,1354,1225,1354,1354,1354,1341,1354,1354,1225,1354,1225,1354,1341,1128,1341,1128,1341,1341,1354,1354,1128,1354,1354,1341,1128,1341,1354,1128,1536,1354,1354,1354,1341,1419,1128,1128,1128,1128,1354,1354,1128,1341,1354,1341
1363,1693,1257,1257,1257,1363,1363,1257,1669,1257,1257,1257,1363,1257,1363,1421,1257,1363,1257,1257,1257,1363,1271,1257,1576,1257,1363,1257,1257,1257,1257,1257,1363,1363,1363,1257,1257,1881,1257,1257,1257,1257,1257,1363,1257,1257,1257,1257,1257,1257
1341,1354,1256,1341,1128,1256,1341,1341,1354,1354,1354,1341,1341,1352,1341,1341,1341,1354,1341,1354,1341,1587,1341,1522,1354,1354,1354,1341,1352,1351,1351,1354,1354,1341,1341,1354,1354,1341,1341,1354,1341,1354,1354,1341,1341,1341,1354,1341,1341,1256
1257,1153,1595,1153,1622,1363,1668,1257,1363,1257,1363,1153,1363,1363,1257,1363,1363,1363,1257,1363,1257,1363,1257,1322,1363,1363,1257,1153,1257,1363,1363,1257,1363,1257,1363,1257,1363,1355,1363,1257,1363,1149,1257,1257,1257,1363,1257,1257,1363,1257
1290,1354,1341,1341,1341,1411,1300,1341,1354,1354,1341,1341,1341,1300,1762,1354,1354,1341,1386,1474,1341,1341,1354,1474,1290,1610,1341,1354,1474,1341,1341,1440,1341,1341,1341,1341,1341,1341,1341,1341,1300,1531,1354,1850,1341,1341,1341,1354,1474,1341
1363,1363,1363,1257,1257,1257,1363,1363,1257,1257,1533,1363,1363,1363,1363,1257,1257,1363,1257,1305,1257,1257,1153,1257,1257,1257,1257,1257,1363,1257,1363,1363,1257,1363,1153,1363,1363,1257,1363,1363,1257,1401,1257,1153,1257,1153,1363,1257,1363,1363
1354,1354,1341,1341,1354,1354,1341,1354,1341,1474,1341,1341,1341,1295,1447,1590,1564,1341,1341,1447,1341,1341,1474,1341,1354,1592,1678,1341,1341,1341,1341,1354,1341,1341,1354,1341,1354,1341,1354,1341,1354,1354,1354,1354,1354,1341,1341,1341,1341,1341
1363,1257,1343,1257,1343,1363,1451,1257,1257,1363,1257,1363,1327,1363,1363,1363,1257,1303,1257,1363,1363,1483,1257,1363,1257,1363,1363,1268,1303,1257,1257,1483,1257,1257,1153,1153,1371,1343,1257,1153,1257,1363,1257,1268,1257,1363,1257,1363,1153,1363
1354,1341,1344,1354,1341,1354,971,1341,1354,1341,1341,1515,1509,1474,1341,1022,1344,1558,1341,1354,1344,1379,1341,1344,1079,1302,1354,1341,1633,1354,1341,1379,1341,1341,971,1354,1302,1341,1354,1022,1509,1341,1354,1354,1341,1474,1341,971,1341,1341
1350,1297,1297,1363,1257,1153,1360,1303,1224,1257,1257,1303,1257,1363,1363,1257,1363,1303,1257,1363,1363,1759,1153,1286,1153,1257,1257,1286,1153,1257,1257,1257,1363,1257,1363,1257,1582,1129,1286,1303,1257,1257,1360,1257,1257,1257,1363,1363,1363,1297
1354,1354,1354,1344,1470,1354,1475,1341,1354,1354,1354,1354,1341,1068,1354,1354,1341,1354,1354,1068,1354,1341,1341,1354,1354,1344,1341,1341,1354,1341,1341,1354,1344,1354,1687,1344,1341,1341,1068,1341,1068,1344,1344,1341,1341,1341,1068,1341,1481,1354
1257,1235,1363,1257,1148,1257,1257,1310,1257,1235,1257,1257,1257,1257,1685,1257,1257,1310,1257,1257,1797,1257,1257,1235,1257,1792,1310,1148,1257,1257,1257,1148,1257,1257,1257,1235,1235,1257,1257,1326,1285,1148,1148,1257,1257,1303,1257,1303,1257,1326
1068,1554,1294,1354,1426,1681,1520,1068,1354,1235,1085,1716,1354,1068,1354,1305,1354,1354,1068,1333,1520,1892,1294,1344,1354,1354,1068,1085,1354,1333,1261,1354,1068,1085,1543,1068,1068,1354,1235,1354,1354,1354,1068,1235,1354,1085,1068,1235,1354,1235
1257,1257,1257,1310,1517,1277,1257,1356,1961,1235,1257,1303,1310,1257,1257,1310,1235,1235,1405,1257,1257,1257,1235,1785,1257,1310,1310,1257,1257,1257,1235,1257,1257,1257,1310,1257,1257,1310,1235,1257,1235,1257,1436,1235,1235,1257,1257,1257,1257,1356
1068,1087,1068,1235,1068,1436,1235,1235,1068,1235,1068,1068,1235,1235,1354,1638,1354,1354,1354,1235,1068,1087,1235,1235,1354,1582,1235,1354,1068,1582,1068,1068,1068,1068,1068,1235,1436,1387,1354,1436,1344,1354,1354,1235,1283,1235,1904,1235,1068,1354
1235,1235,1235,1310,1257,1235,1483,1235,1235,1235,1235,1310,1396,1235,1436,1257,1257,1235,1235,1436,1310,1310,1257,1257,1436,1310,1235,1257,1235,1310,1310,1257,1310,1235,1235,1235,1235,1235,1279,1257,1235,1583,1235,1235,1235,1310,1235,1310,1235,1235
1068,1235,1235,1068,1068,1235,1235,1235,1068,1068,1235,1235,1068,1235,1235,1330,1235,1068,1235,1068,1235,1060,1068,1068,1068,1354,1235,1068,1471,1235,1068,1235,1354,1235,1235,1354,1321,1060,1068,1235,1235,1235,1235,1068,1235,1235,1235,1235,1068,1354
1235,1235,1105,1235,1235,1235,1105,1235,1235,1235,1310,1390,1257,1235,1235,1235,1235,1235,1235,1310,1235,1235,1235,1235,1105,1310,1360,1726,1310,1310,1310,1235,1310,1235,1235,1235,1235,1310,1377,1235,1310,1235,1235,1235,1235,1235,1235,1235,1235,1235
1235,1068,1235,1216,1068,1235,1235,1235,1235,1543,1316,1453,1235,1235,1235,1055,1235,1068,1235,1235,1235,1068,1235,1068,1068,1235,1068,1055,1235,1666,1068,1068,1235,1068,1068,1235,1068,1055,1235,1235,1068,1235,1235,1068,1235,1235,1235,1235,1235,1235
1235,1235,1235,1235,1310,1235,1235,1310,1213,1235,1235,1452,1235,1513,1235,1235,1235,1235,1235,1614,1213,1235,1570,1235,1235,1235,1524,1235,1437,1235,1524,1235,1235,1310,1235,1235,1235,1213,1235,1235,1235,1310,1162,1235,1293,1235,1293,1235,1310,1235
1068,1235,1235,1881,1304,1068,1235,1235,1068,1235,1068,1738,1235,1235,1235,1068,1780,1235,1235,1235,1235,1235,1235,1235,1068,1235,1235,1055,1235,1235,1235,1235,1738,1068,1068,1235,1235,1068,1762,1235,1235,1212,1235,1068,1235,1235,1235,1235,1792,1235
1235,1213,1235,1167,1235,1235,1573,1310,1235,988,1235,1235,1235,1235,1235,1235,1235,1235,1310,1235,1235,1235,1235,1310,1235,1235,1235,1308,1235,1235,1235,1235,1235,988,1235,1235,1235,1235,1235,1235,1235,1235,1235,1235,1235,1213,1213,1573,1235,1235
1235,1235,1235,1554,1235,1725,1235,1235,1235,1235,1235,1235,1235,1235,1068,1223,1068,1493,1308,1235,1068,1235,1235,1235,1235,1235,1235,1068,1068,1068,1235,1235,1235,1235,1235,1235,1235,1235,1235,1235,1235,1235,1068,1235,1235,1235,1235,1235,1235,1235
1235,1235,1235,1235,1235,1235,1235,1235,1235,1235,1235,1235,1235,1310,1235,1235,1235,1235,1793,1235,1235,1235,1235,1310,1235,1015,1235,1235,1015,1235,1235,1472,1235,1235,1235,1235,1235,1637,1235,1015,1235,1235,1015,1235,1235,1235,1235,1235,1235,1235
1187,1204,1235,1235,1235,1235,1204,1235,1210,1235,1444,1235,1068,1235,1235,1235,1609,1187,1235,1235,1068,1068,1444,1235,1204,1235,1068,1204,1235,1235,1204,1235,1235,1204,1235,1210,1210,1235,1235,1235,1235,1235,1876,1235,1235,1235,1235,1235,1068,1235
1235,1235,1235,1235,1235,1263,1235,1310,1235,1310,1235,1235,1310,1310,1588,1235,1587,1235,1235,1235,1235,1235,1446,1235,1235,1437,1537,1235,1235,1437,1235,1235,1235,1235,1235,1235,1235,1398,1235,1235,1235,1235,1235,1235,1235,1235,1235,1235,1235,1235
1235,1235,1235,1235,1235,1235,1235,1235,1068,1068,1068,1068,1235,1235,1235,1235,1068,1204,1235,1545,1235,1068,1235,1235,1235,1235,1267,1398,1235,1235,1698,1235,1235,1235,1235,1235,1235,1235,1235,1235,1390,1235,1235,1545,1235,1235,1235,1235,1235,1235
1235,1235,1845,1235,1235,1235,1316,1579,1235,1235,1235,1235,1235,1235,1235,1235,1235,1235,1235,1235,1235,1235,1235,1235,1235,1235,1235,1235,1235,1235,1314,1310,1235,1235,1235,1310,1235,1673,1235,1235,1235,1235,1235,1235,1235,1235,1235,1235,1235,1235
1235,1068,1235,1235,1641,1696,1235,1235,1235,1235,1235,1068,1235,1235,1235,1235,1235,1235,1235,1233,1235,1235,1235,1235,1235,1576,1235,1235,1235,1235,1235,1235,1233,1235,1235,1068,1235,1235,1235,1068,1068,1235,1235,1235,1235,1235,1235,1512,1235,1235
1235,1235,1235,1235,1235,1235,1235,1235,1235,1235,1235,1235,1235,1235,1235,1235,1754,1235,1235,1501,1235,1235,1235,1235,1235,1235,1235,1235,1235,1673,1235,1235,1235,1235,1235,1235,1235,1235,1235,1700,1235,1235,1235,1235,1235,1235,1235,1235,1235,1235
1843,1235,1366,1235,1235,1235,1124,1235,1235,1235,1235,1235,1235,1235,1235,1235,1235,1235,1235,1235,1235,1235,1235,1235,1235,1235,1235,1235,1235,1235,1235,1235,1235,1150,1235,1235,1235,1235,1235,1235,1235,1235,1235,1235,1235,1235,1235,1235,1235,1235
1235,1235,1235,1235,1235,1235,1235,1165,1235,1235,1235,1235,1235,1235,1235,1235,1235,1235,1235,1235,1470,1165,1235,1235,1534,1235,1235,1235,1235,1235,1235,1235,1235,1235,1422,1235,1235,1235,1235,1235,1235,1365,1235,1235,1235,1235,1235,1235,1235,1235
1235,1235,1235,1235,1235,1235,1165,1444,1165,1235,1235,1235,1235,1235,1482,1235,1142,1142,1235,1235,1165,1235,1165,1235,1235,1165,1235,1235,1445,1235,1235,1142,1235,1558,1235,1235,1235,1235,1235,1235,1441,1235,1235,1719,1235,1235,1235,1235,1441,1235
1124,1165,1235,1165,1235,1121,1235,1235,1235,1235,1235,1235,1343,1235,1165,1235,1235,1235,1235,1235,1235,1121,1235,1235,1235,1235,1235,1165,1235,1235,1125,1165,1235,1165,1235,1165,1687,1121,1235,1235,1235,1343,1125,1235,1756,1121,1235,1165,1165,1235
1165,1235,1165,1235,1146,1235,1235,1235,1235,1235,1165,1235,1235,1235,1165,1194,1194,1165,1280,1235,1235,1235,1235,1165,1235,1235,1235,1235,1235,1165,1235,1165,1235,1165,1165,1235,1367,1165,1235,1552,1235,1235,1235,1165,1235,1235,1165,1165,1235,1235
1165,1165,1165,1416,1235,1165,1235,1235,1165,1165,1179,1235,1165,1165,1165,1235,1165,1165,1165,1235,1165,1165,1235,1235,1165,1235,1165,1235,1165,1235,1235,1567,1235,1235,1235,1165,1165,1165,1165,1502,1235,1235,1535,1165,1235,1780,1235,1165,1235,1395
1165,1165,1165,1370,1165,1165,1165,1165,1172,1165,1165,1235,1653,1165,1165,1139,1165,1235,1571,1165,1165,1165,1235,1165,1235,1235,1146,1165,1165,1235,1139,1165,1165,1139,1165,1194,1235,1165,1165,1235,1165,1172,1235,1165,1165,1172,1165,1235,1386,1165
1165,1359,1653,1165,1165,1165,1165,1165,1165,1165,1165,1235,1165,1462,1165,1235,1549,1235,1235,1165,1226,1165,1235,1226,1165,1584,1321,1165,1235,1547,1165,1567,1165,1165,1235,1802,1235,1235,1626,1165,1165,1226,1165,1165,1432,1235,1165,1432,1308,1165
1165,1139,1165,1146,1165,1165,1249,1165,1165,1165,1165,1165,1114,1165,1165,1165,1165,1165,1165,1114,1165,1165,1165,1765,1165,1703,1235,1165,1165,1266,1114,1165,1165,1165,1235,1165,1795,1165,1114,1165,1165,1165,1165,1165,1235,1165,1165,1235,1114,1483
1165,1165,1438,1165,1235,1165,1165,1165,1165,1165,1165,1165,1165,1483,1432,1165,1165,1165,1165,1165,1165,1165,1165,1165,1237,1165,1165,1165,1237,1165,1165,1505,1165,1165,1165,1165,1165,1165,1165,1165,1165,1396,1165,1165,1165,1235,1165,1165,1165,1452
1165,1165,1165,1165,1165,1165,1165,1114,1139,1165,1165,1139,1165,1165,1235,1165,1165,1165,1165,1165,1165,1165,1165,1165,1165,1165,1165,1165,1165,1165,1165,1165,1165,1165,1258,1165,1139,1165,1114,1165,1139,1165,1235,1139,1165,1139,1114,1165,1165,1165
1535,1165,1165,1165,1165,1165,1291,1165,1165,1165,1239,1165,1165,1165,1165,1116,1165,1165,1165,1165,1165,1165,1165,1165,1165,1165,1165,1237,1165,1165,1165,1599,1165,1165,1165,1165,1165,1165,1116,1165,1165,1235,1165,1617,1165,1165,1553,1165,1237,1329
1243,1165,1432,1165,1165,1165,1017,1063,1165,1165,1165,1165,1165,1165,1165,1165,1165,1114,1165,1210,1114,1773,1165,1165,1165,1165,1165,1165,1165,1165,1165,1165,1165,1165,1165,1165,1165,1165,1165,1114,1165,1165,1165,1165,1165,1114,1165,1165,1063,1165
1543,1165,1165,1165,1165,1165,1165,1165,1165,1165,1165,1165,1165,1165,1165,1165,1165,1165,1530,1165,1165,1165,1165,1165,1165,1165,1165,1846,1165,1445,1165,1237,1165,1165,1165,1165,1165,1165,1165,1165,1317,1165,1165,1165,1165,1165,1165,1237,1165,1165
1165,1165,1165,1165,1165,1165,1165,1165,1165,1165,1165,1165,1165,1165,1165,1165,1165,1114,1165,1165,1380,1165,1114,1165,1165,1165,1165,1165,1237,1165,1114,1165,1165,1165,1165,1165,1165,1165,1165,1165,1165,1165,1114,1165,1165,1165,1165,1165,1165,1165
1165,1165,1165,1165,1165,1165,1165,1165,1165,1165,1165,1165,1165,946,1165,1385,946,1165,1165,1420,1165,1165,946,946,1165,1165,1165,1165,1165,1165,1669,1165,1165,1165,946,1165,1165,1165,1165,1165,1165,1165,1165,1165,1165,1237,1165,1165,1165,1165
1165,1165,1165,1165,1165,1165,1165,1165,1143,1165,1165,1165,1114,1165,1165,1165,1165,1165,1165,1013,1165,1165,1165,1165,1165,1165,1165,1165,1165,1143,1114,1165,1165,1647,1165,947,1165,1166,1165,1165,1013,1165,1165,1165,1165,1165,1165,1165,1165,1165
1165,1165,1165,1165,1615,1165,1165,1239,1165,1165,1209,1165,1165,1165,1165,1165,1165,1165,1165,1165,1165,1165,1509,1165,1540,1165,1165,1881,1165,1165,1165,1239,1165,1165,1054,1165,1165,1165,1165,1165,1165,1165,1165,1658,1165,1165,1165,1165,1165,1061
1209,1239,1165,1165,1165,1165,1165,1165,1165,1165,1165,1165,1165,1165,1165,1165,1165,1165,1341,1165,1165,1165,1165,1165,1165,1314,1165,1165,1169,1165,1165,1165,1341,1165,1787,1165,1165,1165,1165,1165,1165,1165,1165,1165,1165,1165,1559,1165,1165,1165
1165,1165,1165,1165,1141,1165,1165,1165,1165,1165,1165,1165,1165,1165,1165,1165,1165,1165,1165,1165,1318,1165,1165,1165,1165,1165,1165,1165,1165,1165,1165,1165,1165,1165,1165,1165,1165,1165,1165,1165,1165,1165,1165,1316,1165,1165,1694,1165,1165,1316
1284,1248,1165,1165,1165,1247,1165,1165,1165,1165,1165,1659,1165,1165,1165,1165,1165,1165,1165,1165,1165,1165,1165,1165,1165,1165,1165,1165,1165,1165,1165,1165,1165,1165,1995,1165,1165,1165,1165,1165,1165,1165,1165,1165,1165,1165,1165,1165,1165,1165
1165,1165,1165,1165,1165,1165,1165,1165,1165,1165,1165,1420,1165,1165,1165,1165,1165,1165,1165,1165,1165,1165,1165,1165,1165,1165,1165,1165,1165,1165,1165,1165,1165,1165,1165,1165,1165,1165,1165,1165,1165,1165,1165,1165,1165,1165,1165,1165,1165,1165
1165,1468,1165,1165,1165,1165,1165,1165,1165,1165,1165,1165,1165,1165,1165,1406,1516,1165,1165,1165,1165,1165,1165,1165,1165,1165,1165,946,1165,1165,1165,1422,1165,1440,1165,1420,1165,1165,1165,1165,1165,1165,1060,1165,1165,1165,1165,1165,1165,1165
1165,1165,1165,1165,1165,1165,1262,1165,1165,1165,1165,1165,1165,1436,1165,1165,1165,1165,1165,1420,1165,1165,1165,1165,1165,1165,1339,1165,1165,1165,1165,1165,1165,1165,1165,1165,1165,1165,1165,1165,1268,1165,1165,1165,1165,1148,1165,1165,1165,1165
1165,1165,1385,1165,1165,1165,1165,1165,1165,1165,1165,1165,1165,1165,1165,1165,1165,1165,1165,1416,1165,1165,1258,1165,1165,1165,1165,1165,1165,1165,1165,1165,1165,1165,1165,1165,1165,1165,1165,1165,1165,1165,1165,1165,1165,1425,1157,1165,1165,1165
1751,1165,1165,1165,1165,1165,1165,1165,1165,1392,1165,1165,1165,1165,1165,1165,1165,1165,1165,1165,1165,1165,1165,1308,1165,1165,1165,1165,1165,1165,1165,1165,1165,1165,1165,1165,1165,1165,1165,1165,1165,1165,1165,1165,1165,1165,1165,1335,1165,1165
1165,1165,1165,1165,1165,1165,1165,1165,1165,1165,1165,1165,1165,1165,1165,1165,1165,1165,1165,1165,1165,1165,1165,1165,1165,1165,1165,1165,1165,1165,1165,1165,1165,1165,1165,1165,1165,1165,1165,1165,1165,1165,1165,1165,1165,1165,1165,1165,1245,1165
1165,1165,1165,1165,1165,1165,1165,1165,1165,1165,1165,1165,1165,1476,1165,1165,1165,1165,1165,1695,1165,1165,1165,1165,1165,1165,1703,1165,1703,1165,1165,1165,1165,1262,1165,1165,1165,1165,1165,1165,1165,1165,1165,1165,1165,1165,1397,1374,1513,1165
1165,1165,1321,1165,1165,1196,1165,1165,1165,1165,1165,1165,1165,1053,1235,1165,1165,1165,1165,1165,1165,1165,1165,1165,1165,1165,1165,1165,1165,1165,1369,1165,1165,1165,1165,1165,1165,1165,1165,1429,1165,1165,1165,1165,1053,1165,1165,1165,1165,1165
1165,1165,1165,1165,1165,1165,1165,1165,1165,1165,1165,1526,1165,1165,1165,1165,1165,1165,1165,1165,1165,1165,1165,1165,1165,1165,1165,1165,1165,1165,1165,1165,1165,1165,1483,1165,1165,1165,1165,1165,1165,1165,1487,1165,1165,1165,1165,1165,1165,1165
1165,1165,1165,1839,1165,1165,1249,1843,1053,1165,1165,1165,1165,1165,1165,1165,1165,1165,1165,1165,1053,1165,1165,1165,1165,1165,1165,1165,1165,1165,1165,1165,1165,1165,1165,1165,1143,1165,1165,1436,1165,1165,1165,1668,1165,1165,1165,1165,1165,1165
1165,1165,1165,1165,1165,1565,1165,1165,1165,1165,1165,1165,1165,1165,1165,1165,1165,1165,1165,1165,1522,1165,1165,1165,1475,1165,1165,1165,1165,1483,1165,1165,1165,1165,1165,1165,1165,1165,1165,1165,1165,1165,1165,1165,1165,1165,1165,1165,1165,1170
1165,1165,1581,1165,1165,1395,1165,1165,1165,1165,1165,1165,1165,1165,1165,1165,1165,1165,1165,1165,1165,1165,1165,1165,1165,1165,1165,1165,1165,1165,1165,1165,1165,1165,1165,1165,1165,1165,1165,1165,1165,1165,1165,1165,1165,1165,1165,1165,1165,1430
1165,1165,1689,1165,1165,1165,1747,1165,1165,1165,1165,1165,1165,1165,1165,1165,1165,1165,1165,1165,1165,1165,1165,1165,1165,1165,1165,1165,1165,1165,1165,1165,1165,1165,1165,1165,1397,1165,1266,1165,1165,1165,1165,1165,1165,1165,1165,1165,1165,1165
1165,1165,1165,1456,1165,1453,1165,1165,1165,1165,1165,1165,1453,1165,1165,1165,1165,1165,1165,1165,1165,1165,1165,1165,1165,1165,1165,1165,1165,1165,1165,1165,1165,1165,1165,1165,1165,1165,1165,1439,1165,1165,1344,1165,1165,1165,1165,1165,1165,1165
1165,1165,1165,1165,1165,1165,1165,1165,1165,1165,1165,1165,1165,1165,1165,1120,1165,1165,1165,1165,1165,1120,1165,1165,1165,1165,1165,1165,1165,1165,1165,1165,1386,1165,1165,1165,1165,1165,1165,1165,1165,1165,1165,1165,1165,1165,1165,1115,1165,1165
1165,1165,1150,1165,1165,1165,1436,1150,1165,1165,1165,1165,1165,1165,1165,1165,1328,1165,1165,1165,1165,1536,1165,1165,1165,1165,1165,1165,1165,1165,1165,1328,1165,1165,1328,1165,1165,1165,1165,1165,1165,1165,1165,1150,1165,1165,1165,1165,1165,1165
1165,1165,1165,1165,1556,1320,1564,1165,1165,1165,1120,1165,1335,1950,1594,1165,1165,1120,1552,1165,1349,1165,1165,1165,1165,1165,1165,1165,1165,1165,1165,1120,1165,1165,1165,1165,1335,1165,1165,1165,1165,1165,1165,1165,1165,1165,1165,1165,1165,1165
1165,1595,1592,1361,1165,1165,1165,1165,1165,1165,1165,1165,1165,1165,1061,1165,1165,1165,1165,1165,1165,1165,1165,1165,1165,1061,1165,1165,1165,1165,1165,1165,1165,1165,1592,1165,1165,1165,1165,1427,1310,1165,1165,1165,1165,1165,1061,1165,1165,1185
1165,1165,1165,1165,1165,1165,1165,1165,1165,1165,1165,1165,1165,1165,1165,1165,1165,1165,1165,1165,1165,1165,1165,1445,1165,1165,1165,1165,1165,1165,1165,1165,1165,1165,1165,1165,1165,1165,1165,1165,1165,1165,1165,1165,1165,1165,1165,1165,1165,1165
1165,1165,1165,1383,1165,1165,1165,1165,1165,1165,1165,1165,1165,1165,1165,1165,1165,1165,1165,1165,1165,1165,1165,1165,1165,1165,1165,1165,1165,1165,1165,1421,1165,1165,1165,1627,1165,1165,1165,1165,1165,1165,1165,1165,1165,1165,1165,1165,1165,1383
1165,1165,1165,1165,1165,1165,1165,1165,1165,1165,1165,1165,1165,1165,1165,1165,1165,1189,1165,1165,1165,1165,1165,1165,1165,1165,1165,1165,1165,1165,1165,1165,1165,1165,1165,1165,1165,1165,1475,1165,1165,1165,1165,1165,1165,1165,1165,1165,1165,1165
1149,1165,1165,1274,1301,1165,1165,1165,1149,1165,1165,1165,1165,1165,1165,1165,1165,1165,1165,1165,1165,1047,1165,1165,1165,1165,1165,1165,1165,1165,1165,1165,1165,1165,1261,1165,1165,1165,1165,1165,1149,1165,1165,1165,1261,1165,1165,1165,1165,1165
1071,1165,1165,1071,1165,1165,1086,1165,1165,1165,1165,1165,1165,1165,1163,1476,1165,1165,1165,1451,1165,1165,1165,1717,1165,1165,1165,1165,1165,1165,1071,1165,1165,1163,1165,1165,1165,1165,1165,1165,1165,1165,1165,1165,1165,1165,1441,1165,1165,1165
1165,1165,1165,1165,1165,1165,1367,1071,1165,1165,1071,1165,1165,1165,1071,1165,1594,1165,1165,1165,1289,1165,1071,1071,1165,1165,1165,1071,1120,1289,1165,1071,1165,1165,1120,1406,1165,1165,1165,1165,1165,1852,1071,1165,1071,1165,1165,1165,1404,1071
1165,1165,1165,1513,1071,1165,1165,1071,1071,1071,1455,1165,1071,1165,1071,1600,1165,1165,1071,1163,1071,1071,1165,1165,1165,1071,1165,1165,1165,1165,1071,1071,1165,1165,1165,1071,1071,1071,1163,1071,1165,1071,1165,1316,1828,1071,1455,1165,1165,1165
1071,1071,1071,1801,1071,1071,1071,1071,1071,1165,1483,1165,1071,1071,1071,1071,1165,1594,1165,1071,1071,1165,1165,1165,1071,1071,1165,1165,1368,1071,1165,1592,1165,1071,1165,1165,1165,1071,1165,1165,1165,1165,1165,1165,1613,1071,1071,1071,1071,1165
1071,1165,1071,1165,1071,1071,1071,994,1071,1071,1480,1071,1165,1071,1071,1165,1071,1165,1410,1071,1071,1071,1071,1071,1165,1165,1071,1165,1071,1071,1071,1868,1165,1071,1071,1165,1071,1071,1165,1071,1071,1071,1071,1071,1071,1071,1071,994,1165,1071
1071,1071,1071,1071,1071,1071,1071,1071,1071,1071,1071,1071,1071,1071,1071,1071,1071,1071,1071,1071,1071,1071,1071,1071,1071,1071,1071,1150,1071,1150,1071,1071,1071,1071,1071,1165,1071,1071,1071,1150,1071,1071,1071,1071,1071,1071,1165,1150,1071,1328
1071,1028,1071,1071,1071,1071,1071,1071,1220,1071,1028,1071,1071,1071,1071,1071,1071,1071,1071,1071,1071,1071,1071,1071,1375,1071,1071,1071,1071,1071,1071,1800,1071,1071,1071,1347,1071,1071,1071,1071,1071,1071,1071,1071,1071,1071,1071,1506,1071,1071
1388,1071,1071,1071,1335,1037,1335,1071,1071,1071,1071,1071,1071,1071,1071,1071,1071,1071,1071,1071,1071,1071,1071,1071,1484,1935,1071,1071,1071,1071,1071,1071,1071,1071,1071,1071,1071,1071,1071,1071,1071,1071,1071,1071,1071,1071,1071,1037,1071,1071
1071,1071,1071,1071,1071,1071,1071,1071,1071,1071,1071,1071,1071,1071,1071,1071,1071,1071,1071,1071,1519,1071,1071,1071,1071,1071,1071,1602,1071,1071,1071,1071,1071,1071,1602,1071,1071,1071,1071,1344,1071,1071,1071,1071,1071,1071,1071,1071,1071,1071
1071,1071,1071,1604,1071,1071,1071,1071,1071,1071,1071,1071,1071,1082,1071,1071,1071,1071,1071,1071,1071,1071,1071,1071,1071,1071,1071,1336,1071,1071,1071,1071,1071,1071,1071,1071,1071,1071,1071,1071,1071,1071,1071,1071,1071,1071,1071,1592,1071,1071
1071,1071,1071,1071,1071,1071,1071,1071,1071,1071,1071,1071,1071,1071,1071,1047,1047,1071,1071,1071,1071,1071,1416,1071,1071,1071,1361,1071,1071,1071,1071,1071,1071,1071,1071,1071,1071,1071,1047,1071,1047,1071,1392,1071,1071,1071,1071,1071,1071,1071
1071,1071,997,1071,1071,1071,997,1071,1642,1071,1071,1071,1071,1071,1796,1071,1546,1071,1487,997,1071,1071,1071,1071,1071,1650,1071,1071,1071,1458,1071,1071,997,1071,1071,1404,1071,1071,1071,1071,1071,1101,1071,1127,1071,1488,1071,1071,1071,1071
1427,1071,1071,1071,1047,1071,1071,1071,1071,1071,1071,1071,1071,1071,1071,1071,1071,1071,1071,1071,1071,1676,1047,1071,1071,1071,1439,1071,1071,1047,1071,1071,1655,1071,1071,1360,1071,1071,1071,1071,1071,1071,1071,1071,1071,1071,1071,1371,1071,1071
1071,1071,1071,1071,1127,1071,1071,1071,1120,1071,1570,1071,1071,1071,1071,1071,1071,1524,1071,1071,1071,1071,1071,1071,1071,1071,1127,1071,1071,1071,1071,1071,1071,1071,1071,1071,1071,1071,1524,1071,1636,1071,1071,1071,1071,1071,1071,1071,1071,1288
1071,1071,1071,1071,1071,1071,1071,1071,1071,1071,1071,1879,1071,1071,1071,1932,1071,1071,1071,1071,1071,1371,1071,1071,1071,1071,1071,1071,1071,1071,1071,1071,1071,1071,1071,1071,1071,1071,1071,1071,1071,1071,1071,1071,1670,1071,1071,1071,1071,1071
1366,1157,1071,1071,1071,1366,1071,1071,1071,1071,1495,1071,1071,1071,1071,1071,1071,1382,1071,1071,1071,1071,1071,1366,1071,1071,1071,1071,1071,1071,1071,1071,1071,1071,1071,1071,1071,1071,1229,988,988,1071,1071,1071,1071,1071,1071,1071,1071,1071
1724,1071,1071,1071,1189,1071,1770,1650,1071,1071,1071,1071,1334,1071,1071,1071,1071,1920,1071,1071,1560,1071,1071,1071,1071,1071,1071,1071,1071,1071,1071,1071,1479,1071,1071,1071,1071,1071,1071,1071,1071,1071,1071,1071,1071,1071,1071,1071,1071,1071
1035,1071,1071,1071,1071,1071,1071,1071,1301,1035,1035,1069,1071,1071,1071,1071,1071,1071,1071,1071,1071,1071,1071,1071,1023,1071,1071,1071,1071,1071,1023,1071,1071,1071,1071,1071,1071,1071,1069,1071,1071,1023,1023,1071,1071,1071,1023,1071,1069,1071
1071,1237,1439,1071,1071,1071,1071,1071,1071,1490,1071,1071,1071,1071,1071,1071,1071,1071,1500,1581,1071,1071,1071,1071,1071,1350,1071,1071,1071,1071,1071,1110,1071,1071,1071,1071,1071,1071,1071,1071,1071,1071,1110,1071,1071,1350,1307,1071,1071,1071
1071,1071,1071,1071,1025,1071,1035,1025,1070,1071,1209,1071,1071,1071,1071,1025,1070,1071,1071,1737,1071,1070,1071,1035,1071,1071,1071,1071,1071,1437,1071,1688,1071,1071,1071,991,1071,1071,1437,1070,1071,991,1071,1071,1071,991,1071,1025,1071,1071
1071,1071,1071,1071,1071,1071,1071,1071,1498,1071,1071,1536,1071,1071,1071,1071,1379,1876,1071,1071,1071,1071,1071,1071,1344,1071,1814,1071,1377,1071,1071,1071,1071,1071,1071,1071,1354,1071,1071,1071,1071,1071,1492,1071,1071,1071,1510,1071,1071,1071
1071,1071,1071,1071,1070,1071,1071,1071,1071,1071,1071,1218,1071,1071,1071,1071,1071,1071,1071,1071,1071,1071,1071,1071,1071,1071,1626,1071,1025,1529,1319,1071,1071,1071,1071,1071,1071,1071,1071,1071,1071,1071,1025,1071,1071,1071,1071,1071,1071,1071
1071,1071,1071,1071,1071,1071,1071,1772,1071,1071,1071,1071,1071,1071,1071,1071,1071,1071,1071,1071,1071,1071,1071,1071,1071,1071,1071,1071,1071,1071,1071,1071,1071,1071,1071,1071,1071,957,1648,1071,1071,1071,1071,1071,1071,1071,1071,1071,1071,1071
1071,1071,1071,1071,1071,1071,1071,1071,1071,1071,1071,1071,1071,1071,1071,1071,1071,1071,1234,1071,1071,1071,1203,1071,1071,1071,1071,1071,1468,1071,1071,1071,1071,1071,1071,1071,1071,1449,1071,1071,1071,1071,1071,1071,1071,1071,1071,1071,1071,1071
1071,1071,1071,1071,1071,1071,1071,1071,1071,1071,1071,1071,1277,1071,1071,1071,1071,1071,1071,1071,1071,1071,1071,1071,1071,1071,1071,1071,1071,1071,1278,1071,1071,1071,1071,1071,1071,1071,1071,1071,1071,1071,1071,1071,1071,1071,1071,1071,1071,1071
1071,1401,1071,1441,1071,1071,1071,1357,1071,1071,1071,1071,1071,1071,1071,905,1071,1071,1071,1071,916,1071,1071,1071,1071,1071,1071,916,1071,905,916,1071,1071,905,1071,1071,1441,1071,1071,1071,916,1071,1071,1071,1071,1071,1441,1071,905,1071
1071,1621,1071,1071,1071,1071,1634,1071,1071,1071,1071,1071,1071,1071,1071,1071,1610,1071,1400,1071,1071,1071,1071,1071,1071,1071,1071,1071,1071,1071,1071,1071,1071,1071,1071,1071,1071,1071,1071,1071,1071,1071,1071,1330,1071,1204,1071,1071,1071,1071
1071,1071,1071,1071,1071,1071,1071,1071,916,1071,1071,1071,1071,1188,1071,1071,1071,1071,1071,1071,1071,1071,1592,1071,1071,1071,1071,1071,1071,1071,1071,1071,1071,1071,1071,1071,1071,1071,1071,1071,1071,1071,1402,1071,1071,1071,1598,1071,1071,916
1071,1071,1071,1071,1071,1071,1361,1134,1071,1061,1071,1071,1071,1071,1071,1071,1071,1071,1071,1071,1071,1071,1071,1071,1071,1071,1071,1071,1071,1071,1071,1071,1071,1071,1071,1071,1071,1071,1071,1134,1071,1071,1071,1695,1071,1071,1071,1403,1071,1071
1071,1071,1071,1071,1071,1071,1071,1562,1071,1307,1071,1071,1071,1071,1071,1071,1358,1071,1071,1071,1071,1071,1071,1071,1071,1920,1071,1071,1071,1071,1071,1071,1071,1071,1071,1071,1071,1071,1071,1071,1071,1071,1071,1071,1071,1071,1071,1661,1071,1071
1071,1071,1071,1071,1071,1071,1071,1071,1071,1071,1071,1071,1071,1071,1703,1071,1071,1071,1421,1071,1071,1071,1201,1630,1299,1071,1071,1071,1071,1071,1071,1491,1098,1071,1071,1071,1071,1071,1601,1071,1071,1071,1071,1640,1071,1071,1071,1071,1071,1071
1071,1071,1071,1071,1071,1071,1579,1071,1071,1071,1071,1071,1071,1071,1071,1071,1071,1071,1071,1071,1071,1071,1071,1071,1071,1071,1071,1071,1071,1414,1071,1071,1071,1071,1071,1071,1071,1176,1071,1552,1511,906,1071,1344,1071,1071,1358,1071,1071,1071
1346,1376,1071,1071,1071,1071,1071,1071,1310,1071,1071,1071,1071,1071,1071,1071,1071,1071,1071,1071,1308,1071,1071,1071,1071,1071,1071,1071,1071,1518,1071,1071,1310,967,1071,1071,1071,1071,1071,1071,1071,1071,1071,1071,1071,1071,1071,1071,1071,1071
1071,1071,1071,1071,1071,1071,1071,1071,1071,1071,1071,1670,1071,1071,1071,1071,1071,1071,1071,1071,1546,1071,1071,1324,1071,1071,1071,1071,1071,1071,1071,1219,1071,1071,1071,1071,1071,1242,1071,1071,1071,1546,1071,1071,1071,1178,1071,1071,1071,1454
1071,1071,1071,1071,1071,1071,1071,1071,1071,1071,1071,1071,1071,1071,1071,1071,1071,1071,1071,1778,1316,1071,1071,1071,1071,1071,1071,1071,1071,1071,1913,1071,1071,1071,1071,1071,1071,1071,1071,1652,1071,1743,1071,1204,1462,1488,1071,1071,1071,1071
1071,1071,1728,1071,1071,1071,1071,1071,1071,1071,1071,1071,1071,1071,1071,1071,1071,1071,1071,1071,1251,1071,1276,1071,1071,1086,1071,1071,1071,1071,1071,1554,1071,1071,1071,1071,1071,1071,1071,1071,1071,1071,1071,1071,1071,1071,1736,1342,1071,1071
1071,1071,1071,1071,1071,1071,1532,1071,2045,1071,1071,1332,1071,1071,1071,1071,1071,1445,1071,1071,1071,1071,1071,1071,1071,1071,1071,1071,1445,1071,1071,1071,1071,1071,1071,1071,1071,1071,1071,1071,1467,1071,1071,1071,1071,1071,1071,1071,1071,1071
1071,1071,1071,1071,1071,1071,1071,1071,1071,1125,1071,1071,1071,1071,1071,1071,1071,1071,1071,1071,1071,1071,1071,1071,1071,1125,1071,1071,1071,1502,1071,1071,1071,1071,1071,1071,1071,1071,1071,1071,1071,1071,1071,1071,1071,1071,1071,1567,1071,1071
1071,1071,1071,1071,1071,1071,1071,1071,1071,1483,1071,1266,1071,1268,1266,1071,1071,1071,1071,1071,1071,1071,1071,1071,1071,1071,1071,1071,1071,1071,1071,1071,1071,1071,1071,1071,1071,1071,1071,1071,1071,1266,1071,1426,1071,1071,1071,1071,1071,1071
1071,1071,1071,1071,1071,1071,1071,1568,1071,1071,1071,1071,1071,1071,1071,1071,1071,1057,1071,1071,1071,1071,1071,1071,1071,1071,1071,1580,1071,1071,1071,919,1071,1071,919,1071,1071,1071,1071,1071,1071,1071,1580,1071,1071,1071,1071,1071,919,1071
1071,1071,1071,1071,1071,1071,1071,1071,1071,1071,1071,1071,1071,1071,1071,1071,1071,1071,1071,1071,1071,1071,1071,1071,1071,1071,1071,1071,1071,1071,1606,1071,1071,1071,1071,1071,1071,1071,1477,1071,1071,1071,1071,1071,1071,1071,1071,1652,1071,1071
1071,1071,1071,1071,1071,1071,1071,1071,1071,1071,1071,1071,1071,1071,1071,1071,1071,1071,1397,1071,1071,1071,1071,1071,1071,1071,1071,1071,1071,1071,1071,1071,1071,1071,1071,1071,1071,1071,1071,1255,1071,1071,1071,1071,1071,1071,1071,1071,1071,1071
1071,1071,1071,1071,1071,1071,1071,1071,1071,1071,1071,1071,1071,1071,1071,1071,1071,1071,1071,1071,1071,1071,1071,1071,1071,1071,1009,1071,1071,1071,1071,1071,1071,1071,1071,1071,1071,1071,1071,1071,1009,1071,1128,1071,1071,1071,1071,1071,1071,1071
1071,1071,1071,1071,1264,1071,1071,1071,1071,1071,1071,1071,1337,1071,1071,1071,1071,1071,1071,1071,1005,1071,1071,1132,1071,1071,1071,1071,1071,1071,1092,1071,1071,1071,1071,1071,1071,1071,1071,1071,1071,1071,1071,1071,1071,1071,1071,1071,1071,1071
1071,1071,1071,1071,1208,1071,1071,1071,1071,1009,1071,1071,1071,1071,1516,1175,1460,1071,1071,1071,1071,1071,1483,1071,1071,1071,1071,1071,1071,878,1071,1071,1071,1071,1071,1071,1071,1071,1071,1071,1071,1071,1071,1071,1071,1071,1071,1071,1071,1071
1071,1071,1071,1071,1071,1071,1071,1071,1071,1071,1071,1195,1071,1071,1071,1071,1071,1071,1071,1747,1355,1071,1071,1071,1071,1071,1071,1071,1071,1264,1071,1071,1071,1071,1071,1071,1714,1071,1071,1071,1071,1071,1071,1071,1071,1071,1295,1071,1071,1071
1071,1071,1071,1071,1376,1071,1071,1071,1071,1666,1071,1071,1071,1506,1071,1009,1071,1071,1071,1071,1071,1071,1071,1071,1378,1071,1071,1071,1071,1071,1071,1071,1071,1071,1071,1009,1071,1071,1071,1071,1071,1376,1071,1071,1071,1071,1283,1071,1071,1071
1071,1681,1071,1071,1071,1071,1071,1467,1071,1071,1071,1071,1071,1071,1071,1071,1071,1071,1071,1071,1071,1049,1049,1049,1071,1071,1484,1071,1071,1049,1071,1264,1071,1071,1071,1071,1336,1437,1071,1071,1071,1071,1071,1071,1071,1130,1049,1871,1467,1071
1071,1382,1071,1071,1604,1071,1071,1071,1071,1071,1383,1071,1071,1071,1071,1382,1071,1009,1071,1192,1009,1071,1071,1071,1071,1467,1071,1071,1265,1071,1071,1382,1071,1071,1071,1071,1071,1071,1411,1071,1071,1071,1009,1071,1071,1071,1071,1385,1009,1071
1071,1071,1071,1071,1071,1071,1071,1071,1071,1071,1535,1049,1071,1049,1071,1071,1071,1049,1336,1333,1071,1071,1071,1071,1071,1071,1071,1147,1071,985,1071,1071,1071,1071,1071,1147,1388,1071,1071,1071,1071,1071,1071,1071,1071,1071,1071,983,1071,1071
1071,1071,1071,1071,1071,1071,1071,1071,1071,1382,1071,1071,1071,1262,1071,1071,1071,1071,1071,1071,1071,1071,1071,1071,1071,1071,1609,1071,1071,1071,1071,1071,1609,1071,1071,1071,1071,1071,1071,1071,1071,1071,1071,1071,1071,1071,1071,1446,1071,1071
1071,1071,1049,1071,1071,1629,1049,1071,1071,1071,1071,1071,1071,1071,1071,1071,1071,1071,1071,1071,1000,1071,1071,1071,1409,1071,1071,1071,1071,1071,1049,1071,1000,1071,1071,1539,1071,1071,1000,1071,1071,1071,1071,1071,1071,1071,1000,1071,1071,1071
1071,1071,1071,1071,1071,1071,1071,1071,1071,1128,1071,1071,1769,1071,1071,1071,1071,1071,1071,1071,1071,1382,1053,1071,1071,1071,1071,1071,1071,1071,1071,1071,1382,1071,1071,1071,1071,1071,1071,1071,1071,1071,1071,1160,1071,1071,1160,1071,1071,1053
1071,1071,1353,1071,1049,1071,1071,1071,1071,1071,1071,1071,1071,1071,1071,1049,1049,1071,1071,897,1355,1071,1071,1049,1071,1071,1071,1071,1071,1071,1071,1071,1071,1071,1071,1071,1071,1071,1071,1071,1049,897,1071,1071,1745,1379,1071,1071,1071,1071
1071,1071,1071,1431,1127,1071,1016,1016,1071,1071,1071,1071,1071,1071,1071,1071,1301,1071,1378,1071,1071,1071,1071,1071,1071,1071,1071,1071,1071,1071,1071,1071,1071,1071,1071,1071,1071,1071,1071,1071,1071,1483,1071,1071,1071,1071,1071,1071,1071,1071
1071,1071,1071,1071,1409,1473,1071,1071,1071,1071,1071,1071,1071,1071,1071,1071,1071,1364,1071,1071,1071,1071,1071,1071,1071,1200,1071,1071,1071,1071,1473,1071,1071,1071,1071,1071,1287,1071,1071,1071,1679,719,1796,1071,1071,1071,719,1071,1071,1071
1071,1071,1071,1015,1416,1071,1572,1071,1015,1071,1071,1071,1071,1016,1071,1071,1231,1071,1071,1071,1015,1071,1016,1071,1015,1071,1071,1071,1071,1015,1071,1071,1071,1071,1071,1071,1071,1071,1071,1071,1071,1572,1694,1071,1071,1071,1532,1071,1071,1071
1071,1239,1071,1808,1071,1071,1071,1071,1071,1071,1071,1071,1071,1241,1553,1071,1071,1071,1071,1071,1687,1071,1071,1071,1071,1071,1071,1071,1071,1661,1071,1071,1071,1071,1071,1071,1071,1071,1071,1071,1071,1071,1071,1071,1071,1071,1071,1850,1071,1071
1071,1071,1071,1071,1071,1071,1071,1071,1015,1071,1071,1071,1071,1071,1071,1071,1071,1071,1071,1071,1071,1071,1071,1071,1071,1071,1071,1071,1071,1071,1071,1015,1506,1015,1071,1071,1071,1071,1071,1071,1071,1071,1071,1071,1071,1071,1071,1071,1071,1015
1071,1466,1071,1071,1071,1071,1071,1071,1071,1071,1071,1071,1071,1071,1071,1071,1071,1071,1071,1071,1071,1071,1071,1071,1071,1071,1071,1071,1071,1071,1071,1071,1071,1059,1071,1673,1071,1071,1071,1059,1071,1071,1466,1071,1071,1071,1071,1071,1071,1071
1071,1071,1071,1071,1071,1071,1071,1071,1349,1071,1071,1071,1071,1071,1071,1071,1071,1071,1071,1071,1164,1071,1071,1071,1071,1071,1487,1071,1071,1071,1360,1290,1071,1071,1071,1071,1071,1071,1071,1071,1071,1071,1071,1071,1071,1071,1071,1071,1071,1071
1071,1071,1071,1071,1071,1428,1501,1071,1071,1071,1071,1071,1071,1071,1071,1297,1071,1071,1071,1071,1071,1071,1071,1071,1071,1071,1071,1071,1071,1071,1071,1071,1071,1071,1071,1501,1071,1071,1071,1501,1071,1071,1071,1071,1071,1071,1071,1071,1071,1071
1071,1071,1071,1071,1071,1071,1071,1071,1071,1071,1071,1071,1071,1071,1071,1071,1071,1071,1071,1071,1705,1071,1071,1071,1535,1071,1071,1071,1098,1416,1071,1507,1653,1071,1071,1535,1071,1071,1471,1071,1098,1071,1071,1071,1071,1071,1071,1071,1471,1071
1071,1071,1071,1071,1071,1071,1071,1071,1071,1071,1071,1071,1498,1071,1071,1071,1071,1071,1071,1071,1339,1339,1071,1071,1071,1071,1071,1071,1071,1071,1071,1071,1071,1071,1071,1071,1071,1071,1071,1098,1609,1071,1631,1071,1071,1431,1071,1609,1071,1071
1071,1071,1071,1071,1071,1071,1071,1071,1071,1071,1071,1071,1071,1071,1071,1071,1071,1071,1071,1071,1071,1071,1071,1071,1071,1071,1071,1071,1071,1071,1071,1071,1071,1071,1071,1071,1071,1071,1071,1071,1071,1071,1672,1071,1071,1071,1071,1071,1071,1071
1071,1071,1071,1071,1071,1071,1071,1071,1071,1071,1071,1071,1071,984,1071,1071,1071,909,1071,1071,1071,1071,1071,1071,1071,1071,1071,1071,1071,1071,1071,1400,1071,1071,1071,909,1071,959,959,1071,1071,1071,1071,1071,1071,1071,1071,1071,1071,1071
1071,1346,1071,1071,1512,1071,1071,1071,1331,1071,1005,1071,1071,1071,1071,1071,1071,1071,1071,1071,1071,1071,1071,1071,1071,1071,1071,1005,1071,1071,1071,1071,1071,1071,1443,1071,1057,1071,1071,1071,1071,1071,1071,1071,1223,1071,1071,1057,1071,1071
1073,1071,1071,1071,1071,1071,1071,1071,1071,1071,1071,1056,1665,1071,1365,1071,1071,1071,1071,1071,1665,1056,1071,1365,1071,1707,1071,1071,1071,1071,1269,1071,1071,1071,1071,1071,1071,1071,1441,1071,1071,1071,1071,1071,1071,1071,1071,1766,1531,1071
1071,1071,1071,1307,1071,1238,1071,1071,1071,1071,1071,1071,1071,1071,1549,1071,1071,1071,1071,1071,1410,1071,1071,1071,1307,1071,1071,1071,1071,1514,1071,1071,1071,1331,1071,1071,1071,1242,1071,1071,1071,1071,1071,1071,1071,1331,1071,1071,1071,1071
1071,1071,1071,1071,1071,1071,1071,1071,1071,1071,1071,1071,1071,1071,1071,1071,1071,1071,1071,1071,1071,1071,1071,1300,1071,1071,1793,1071,1071,1071,1071,1071,1366,1541,1071,1071,1071,1071,1071,1071,1071,1544,1071,1438,1071,1071,1071,1071,1071,1071
1071,1365,1323,1071,1071,1071,1071,1071,1071,1071,1071,1071,1071,1071,1071,1071,1071,1071,1071,1071,1071,1049,1071,1071,1071,1049,1071,1071,1071,1071,1071,1071,1071,1690,1120,1071,1071,1071,1071,1071,1071,1422,1071,1071,1071,1071,1071,1071,1071,1071
1071,1071,1071,1071,1071,1071,1071,1071,1071,1071,943,1071,1071,943,1300,1071,1071,1071,849,1071,1071,1071,1071,1071,943,1071,1071,1071,1071,1071,1071,1071,1604,1071,1071,1071,1071,1071,1071,1071,1071,1071,1071,1071,1071,1071,1071,1071,1071,1071
1756,1369,1071,1071,1071,1071,1071,1071,1268,1369,1778,1071,1071,1071,1071,1071,1071,1071,1071,1071,1071,1071,1071,1071,1071,1071,1071,1071,1071,1071,1071,1071,1369,1071,1071,1071,1071,1071,1071,1071,1071,1268,1071,1071,1071,1071,1071,1071,1071,1071
1071,1071,1071,1071,1071,1071,1071,1071,1071,1071,1071,1071,1071,1018,1071,1071,1071,1071,1071,1071,1071,1071,1071,1071,1071,1071,1071,1071,1314,1071,1071,1071,1071,1071,1071,1018,1071,1071,1071,1071,1071,1071,1071,1071,1071,1071,1605,1071,1071,1071
1071,1071,1071,1071,1071,1071,1589,1071,1071,1071,1071,1071,1071,1462,1071,1071,1071,1071,1071,1071,1071,1071,1071,1058,1071,1071,1498,1071,1071,1071,1071,1071,1071,1071,1071,1516,1071,1071,1071,1071,1058,1071,1071,1455,1071,1071,1071,1071,1071,1071
1071,1071,1071,1071,1071,1071,1071,1071,1418,1071,1071,1071,1054,1071,1071,1071,1071,1054,1071,1071,1071,1071,1270,1543,1418,1071,1071,1071,1071,1071,1071,1071,1071,1071,1071,1071,1071,1071,1071,1071,1071,1071,1071,1071,1071,1071,1071,1071,1071,1071
935,1071,1071,1071,1071,1071,1071,1071,1071,1071,1355,1071,1071,1071,1071,1071,1071,1071,1071,1071,1071,1255,1071,1071,1071,1071,1071,1071,1573,1071,1071,1071,935,1071,1071,1071,1401,1071,1071,1071,1071,1071,1071,1071,1071,1742,1071,1071,1071,1401
1071,1714,1071,1071,1305,1071,1071,1071,1071,1683,1071,1071,1071,1484,1341,1071,1071,1071,1071,1266,1071,1071,1071,1071,1573,1071,1344,1071,1071,1071,1071,1071,1427,1071,1071,1071,1071,1071,1071,1071,1071,1071,1071,1071,1071,1266,1071,1071,1071,1071
1071,1529,1071,1071,1071,1071,1071,1071,1071,1071,1724,1071,1071,1071,1071,1071,1388,1522,1071,1071,1071,1071,1071,1071,1071,1071,1071,1071,1071,1071,1071,1071,1071,1071,1071,1071,1204,1071,1071,1457,1071,1071,1071,1071,1071,1071,1071,1071,1071,1071
1071,1071,1071,1071,1071,1392,1071,1309,1071,1071,1071,1071,1071,1071,969,1071,969,1071,1071,1071,969,1071,1071,1071,1071,1071,1071,1315,1071,1071,1071,1071,1309,1328,1071,1071,1071,1071,1071,1071,1071,1071,1071,1071,1071,1071,1359,1071,1071,1071
921,921,1071,1071,1071,1071,1071,1071,1071,1071,1071,921,1071,1067,921,1071,1071,1071,1071,1071,1566,1071,1071,1071,1071,1071,1345,1071,1071,1067,1071,1071,1071,1071,1071,1071,1071,1071,1263,921,1071,1071,1071,1071,1071,921,1071,1071,1071,1071
1071,918,1071,1071,1071,918,1071,1071,1071,1071,1071,1071,1606,1071,1401,1071,1071,1071,1071,1071,1071,1071,1071,918,1071,1071,1071,1071,1071,1071,1071,1071,1071,1071,1071,1071,1071,1071,1071,918,1071,1071,1071,1071,1071,1071,1071,1071,1071,1071
1071,1071,1194,1071,1557,1071,1071,1071,1071,1071,1071,1071,1071,1071,1071,1071,1071,1071,1071,1071,1071,1071,1071,1071,1071,1071,1071,1071,1071,1071,1703,1071,1071,1071,1071,1071,1113,1071,1680,1192,1071,1620,1071,1071,1071,1071,1071,1071,1071,1626
1071,1071,1071,1071,1071,1506,1071,1071,1071,1071,1071,1071,1071,1071,1071,1071,1567,1071,1071,1071,1485,1071,1071,1071,1071,1071,1071,1868,1071,1329,1071,1071,1506,1071,1071,1071,1071,1071,1071,1071,1071,1267,1071,1071,1071,1071,1071,1071,1640,1071
1071,1071,1071,999,1071,1071,1071,1071,1071,1071,1071,1071,1071,1071,1071,1071,1071,1437,999,1071,1071,1071,1071,1071,1071,1071,1105,1071,1071,1071,1071,1071,1071,1071,1071,1071,1071,1071,1071,1071,1071,1071,1071,1071,1071,1071,1725,1071,1071,1071
1071,1269,1071,1071,1071,1071,1071,1571,1071,1071,1071,1071,1071,1448,1071,1071,1071,1071,1071,1071,1071,1071,1071,1071,1071,1071,1071,1071,1071,1353,1071,1071,1071,1555,1071,1071,1071,1071,1071,1071,1071,1071,1071,1195,1071,1071,1508,1071,1071,1071
1071,1071,1071,1071,1071,1071,1071,1071,974,1071,1580,1071,1071,1071,1071,1071,1071,1071,1580,974,1071,1071,1071,1071,1071,1071,1071,1071,1071,1892,1071,1071,1071,1071,1071,1071,974,1071,1071,1071,1071,1071,1071,1071,1071,1397,1071,1071,1071,1071
1678,1071,1071,1284,1464,1071,1071,1071,1071,1071,1071,1071,1071,1071,1071,1071,1071,1071,1071,1071,1071,1071,1071,1071,1071,1071,1071,1071,1071,1071,1071,1071,1071,1071,1071,1071,1308,1071,1071,1289,1071,1071,1071,1071,1651,1071,1071,1406,1071,1071
1071,1071,1071,1034,1071,1071,1071,1071,1071,1071,1071,1071,1071,1071,1071,1071,1071,1071,1071,1071,1071,1071,1071,1071,1071,1071,1071,1071,1071,1071,1071,1071,1071,1071,1071,1392,1071,1071,1071,1071,1071,1071,1071,1071,1071,1071,1071,1071,1071,1071
1071,1071,1071,1071,1071,1071,1071,1071,1071,1031,1071,1071,1436,1071,1031,1071,1071,1071,1071,1071,1071,1031,1071,1071,1071,1280,1560,1071,1071,1071,1071,1071,1071,1505,1071,1071,1560,1071,1071,1071,1071,1071,1071,1071,1071,1071,1071,1071,1208,1071
1071,1071,1071,1071,1071,1432,1071,1071,1071,1071,1071,1071,1071,1063,1071,1071,1549,1071,1168,1071,1071,1071,1071,1071,1071,1063,1071,1071,1071,1295,1071,1071,1071,1071,1071,1071,1071,1071,1336,1063,1071,1071,1071,1071,1336,1071,1071,1071,1071,1071
1071,1071,1570,1071,1071,1071,1731,1071,1071,1071,1071,1071,1013,1071,1071,1013,1071,1071,1071,1071,1071,1071,1071,1031,1071,1031,1071,1071,1071,1031,1071,1013,1071,1071,1071,1071,1071,1071,944,1071,1071,1071,1071,1071,1071,1071,1071,1690,1071,1690
1071,1071,1071,1071,1071,1071,1071,1063,1071,1071,1071,1071,1519,1071,1071,1020,1071,1071,1071,1071,1071,1071,1071,1502,1071,1071,1071,1071,1071,1071,1071,1071,1071,1071,1369,1020,1071,1071,1071,1071,1071,1063,1071,1071,1071,1071,1020,1071,1071,1071
1071,1071,1321,1381,1071,1071,1071,1071,1456,1071,1071,1071,1071,1071,1071,1071,1071,1071,1071,1071,1071,1071,1483,1071,1071,1071,1071,1071,1071,1071,1071,1071,1071,1071,1071,1071,1321,1071,1071,1071,1071,1071,1071,1071,1071,1573,1071,1071,1071,1071
1071,1071,1071,1071,1071,1071,1071,1071,1071,1071,1071,1071,1071,1071,1071,1071,1071,1071,1071,1071,1071,1071,1444,1071,1071,1823,1071,1071,1071,1071,1071,1071,1071,1071,1444,1071,1071,1071,1071,1071,1071,1071,1071,1071,1071,1071,1071,1071,1071,1071
1071,1071,983,1524,1071,1071,1071,1071,1071,1071,1071,1071,1071,1539,1071,1071,1071,1071,1071,1539,1071,1071,1071,1071,1071,1071,1071,1071,983,1071,1071,1071,1071,1071,1071,1071,1071,983,1071,1071,1071,1071,1071,1071,1071,1538,1071,1071,1071,1071
1071,1071,1071,1071,1587,1007,1071,1071,1071,1071,1071,1071,871,1210,1071,1210,1071,1071,1332,1071,1071,1071,1071,1071,1353,1071,1071,1071,1071,1071,1071,1148,1071,871,871,1071,1071,1007,1071,1071,1071,871,1071,1295,1071,1071,1071,1007,1071,1071
1071,1071,1161,1071,1071,1639,1071,907,1596,1071,1071,1071,1071,1071,1071,1071,1071,1071,1071,1071,1071,1071,1071,1071,1320,1071,973,1071,1071,1071,1071,1071,1071,1071,1071,1639,1071,1071,1071,1071,1071,1071,1071,1071,1084,1071,1071,1071,1071,1071
1071,1071,1513,1071,1071,1071,1071,1071,1071,1241,1071,1071,1071,1071,1071,1071,1120,1071,1071,1071,1071,1071,1071,1071,1071,1071,1071,1071,1071,1071,1367,1071,1071,1071,1071,1382,1071,1071,1071,1071,1071,1658,1071,1071,1071,1071,1071,1071,1071,1470
1071,1071,1071,1071,1071,1071,1071,1071,1071,1071,1071,1071,1071,1071,1071,1071,1499,1071,1071,1071,1071,1071,1071,1071,1071,1071,1298,1071,1071,1071,1071,1071,1071,1071,1071,1071,1071,1071,1298,1071,1474,1071,1071,1071,1071,1071,1071,1071,1071,1071
1071,1071,1071,1071,1071,1071,1071,1071,1071,1071,1071,1071,1071,1071,1071,1408,1071,1071,1071,1071,1071,1071,1071,1071,1071,1331,1071,1071,1071,1071,1071,1071,1071,1071,1071,1071,1071,1071,1329,1514,1071,1071,1071,1071,1071,1071,1071,1872,1071,1637
1071,1071,1071,1071,1071,1366,1071,1071,1071,1071,1549,1071,1071,1168,1071,1071,1235,1071,1108,1071,1071,1565,1071,1071,1071,1071,1071,1071,1071,1071,1071,1071,1108,1071,1071,1071,1071,1071,1702,1317,1071,1071,1071,1071,1071,1071,1071,1071,1071,1071
1071,1071,1071,1071,1071,1613,1071,1071,1071,1071,1071,1071,1614,1071,1071,1071,1071,1071,1071,1178,1071,1071,1071,1071,1071,1071,1071,1071,1071,1071,1071,1071,1613,1071,1071,1071,1071,1071,1071,1071,1071,1071,1542,1071,1071,1071,1071,1071,1071,1071
1071,1071,1071,1071,1071,1207,1071,1071,1071,1071,1071,1071,1071,1071,1555,1830,1747,1071,1155,1071,1071,1071,1196,1071,1071,1071,1071,1071,1071,1071,1071,1071,1071,1071,1071,1071,1071,1071,1071,1071,1155,1071,1071,1071,1071,1071,1071,1071,1071,1071
1071,1224,1071,1071,1071,1071,1071,1071,1373,1071,1071,1071,1071,1071,1071,1071,1071,1071,1509,1071,1071,1071,1071,1071,1071,1489,1071,1071,1071,1255,1071,1071,1212,1313,1071,1071,1071,1071,1071,1524,1071,1686,1071,1509,1071,1071,1071,1071,1071,1071
1071,1071,1071,1071,1071,1071,1071,1071,1071,1071,1071,1071,1970,1071,1646,1937,1071,1071,1071,1071,1071,1071,1598,1058,1071,1071,1472,1071,1071,1071,1071,1364,1071,1071,1071,1071,1071,1071,1071,1071,1071,1071,1071,1071,1071,1071,1562,1512,1071,1071
1071,1071,1071,1255,1071,1071,1592,1071,1071,1071,1071,1071,1071,1071,1071,1071,1071,1055,1071,1071,1071,1071,1471,1071,1071,1055,1071,1071,1071,1071,1071,1071,1071,1071,1071,1071,1071,1071,1071,1795,1071,1071,1212,1071,1071,1071,1071,1889,1071,1071
1071,1071,1071,1071,1071,1071,1071,1071,1071,1071,1071,1067,1071,1071,1071,1071,1071,1071,1071,1067,1071,1071,1071,1071,1071,1071,1071,1071,1071,1067,1071,1071,1071,1071,1071,1071,1071,1071,1071,1071,1071,1071,1071,1582,1071,1071,1071,1071,1071,1071
1071,1071,1071,939,1071,1071,1071,1071,1071,1071,1411,1224,939,1071,1071,1071,1071,1265,1071,1071,1071,1071,1071,1071,1265,1071,1071,1071,939,1071,1071,1071,1769,1071,1071,1071,1071,1224,1071,1071,1071,1071,1071,1071,1071,1071,1071,1071,1071,1071
1071,1071,1071,1071,1071,1071,1071,1071,1071,1148,1071,1071,1071,1233,1071,1071,1071,1071,1071,1071,1071,1071,1071,1071,1071,1071,1071,1375,1071,1071,1071,1071,1071,1071,1567,1071,1567,1071,1071,1071,1071,1368,1071,1071,1071,1071,1071,1071,1071,1071
1071,1285,1071,1071,1071,1071,1071,1071,1071,1631,1071,1175,1071,1071,1071,1071,1071,1071,1071,1071,1071,1071,1071,1440,1071,1071,1071,1071,1618,1071,1071,1071,1071,2021,1071,1553,939,1071,1071,1071,1071,1071,1071,1071,1071,1071,1071,1071,1071,1071
1045,1071,1071,1071,1071,1224,1071,1071,1071,1071,1071,1176,1071,1071,1071,1071,1071,1071,1071,1650,1071,1071,1071,1071,1071,1071,1071,1071,1071,1071,1071,1071,1071,1071,1071,1045,1071,1071,1071,1071,1071,1071,1071,1071,1071,1071,1071,1071,1071,1071
1071,1071,1071,1071,1071,1071,1071,1071,1693,1071,1362,1071,1071,1071,1071,1071,1071,1071,1071,1071,1071,1071,1428,1071,1071,1071,1071,1071,1071,1071,1071,1071,1071,1071,1071,932,1071,1071,1071,1560,1071,1071,1071,1272,1071,1071,1071,1071,1071,1071
1071,1071,1437,1071,1071,1071,1071,1071,1071,1071,1437,1071,1071,1071,1071,1071,1071,1176,1071,1071,1071,1071,1071,1071,1071,1071,1260,1071,1071,1813,1071,1071,1071,1071,1071,1071,1071,1071,1176,1071,1071,1071,1071,1071,1071,1071,1071,1071,1071,1071
1071,1071,1071,1071,1071,1071,1071,1071,1071,1071,1071,1071,1071,1071,1071,1071,1071,1071,1071,1071,1071,1071,1071,1071,1071,1071,1071,1071,1071,1071,1071,1071,1071,1071,1071,1071,1071,1071,1071,1272,1071,1071,1071,1071,1071,1071,1071,1071,1071,1071
1071,1071,1071,1071,1071,1071,1071,1071,1071,1071,1071,1071,1321,1071,1071,1071,1071,1116,1071,1071,1071,1071,1071,1071,1071,1071,1071,1071,1001,1071,1071,1071,1071,1383,1293,1071,1071,1071,1071,1071,1071,1071,1071,1071,1071,1071,1071,1071,1071,1071
1071,1071,1071,1071,1071,1071,1071,1071,1071,1071,1071,1071,1071,1071,1071,1071,1071,1071,1071,1071,1071,1071,1071,1071,1071,1268,1071,1071,1071,1071,1071,1071,1071,1226,1071,1071,1071,1071,1071,1071,1071,1071,1071,1071,1071,1071,1071,1071,1071,1071
1551,1396,1071,1071,1055,1071,1055,1071,1071,1071,1071,1071,1071,1071,1062,1071,1071,1071,1071,1071,1071,1071,1071,1071,1071,1071,1071,1071,1071,1071,1071,1071,1071,1071,1055,1071,1071,1071,1071,1384,1071,1071,1071,1071,1071,1062,1071,1071,1071,1071
1071,1071,1071,1071,1071,1071,1071,1071,1071,1071,1071,1071,1071,1226,1579,1071,1071,1071,1071,1071,1071,1263,1355,1071,1071,1071,1071,1071,1263,1071,1071,1071,1071,1071,1071,1071,1071,1071,1071,1071,1071,1071,1071,1071,1071,1071,1071,1071,1071,1071
1071,1071,1840,1071,1505,1071,733,1071,1071,1071,1071,1071,1071,1071,1071,1071,1071,1071,1071,1071,1071,1071,1543,1071,1071,1058,1411,1071,1071,1071,1071,1479,1071,1411,1071,1071,1071,1071,1071,1071,1071,1071,1071,1071,1071,1071,1071,1071,1728,1071
1071,1071,1071,1071,1071,1071,1071,1674,1071,1071,1071,1071,1071,1071,1071,1071,1071,1071,1071,1071,1071,1071,1071,1071,1071,1071,1071,1071,1071,1351,1071,1071,1407,1071,1071,1071,1071,983,1071,1071,1071,1298,1071,1071,983,1071,1071,1351,1071,1071
1071,1071,1071,1071,1071,1071,1089,1071,1071,1071,1071,1071,1071,1071,1071,1071,1071,1071,1071,1071,1071,1071,1071,1071,1071,1071,1071,1071,1071,1071,1071,1533,1071,1071,1071,1071,1071,1071,1071,1071,1071,1071,1071,1416,1071,1706,1071,1071,1071,1071
1071,1071,1071,1071,1071,1053,1071,1071,1053,1071,1071,1071,1071,1071,1053,1071,1071,1071,1813,1071,1071,1071,1071,1071,1071,1071,1071,1071,1071,1071,1071,1071,1071,1071,1863,1071,1263,1071,1071,1071,1071,1071,1071,1606,1071,1071,1071,1071,1071,1071
1071,1071,1071,1809,1071,1071,1071,1071,1071,1071,1071,1071,1071,1071,1071,1071,859,1071,1071,1071,1071,1071,1071,1071,1443,1071,1071,1071,1071,1071,1677,1071,1071,1071,1071,1071,1071,1071,1071,1071,1071,1071,1071,1071,1071,1071,1071,1071,1071,1071
1641,1071,1071,1071,1071,1071,1071,1462,1828,1071,1071,1071,1071,1071,1071,1071,1071,1071,1071,1071,1071,1057,1144,1071,1071,1071,1057,1071,1144,1071,1071,1071,1071,1071,1461,1071,1529,1071,1071,1071,1057,1071,1071,1071,1071,1071,1268,1071,1071,1071
1071,1071,1071,799,1071,1071,1581,1071,1071,1168,1071,1071,1071,1071,1071,799,1071,1626,1221,1071,1217,1071,1071,1071,1071,799,1071,1071,1071,1610,1071,1217,1071,1071,1071,1071,1071,1071,1071,1071,1071,1071,1071,799,1071,1217,1071,1071,1071,1071
1071,1071,1071,1071,1071,1071,1071,1071,1071,1071,1071,1071,1071,1071,1071,1378,1071,1071,1071,1071,1071,1071,1071,1071,1071,1071,1071,1071,1071,1071,1071,1071,1071,1071,1071,1071,1071,1071,1390,1498,1071,1071,1071,1071,1071,1071,1071,1071,1378,1071
1071,1071,1071,1071,1071,1071,1071,1071,1071,1071,922,1071,1071,922,799,1071,1527,1071,1071,1071,1071,1071,1071,1071,922,1071,799,1456,1394,1071,1071,1071,799,799,922,1071,1071,1071,1071,1071,1394,1071,1071,1071,1071,799,1071,1071,1584,922
1071,1255,1071,1071,1071,1071,1071,1071,1071,1071,1369,1320,1071,1071,1071,1071,1071,1071,1071,1071,1071,1071,1071,1071,1071,1071,1071,1071,1071,1071,1071,1071,1267,1071,1071,1071,1071,1071,1071,1071,1071,1071,1071,1514,1071,1071,1071,1071,1071,1071
922,1037,1071,922,1037,1071,1071,1071,1108,1071,1071,1071,1071,1071,1071,1071,1071,1071,1071,1071,922,1071,922,1071,1071,1071,1071,1071,1071,922,1071,1071,1071,1071,1071,1071,1071,922,1071,1071,1071,1071,1071,1071,1071,1071,1071,1071,922,1071
1071,1071,1085,1071,1071,1071,1071,1071,1071,1071,1071,1071,1071,1071,1071,1071,1071,1071,1071,1071,1071,1071,1071,1071,1071,1071,1071,1753,1071,1071,1071,1071,1071,1639,1071,1071,1071,1085,1071,1071,1133,1071,1071,1071,1071,1071,1071,1071,1071,1071
1071,1071,1071,1071,1071,1071,1071,1071,1071,1071,1071,1071,873,1257,1071,1071,1071,1071,1071,1184,1071,1071,1071,1071,1071,1071,1071,1071,1372,1071,1071,1071,1071,1071,1071,1071,1071,1071,1071,1071,1071,1071,873,1071,1071,1071,1071,1071,1071,1071
1071,1071,1071,1071,1071,1071,1071,1071,1071,1071,1071,1071,1482,1512,1071,1071,1071,1071,1071,1071,1071,1071,1071,1071,1071,1071,1071,1345,1071,1071,1071,1071,1071,1071,1071,1071,1071,1071,1071,1071,1071,1248,1071,1071,1071,1071,1071,1071,1071,1071
1071,1071,1071,1071,1071,1071,1071,1071,1071,1071,1071,1071,1071,1071,1071,1071,1071,1161,1071,1071,1071,1071,1071,1071,1071,1071,1071,1071,1071,1071,1071,1071,1071,1071,1071,1071,1071,1071,1071,1400,1071,1790,1071,1071,1071,1071,1071,1071,1071,1071
1071,1071,1071,1071,1071,1071,1071,1071,1071,1071,1071,1071,1071,1071,1071,1071,1071,1071,1071,1071,1071,1071,1071,1071,1071,1071,1071,1071,1071,1071,1071,1071,1071,1071,1071,1071,1071,1071,1071,1071,1071,1071,1071,1071,1071,1071,1071,1071,1071,1071
1071,1071,1071,1369,1071,1071,1071,1071,1071,1071,1071,1264,1071,1071,935,1071,1071,1071,1071,1071,1071,1071,1071,1071,1071,1071,1069,1071,1071,1071,1071,1071,1071,1113,1071,1071,1071,1071,1071,1035,1071,1221,1071,1069,1071,1071,1071,1071,1321,1355
1071,1522,1071,998,1071,1071,1071,1071,1071,1071,1071,1071,1071,1071,1071,1532,1071,998,1071,1548,1071,1071,1071,1071,1071,1071,1071,1071,998,1071,1071,1071,1071,1071,1071,1071,1071,1071,1610,1524,1071,1071,1688,1071,1071,1123,1071,1493,1304,1071
1712,1071,1071,1071,1071,1071,1071,1071,1071,1071,1071,1069,1071,1071,1321,1071,1071,1071,1071,1071,1071,1113,1912,1069,1071,1071,1069,1071,1463,1071,1071,1105,1071,1071,1071,1071,1071,1071,1071,1071,1071,1071,1487,1071,1071,1071,1071,1071,1071,1071
1071,1071,1071,1071,1071,1304,1071,1651,1071,1071,1071,1071,1071,1071,1071,1071,1071,1071,1071,1071,1071,1071,1071,1071,1071,1071,1071,1071,1071,1071,1692,1071,1071,1071,1071,1071,1071,1071,1071,1071,1529,1071,1684,1071,1071,1071,1071,1071,1071,1071
1071,1089,1447,1071,1071,1071,1071,1071,1071,1071,1071,1071,1447,1221,1071,1071,1071,1463,1071,1069,1071,1071,1071,1071,1071,1071,1069,1071,1071,1200,1071,1071,1071,1071,1071,1071,1071,1071,1071,1105,1071,1071,1071,1071,1071,1071,1200,1071,1071,1071
1071,1497,1071,1071,1071,1071,1071,1600,1071,1071,1071,1047,1071,1054,1071,1071,1071,1054,1058,1071,1071,1454,1047,1071,1058,1071,1071,1047,1071,1071,1071,1047,1071,1071,1071,1071,1071,1071,1071,1058,1071,1155,1058,1071,1071,1071,1071,1071,1600,1071
1071,1071,1071,1071,1071,1071,1365,1071,1071,1071,1071,1071,1071,1071,1071,1071,1071,1646,1071,1071,1071,1071,1071,1071,1071,1071,1071,1016,1071,1071,1071,1071,1646,1320,1071,1071,1071,1071,1071,1071,1071,1545,1071,1343,1071,1631,1016,1071,1071,1071
1071,1071,1071,1071,1071,707,1071,1071,1071,1071,1071,1132,1071,1380,1071,1071,707,1071,1071,1071,1132,1071,1071,1071,707,1071,1071,1071,1071,1071,1071,1071,1541,707,1071,1071,1412,1071,1071,1071,1071,1071,1444,1071,1071,1412,1412,707,1071,1071
1071,1071,1071,1071,1071,1071,1071,1071,1635,1071,1071,1069,1071,1071,942,942,1071,1071,1071,1071,1071,1693,1071,1071,1071,1071,1071,1071,1071,1071,1071,1071,1410,1071,1071,1071,1071,1071,1069,942,1071,1071,1071,1071,1071,1071,1071,1071,1139,1071
1071,1071,1071,1207,1071,1071,1071,1071,1071,1071,1071,1071,1071,1207,1071,1071,1071,1071,1071,1071,1071,1071,1071,1071,1071,997,1071,1071,1071,1071,1071,997,1071,1071,1071,1071,1071,997,1071,1071,1071,1071,1071,1071,1071,1071,1071,1071,1071,1071
1071,1071,1567,1528,1071,1071,1465,1071,1071,1071,942,1071,1071,1071,1071,1071,1071,1071,790,942,1071,942,1071,1071,1071,1071,1071,1071,1071,1071,1071,1071,1071,1071,1071,942,1071,1071,1071,1071,1071,1071,1071,1071,1071,942,1071,1071,1071,1071
1071,1071,1071,1071,1071,1071,1530,1071,1207,1167,1071,1033,1071,1071,1071,1071,1071,1071,1071,1071,1071,1071,1071,1071,1033,1071,1071,1324,1071,1207,1008,1033,1071,1071,1071,1033,1071,1071,1071,1071,1071,1071,1033,1071,1071,1071,1071,1071,1071,1071
1281,1071,1071,1071,1071,1071,1071,1071,1071,1071,1071,1071,1071,1071,1071,1561,1167,1071,1071,1071,1165,1731,1071,942,1071,942,1071,1071,1071,1071,1071,1071,985,1071,1071,1071,1071,985,1071,1071,1071,1071,985,1071,1071,1071,985,1071,1385,1071
1071,1071,1071,1071,1071,1071,1071,1071,1033,1033,1071,1071,1033,1033,1071,1071,1071,1071,1071,1603,1323,1071,1071,1071,1071,1071,1071,1071,1071,1071,1033,1071,1071,1071,1071,1071,1306,1071,1071,1071,1071,1071,1405,1071,1071,1071,1071,1071,1508,1071
1421,1071,1071,1071,1071,1071,1071,1071,1071,1637,1071,1071,1071,1071,1071,1071,1071,1071,1071,1071,1071,1071,1071,1071,1071,1071,1071,1071,1071,1071,1071,1071,1378,1071,1071,1071,1071,1071,1071,1071,1071,1153,1071,1265,1071,1071,1071,1071,1071,1071
1071,1071,1071,1250,1071,1071,1071,1071,1318,1071,1071,1071,1071,1071,1071,1071,1071,1071,1071,1071,1071,1580,1071,1071,1071,1071,1071,1071,1318,1071,1071,1071,1071,1071,1071,1218,1071,1071,1071,1071,1401,1071,1071,1071,1071,1071,1071,1071,1071,1071
1419,1071,1071,1071,1071,1071,1071,1057,1071,1071,1071,1071,1071,1071,1071,1057,1071,1192,1071,1071,1071,1071,1071,1071,1071,1071,1071,1071,1152,1071,1071,1192,1071,1071,1071,1071,1071,1071,1071,1071,1071,1423,1071,1401,1071,1071,1071,1071,1071,1071
1071,1071,1071,1071,1071,1071,1071,1071,1071,1071,1071,1071,1071,1071,1071,1071,938,1071,1071,1501,1071,1071,1071,1071,1071,1637,1071,1071,1071,1071,1071,1071,1071,1532,1071,1071,1071,1071,1071,1071,938,1071,1444,1071,1071,1071,1071,938,1071,1071
1071,1071,1071,1613,1071,1071,1071,1295,852,1071,1071,1071,1071,1368,1071,1071,1071,1071,1071,1071,1071,1071,1071,1071,1057,1071,1071,1071,1071,1071,1071,1565,1071,1071,1071,1071,1071,1071,1071,1071,1071,1071,1071,1071,1071,1071,1071,1071,1071,1674
1071,1071,1071,1071,1071,1071,1071,1071,1071,1071,1071,1071,1071,1071,1071,1071,1316,1071,1071,1071,1071,1035,1368,1071,1071,1071,1071,1071,1071,1071,1404,1177,1071,1071,1071,1071,1071,1071,1071,1071,1047,1071,1071,1047,1071,1071,1071,1071,1071,1071
1071,1071,1071,1071,1071,1071,1071,1071,1071,1071,1071,1071,1038,1554,1071,1071,1071,1467,1071,1071,1071,1038,1071,1071,1071,1071,1071,1071,1071,1071,1071,1071,1071,1071,1071,1071,1071,1071,1071,1071,1071,1071,1167,1071,1071,1071,1147,1071,1071,1071
1071,1071,1071,1265,1071,1481,1071,1071,1071,1071,1071,1071,1071,1071,1071,1071,1071,1071,1071,1530,1415,1071,1071,1071,1071,1071,1071,1578,1071,1071,1071,1071,1071,1071,1071,1071,1071,1071,1071,1071,1071,1071,1071,1071,1071,1207,1071,1071,1071,1494
1071,1038,1071,1742,1071,1071,1071,1038,1071,1071,1071,1071,1071,1071,1071,1071,1071,1071,1071,1071,1071,1071,1071,1071,1038,1071,1071,1071,1071,1071,1071,1619,1071,1071,1071,1071,1071,1071,1071,1071,1071,1071,1431,1071,1071,1071,1071,1071,1071,1038
1071,1071,1468,1071,1071,1071,1071,1071,1071,1208,1071,1071,1071,1071,1071,1071,1071,1071,1071,1071,1005,1343,1071,1071,1005,1071,1695,1071,1071,1071,1071,1071,1071,1071,1071,1071,1071,1071,1071,1071,1005,1071,1071,1071,1071,1071,1071,1071,1785,1071
1071,1071,1071,1071,1071,1071,1071,1071,1071,1071,1562,1071,1071,1071,1071,1071,1071,1071,1071,1703,1071,1071,1071,1071,1071,1071,1071,1071,1071,1071,1071,1071,922,1071,1071,1071,1071,1071,1071,1071,1071,1071,1071,1071,1071,1362,1071,1130,922,1071
1071,1071,1071,1071,1071,1071,1071,1425,1071,1071,1071,1071,1071,1071,1071,1071,1071,1071,1071,1071,1469,1071,1071,1071,1071,1071,1071,1071,1071,1071,1071,1071,1071,1071,1071,1071,1071,1071,1071,1071,1071,1071,1071,1469,1071,1071,1071,1713,1071,1071
1071,1071,1071,1071,1071,1071,1071,1071,1071,1071,1135,1071,1071,1071,1071,1368,1071,1071,1071,1071,1071,1071,1071,1071,1071,1239,1071,1071,1071,1071,1071,1071,1071,1544,1071,1071,1071,1071,1071,1071,1071,1071,1071,1071,1071,1071,1071,1071,1071,1071
1071,1071,1071,1071,1071,1071,1071,1071,1071,1003,1071,1071,1615,1071,1071,1071,1071,1071,1169,1071,1071,1071,1071,1003,1071,1469,1071,1071,1071,1615,1071,1071,1071,1003,1325,1003,1071,1071,1071,1071,1071,1071,1071,1071,1071,1071,1666,1071,1071,1071
1071,1071,1071,1071,1071,1071,1071,1685,1071,1071,1071,1071,1071,1071,1071,1071,1071,1071,1463,1071,1071,1071,1071,1071,1071,1071,1071,1071,1071,1071,1071,1071,1071,1071,1071,1071,1071,1071,1071,1071,1071,1071,1071,1071,1169,1071,1071,1071,1071,1071
1071,1071,1071,1071,1071,924,1071,1071,1071,1071,1071,1071,1071,1071,1071,1655,1071,1071,1071,1071,1071,1071,1071,1071,1071,1071,1071,1071,1071,1071,1071,1071,1071,1071,1071,1814,1071,1071,1071,924,1071,1071,1071,1071,1071,1071,1071,1071,1169,1071
1071,1071,1071,1071,1071,856,1071,1071,1071,1169,1071,1071,1071,1071,1071,1071,1071,1071,1071,1071,1071,1071,1071,856,1071,1071,1071,1071,1071,1071,1071,1071,856,1071,1071,1071,1071,1071,1071,1401,1071,1071,1071,1071,1071,1071,856,1339,1071,1071
1071,1566,1071,1071,1626,1071,1137,1071,1071,1071,1071,1071,1071,1071,1071,1071,1071,1071,1071,1071,1071,1071,1071,1071,1360,1071,1071,1586,1071,1071,1071,1071,1071,1071,1438,1071,1071,1071,1071,1071,1071,1071,1071,1071,1169,1147,1071,1438,1071,1071
1071,1071,1169,974,1071,1071,1511,1071,1071,1071,1071,1071,1488,1071,1071,1071,1246,1071,1071,1071,1071,1071,856,1071,1071,1071,1071,1071,856,1071,1419,1071,1071,1071,1071,1071,1071,1071,1071,1071,1071,1071,1336,1362,1071,1071,1071,1071,1071,1071
1071,1071,1071,1599,1071,1071,1071,1071,1071,1071,1071,1071,1071,1071,1071,1071,1071,1071,1088,1071,1071,1602,1071,1071,1071,1071,953,1088,1071,1071,1366,1071,1071,1071,1071,1071,1071,1071,1071,953,1071,1071,1071,1071,1071,1071,1071,1071,1421,1071
1071,1071,1071,1705,1377,1071,1071,1071,1434,1071,1071,1267,1071,1071,1071,1071,1071,1071,1071,1071,1071,1071,1071,1595,1071,1626,1071,1071,1071,1071,1071,1595,1071,1071,1071,1071,1071,1071,1071,1071,1071,1071,1071,1071,1071,1546,1705,1565,1546,1071
1071,953,953,1449,1071,1071,1071,1071,1071,1071,1071,1071,1071,1071,1071,1071,1071,1071,1071,1071,1071,1071,1071,1071,1071,1307,1233,1071,1071,1071,953,1525,1071,1071,1071,1071,1071,1071,1071,1071,1071,1071,1006,1071,1071,1071,1071,1071,1071,1071
1071,1071,1071,1451,1432,1071,1071,1071,1071,1193,1071,1071,1071,1049,1071,1071,1071,1071,1512,1071,1071,1071,1071,1071,1071,1071,1071,1071,1071,1071,1049,1071,1071,1071,1071,1071,1071,1071,1071,1071,1071,1071,1071,1071,1071,1071,1071,1071,1071,1071
1014,1071,1071,1014,1071,1071,1071,1071,1071,1071,1071,1071,1071,1365,1014,1071,1071,1071,1071,1071,1071,1071,1071,1071,1071,1071,1071,1071,1071,1071,1071,1365,1071,1071,1071,1057,1071,1057,1071,1071,1014,1455,1071,1071,1248,1071,1071,1014,1071,1071
1071,1071,1071,1071,1071,1071,1071,1071,1071,1071,1071,1071,1071,1071,1071,1071,1071,1071,1385,1071,1071,1071,1071,1071,1155,1071,1071,1071,1071,1071,1071,1071,1041,1071,1071,1071,1071,1071,1071,1071,1071,1071,1071,1071,1071,1041,1283,1071,1071,1071
1071,1071,1071,1071,1071,1071,1071,1071,1729,1071,1071,1071,1071,1071,1071,1071,1071,1071,1071,1071,1309,1690,1071,1071,1071,1071,1071,1071,1071,1071,1071,1071,960,1258,1198,1071,1071,1071,1071,1071,960,1071,1071,1071,1071,1071,1071,1071,1071,1071
1071,1071,1071,1071,1071,1071,1071,1593,1071,1071,1071,1551,1071,1071,1071,1071,1071,1071,1071,1071,1071,1071,1071,1071,1071,1071,1399,1071,1071,1071,1071,1071,1288,1071,1071,1071,1071,1071,1071,1071,1071,1071,1071,1071,1071,1071,1071,1071,1071,1588
1071,1071,1071,1071,1071,1071,1514,1071,1071,1071,1071,1071,1071,1071,1071,1071,1071,1071,1071,1071,1071,1071,960,1071,1071,1071,1071,1071,1071,1071,1071,1430,1071,1071,1309,1071,1071,1071,1071,1071,1071,1071,1071,1071,1071,1071,1071,1071,1071,1071
1071,1071,1071,1071,921,1071,1071,1071,1071,1509,1071,1278,1071,1071,1071,1071,1278,998,1071,1478,1071,1071,1071,1071,1071,1278,1071,1071,1071,1071,1013,1071,1071,1071,1071,998,1071,1276,1071,1071,1071,1071,1071,1071,1071,1071,1071,1071,1071,1071
1071,1071,1071,1071,1071,1192,1444,1071,1071,1071,1071,1172,1071,1071,1071,1071,1071,1071,1071,1071,1071,1071,1071,1071,1071,1071,1071,1172,1071,1071,1071,1071,1071,1366,1071,1071,1071,1071,1071,1071,1071,1071,1071,1071,1071,1071,1071,1071,1071,1071
1071,1071,1071,1071,1071,1053,1071,1071,1071,1071,1071,1071,1071,1071,1071,1071,1071,1071,1071,1071,1071,1071,1071,1071,1071,998,1071,1186,1637,1257,1402,998,1071,1071,1071,998,1071,998,1071,1071,1071,1071,1071,1071,998,1071,1071,1071,1071,998
1071,1071,1071,1071,1071,1071,1071,1071,1071,1071,1071,1071,1071,1071,1071,1181,1071,1192,1071,1071,1071,1071,1071,1071,1071,1071,1071,1071,1071,1071,1071,1071,1071,1116,1071,1071,1071,1071,1247,1411,1071,1071,1116,1071,1071,1071,1071,1071,1498,1071
1071,1071,1071,1585,1071,1071,1071,1071,1071,1071,1071,1071,1071,1071,1830,1071,1352,1071,1071,1071,1071,1071,1071,1071,1733,1071,1071,1071,1071,1071,1071,1071,1071,1071,1071,1071,1071,1071,1520,1071,1071,1071,1071,1071,1071,1071,1595,1071,1071,1071
1776,1240,1071,1071,1071,1071,1263,1071,1365,1071,1240,1561,1071,1071,1071,1071,1071,1071,1071,1071,1071,1071,1071,1071,1071,1071,1071,1071,1071,1071,1071,1071,1071,1365,1071,1071,1071,1071,1071,1548,1071,1071,1071,1071,1071,1071,1071,1071,1071,1071
1071,1071,1729,1094,1071,1071,1071,1071,1071,1071,1071,1697,1071,1071,1071,1071,1071,1426,1071,1071,1071,1071,1071,1071,1071,1071,1071,1071,1071,1071,1510,1071,1616,1071,1071,1071,1071,1071,1071,1071,1071,1071,1595,1071,1071,1071,1757,1071,1071,1071
1071,1071,1071,1071,1071,1071,1071,1071,1071,1415,1634,1071,1071,1071,1768,1071,1071,1071,1071,1071,1071,1071,1071,1071,1071,1071,1071,1071,1071,1071,1071,1071,1071,1071,1351,1071,1071,1351,1071,1071,1071,1071,1071,1071,1071,1071,1071,1071,1071,1071
1071,1071,1071,1071,1071,1071,1071,1071,1071,1071,1071,1071,1071,1071,1563,1055,1071,1071,1071,1071,1071,1071,1071,1071,1071,1071,1071,1071,1071,1071,1071,1071,1071,1071,1071,1071,1071,1619,1071,1071,1071,1071,1071,1071,1582,1071,1071,1071,1071,1071
1145,1071,1071,1071,1071,1071,1071,1071,1071,1071,1071,1071,1071,1071,1071,1071,1071,1071,1071,1071,1071,1071,1071,1071,1071,1071,1071,1071,1071,1071,987,987,1145,1071,1071,1071,1071,1071,1071,987,1071,1071,1071,1071,1071,1071,1071,1071,1071,1071
1071,1071,1312,1683,1071,1071,1071,1071,1071,1071,1401,1071,1071,1071,1071,935,1071,1071,1071,1071,1071,1071,1071,1071,1383,1071,1071,1071,1071,1071,1578,935,1071,935,1071,1071,1071,1071,1071,1071,1071,1071,1071,1071,1071,1071,1071,1071,1071,1071
1071,915,1071,1071,1201,1071,915,1071,1071,1071,1837,1071,1071,1071,1071,1071,1782,1071,1558,1071,1071,1071,1071,1071,1071,1071,1071,1071,1071,1071,1071,1071,1071,915,1071,1071,1071,1071,1071,1071,1071,1145,1071,1535,1071,1071,1071,1071,1071,1071
1071,1071,1071,1071,1071,1071,1071,1071,1071,1071,1071,1071,1312,1335,1790,1071,1246,1248,1071,1071,1248,1071,1071,1071,1071,1734,1071,1071,1071,1071,1071,1071,1071,1071,1071,1335,1096,1623,1071,1355,1246,1071,1071,1071,1071,1071,1096,1071,1071,1071
1071,1071,1071,1071,1071,1071,1071,1071,1071,1071,1071,1071,1071,1071,1666,1071,1071,1118,1071,1071,1071,1666,1493,1071,1071,1071,1714,1071,1071,1071,1071,1071,1071,1071,1308,1493,1071,1071,1071,1071,1071,1071,1071,1071,1071,1308,1071,1071,1325,1071
1071,1724,1010,1071,1071,1071,1071,1071,1071,1010,1071,1071,1071,1071,1071,1071,1010,1015,1015,1071,1071,1071,1071,1071,1071,1403,1071,1875,1071,1071,1071,1071,1010,1071,1015,1071,1071,1071,1071,1071,1010,1071,1071,1010,1071,1071,1071,1071,1071,1071
1071,1391,1071,1071,1071,1071,1071,1071,1071,1071,1071,1607,1071,1623,1071,1071,1989,1071,1281,1071,1071,1071,1071,1517,1071,1471,1071,1071,1071,1071,1071,1071,1322,1071,1071,1071,1071,1779,1623,1071,1071,1071,1071,1071,1071,1071,1071,1739,1071,1626
1071,1071,1518,1071,1071,1071,1670,1015,1071,1071,1071,1071,1071,1071,1071,1376,1071,1071,1071,1071,1071,1071,1071,1591,1071,1071,1071,1071,1015,1071,1071,1071,1071,1071,1071,1071,1071,1071,1071,1071,1071,1071,1071,1545,1071,1071,1331,1600,1071,1267
1071,1071,1071,1071,1071,1071,1071,1071,1071,1836,1071,1071,1071,1170,1071,1257,1071,1071,1071,1071,1071,1071,1071,1071,1071,1310,1071,1071,1071,1071,1071,1071,1071,1436,1071,1071,1071,1342,1071,1916,1526,1071,1071,1071,1071,1071,1071,1071,1071,1071
1071,1071,1346,1071,1071,1071,1071,1071,1071,1071,1071,1071,1071,1235,1349,1071,1071,1071,1071,1071,1071,1071,1066,1346,1071,1071,1071,1570,1071,1071,1071,1071,1071,1071,1071,1071,1522,1071,1071,1071,1071,1071,1071,1071,1598,1071,1471,1071,1071,1522
1071,1071,1071,1071,1071,1071,1071,1063,1071,1071,1344,1071,1071,1071,1071,1071,1071,1071,1063,1071,1071,1071,1071,1071,1071,1071,1071,1071,1071,1340,1071,1071,1743,1071,1071,1071,1071,1071,1071,1071,1071,1259,1071,1071,1071,1071,1071,1071,1979,1791
1235,1071,1071,1071,1071,1071,1071,846,1071,1071,1071,1071,1071,1071,1071,1071,1071,846,1071,1071,1071,1071,1071,1071,1071,1071,1071,1516,1071,1071,1071,1071,1071,1071,1071,1071,1071,1071,1298,1071,1071,1235,1071,1440,1071,1071,1071,1071,1071,1071
1340,1071,1071,1071,1071,1071,975,1071,1071,1071,1340,1071,1459,1071,1071,1071,1071,1071,1071,1071,1071,1459,975,1341,1071,1071,1071,1071,1260,1071,1071,1071,1071,1071,1260,1071,1071,1071,1071,1071,1071,1071,1071,1071,1071,1071,1071,1071,1071,1071
846,846,1071,1071,1684,1071,1071,1071,1071,1071,1235,846,1071,1071,1071,1071,1071,1071,1071,1071,1071,1071,846,1071,1071,1071,1071,1071,1071,1071,1071,1071,1071,1071,1071,1071,846,1071,1071,1071,1071,1071,1071,1071,1071,1665,1071,1071,1071,1071
1071,1071,1071,1071,1071,1071,1071,1349,1071,1071,1071,1071,1071,1071,1071,1071,1071,1071,1071,1071,1071,979,1071,1170,1071,1071,1071,1071,1071,1071,1260,1071,1071,1071,979,1071,1071,979,1071,979,1071,1071,1071,1071,1071,1071,1071,1071,1071,1071
1071,1071,1071,1071,1071,1071,1071,1071,1071,846,1071,1071,1071,1071,1071,1071,1071,1071,1700,1071,1071,1071,1071,1071,1071,1071,1071,1071,846,1071,1071,1071,1071,1071,1071,1071,1071,846,1071,1071,1071,1071,1071,1071,1071,846,1071,846,1071,1071
1134,1071,1204,1175,1071,1071,1071,1071,1071,1316,1071,1071,1071,1071,1561,1296,1071,1071,1071,1071,1071,1071,1071,1071,1071,1071,1071,1071,1071,1071,1071,1071,1071,1071,1071,1071,1071,1071,1071,1071,1071,1071,1071,1071,1071,1071,1071,1071,1071,1071
883,1071,1071,1627,1071,1071,1071,1071,883,1023,1071,1071,1071,1071,883,1504,1071,1071,1071,1071,1071,1071,1071,1071,1071,1071,1071,1750,1071,1323,1071,1071,1606,1071,1071,1071,1071,1071,1071,1071,1071,1071,1071,1071,883,1071,1071,1071,1071,1071
1071,1071,1071,1071,1071,1071,1031,1071,985,1071,1523,1556,1071,1071,1071,1071,1071,1071,1071,1071,1071,1071,1071,1071,1071,985,1071,1071,1071,1071,1071,1071,1071,1071,1071,1537,1071,1071,1071,1071,1071,1192,1071,1071,1071,1071,1071,1071,1071,1071
1071,1071,1788,1071,1071,1071,1071,1449,1071,1782,1450,1071,1071,883,1071,1071,1071,883,1071,1071,1071,1071,1071,1071,1636,1071,1071,1071,1071,883,1071,1071,883,1071,1071,1071,1071,1071,1071,1071,1071,1071,1071,883,1071,1071,1071,1071,1267,1071
1071,1071,1071,1071,1071,1459,1071,1334,1071,1071,1071,1071,1071,1071,1071,1260,1071,1071,1071,1071,1071,1071,1579,1071,1071,1071,1071,1071,1162,1071,1071,1071,1334,1071,1712,1071,1071,1071,1071,1523,1071,1071,1071,1311,1071,1071,1466,1071,1071,1071
1870,1071,1071,1071,1421,1071,1737,1071,1071,1071,1071,1089,1071,1071,1071,1071,1071,1261,981,1071,1071,1071,1071,1453,1071,1071,1071,1071,1071,1071,1071,981,1071,1071,1071,952,1071,1071,1071,1071,952,1071,1071,1071,1615,1071,1412,1747,1071,883
1071,1071,1071,1071,1071,1071,1071,1071,1071,1071,1152,1152,1071,1071,1071,1071,1071,1071,1698,1071,1071,1071,1071,1071,1071,1071,1071,1071,1071,1071,1071,1071,1464,1071,1071,1071,1071,1464,1682,1071,1071,1071,1071,1071,1071,1071,1071,1071,1071,1071
1071,1071,1071,1715,1071,1071,1071,1071,1071,1071,1071,1071,1071,1071,1071,1071,1071,1071,1071,1071,1071,1071,1071,1425,1036,1971,1071,1071,1071,1071,1071,1071,1071,1071,1071,1071,1071,1411,1036,1071,1071,1071,1071,1071,1071,1071,1307,1071,1071,952
1071,1201,1071,1071,1071,1412,1999,1071,1071,1071,1071,1071,1625,1143,1071,1279,1425,1071,1071,1071,1071,1071,1071,1071,1071,1071,1071,1071,1071,1071,1071,1071,1071,1071,1071,1071,1071,1071,1071,1071,1071,1071,1071,1071,1071,1071,1071,1071,1271,1071
1071,1009,1071,1071,1071,1071,1071,1071,1071,1071,1009,1071,1071,1071,1071,1050,1071,1071,1071,1071,1071,1071,1071,1009,1071,1071,1071,1071,1071,1071,1071,1071,1071,1753,1071,1071,1071,1071,1071,1071,1071,1071,1071,1071,1071,1071,1071,1071,1071,1071
1071,1071,1071,1071,1071,1071,1071,1071,1071,1071,1071,1071,1071,1039,1071,1071,1071,1071,1071,1071,1071,1071,1071,1071,1071,1071,1071,1071,1071,1071,823,1071,1071,1071,1071,1071,1071,1071,1071,1071,1071,1071,1071,1071,1071,1071,1071,823,1071,1071
1071,1071,1071,1071,1071,1071,1071,1071,1071,1071,1071,1071,1071,1071,1071,1071,1071,873,1071,1071,1602,1071,1071,1071,1071,1071,1071,1071,1071,1071,1071,1071,1071,1071,1071,1071,873,1071,1071,1377,1043,1071,1071,1071,1071,1071,1071,1324,1071,1071
1019,1071,1071,1071,1071,1128,1058,1071,1492,1071,1071,1071,1071,1071,1071,1479,1071,1071,1071,1476,1071,1071,1071,1071,1071,1071,1071,1071,1656,1071,1071,1071,1071,1973,1071,1071,1071,1212,1071,1071,1058,1071,1071,1058,1071,1071,1071,1071,1071,1071
1071,1071,1071,1071,1071,1071,1071,1071,1071,1071,1071,1339,1071,1071,1635,1071,1071,1071,1071,1071,1071,1071,1071,1071,1071,1071,1071,1071,1055,1071,1071,1071,1071,1071,1071,1071,1071,1071,1071,1071,1071,1071,1451,1071,1071,1627,1071,1071,1540,1071
1071,1071,1071,1071,1071,1071,1054,1071,1071,1071,1071,1071,1071,1071,1071,1071,1071,1071,1071,1635,1071,1071,1071,1071,1054,1538,1071,1071,1071,1071,975,1071,1105,1071,1071,1071,1071,1071,1071,1071,1071,1071,1054,1071,1071,1071,1071,1054,1071,1071
1071,1296,1071,1071,1071,1071,1071,1071,1071,1071,1071,1071,1071,1439,1071,1071,1071,1071,1071,1071,1071,1071,1071,1071,1071,1014,1071,1071,1071,1071,1071,1071,1683,1071,1282,1071,1071,1071,1035,1071,1071,1071,1071,1015,1071,1513,1071,1071,1071,1071
1071,1071,1071,1071,1212,1071,1071,1212,1071,1071,1071,1071,1071,1071,1071,1071,1071,1071,1071,1071,1451,1071,1071,1071,1071,1333,1071,1071,1071,1071,1071,1071,1071,1071,1071,1071,1071,1071,1071,1500,1071,1071,1050,1071,1071,1071,1071,1071,1071,1071
1071,1141,1035,1071,1343,1035,1071,1071,1071,1071,1071,1071,1071,1071,1071,1071,1071,1071,1071,1071,1071,978,1071,1071,1510,1071,1071,1071,1071,1071,1071,1071,1071,1071,1071,1071,1071,1071,1071,1071,1071,1071,1071,1071,1071,1071,1071,1071,1071,1071
1071,1071,1071,1071,1071,1071,1071,1071,1071,1071,1071,1071,1071,1071,1071,1071,1071,1071,1071,1071,1071,1071,1071,1071,1071,1071,1071,1071,1071,1071,1071,1071,1071,1071,1071,1071,1071,1071,1071,1071,1071,1071,1071,1071,1071,1255,1393,1071,1071,1071
1071,1071,1071,1071,1071,1071,1071,1474,1071,1071,1071,1071,1071,1071,1071,1071,1071,1071,1071,1602,1228,1071,1535,1071,1071,1071,1071,1071,1071,1071,1071,1071,1071,1071,1071,1071,1071,1071,1071,1071,1071,1071,1071,1071,1071,1071,1071,1071,1071,1071
963,1071,1306,1071,1697,1071,1071,1071,1071,1071,1071,1071,1071,1071,1071,1071,963,1071,1071,1071,1071,1474,1071,1071,1071,1071,1071,963,1071,1071,1071,1742,1071,1071,1449,1071,1422,1071,1071,1071,1071,1071,1071,1300,1422,1071,1071,1071,1071,1071
1071,1071,1071,1071,1071,1474,1071,1071,1071,760,1071,1071,1071,1071,1071,1071,1071,1071,1071,1071,1071,1071,1071,1626,1071,1071,1071,1681,1071,1071,1071,760,1071,1071,1071,1071,760,1071,1071,1071,1071,1071,1071,1071,1071,1428,1071,1702,1071,1071
1071,1071,1377,1071,1071,1071,1071,1071,1071,1613,1071,1071,1071,1071,1508,1071,1071,1071,1071,1420,1071,1071,1071,1071,1071,1071,1071,1071,1243,1071,1071,1071,1684,1071,1071,1071,1071,1071,1071,1071,1071,1071,1071,1071,1071,1071,1071,1071,1071,1071
1071,1071,1071,1071,1071,760,1071,1071,1135,1071,1071,1071,1071,1071,1071,1308,1071,1071,1071,1071,1158,1071,1135,1071,1071,1071,1071,1071,1071,1071,1071,1071,1071,1071,1127,1071,1071,1127,1071,1071,1071,1071,1071,1071,1071,1071,1071,1071,1071,1071
