2697,2697,2604,2697,2648,2697,2599,2697,2524,2697,2648,2593,2697,2599,2501,2697,2453,2453,2697,2647,2697,2524,2697,2648,2697,2697,2453,2697,2647,2501,2599,2651,2453,2593,2697,2524,2697,2524,2697,2697,2697,2524,2593,2651,2524,2593,2453,2697,2697,2599
2400,2390,2400,2425,2400,2400,2400,2400,2400,2400,2400,2400,2434,2400,2400,2400,2400,2400,2452,2400,2390,2400,2390,2400,2400,2400,2400,2400,2400,2400,2400,2425,2400,2400,2400,2400,2400,2425,2390,2400,2425,2390,2400,2425,2400,2400,2400,2400,2400,2400
2438,2404,2600,2600,2481,2438,2454,2148,2581,2454,2697,2593,2593,2500,2404,2148,2454,2454,2599,2438,2597,2593,2454,2500,2438,2593,2404,2148,2500,2438,2478,2593,2404,2597,2438,2481,2697,2597,2593,2148,2697,2449,2697,2600,2404,2404,2450,2478,2597,2599
2353,2309,2317,2304,2317,2400,2210,2176,2390,2210,2062,2207,2400,2309,2176,2309,2301,2210,2400,2402,2062,2176,2317,2353,2301,2317,2304,2207,2176,2176,2353,2400,2207,2207,2454,2317,2304,2207,2301,2317,2389,2207,2168,2062,2400,2062,2301,2062,2389,2389
2168,2210,1963,1982,2068,2206,1963,2148,2252,2304,2068,2210,2148,2159,2068,2148,2068,2159,2148,2148,2068,2206,2340,2066,2340,2148,2066,2159,2148,2148,2252,2148,2148,1982,2206,2281,2068,2148,2252,2159,2212,1982,2148,2066,2148,2148,1963,2206,2159,2148
2203,2209,2062,2087,2087,2231,2172,2011,2010,1916,2010,2203,1916,1986,2010,2172,2119,2015,2062,1916,2010,2176,2061,2180,2176,1916,1986,2015,1916,2015,1986,2112,2180,2062,2087,2062,2070,2119,2119,1916,2266,2062,2062,2011,2114,2266,2015,2062,2172,2180
2018,1963,1963,2046,2127,2093,2127,2011,1963,1870,1963,1870,1934,2018,1963,2093,1963,2059,1870,2093,2093,2010,2046,1963,1963,2011,2010,2012,2093,2010,1870,2010,2046,1870,2010,2127,2127,1870,2066,1963,1934,2018,2046,2056,2018,2010,1963,2033,2086,2012
1916,1911,1920,1911,1911,1965,1872,1929,1916,1765,1765,1959,1911,2015,1916,1916,1916,1872,2006,1987,1929,1962,1929,2010,1916,1911,2010,2010,1872,1916,1872,1954,2015,1954,1872,1954,1916,1962,1872,1962,1765,1916,1916,2010,1916,1929,1765,1954,1872,1916
1910,1777,1909,1853,1866,1910,1909,1909,1915,1847,1870,1863,1866,1919,1918,1904,1918,2018,1777,1866,1777,1777,1863,2093,1865,1863,1847,1904,1847,1777,1919,1863,1870,1960,1910,1865,1955,1960,1847,1918,1904,1777,1870,1910,2025,1915,1777,2018,1863,1918
1922,1969,1864,1969,1754,2007,1993,1917,1819,1954,1822,2105,1897,1818,1862,1969,1822,1767,1922,2160,1916,1767,1754,1917,1997,1917,1922,1997,1754,2034,1818,1897,1819,1767,1969,1767,1770,1862,1897,1819,1767,1917,1873,1922,1917,1922,2007,1822,1916,1822
1573,1696,1573,1915,1887,1833,1847,1573,1847,1847,1965,1833,1696,1677,1847,1847,1909,1847,1833,1918,1573,1696,1904,1847,1573,1910,1696,1904,1903,1677,1677,1866,1965,1887,1887,1819,1864,1847,1864,1921,2005,1696,1910,1847,1573,1921,1968,1916,1696,1847
1723,2011,1885,1960,1922,1571,1885,1862,1665,1590,1885,1571,1922,1922,1969,1902,1922,1571,1665,1989,1989,1590,1885,1863,1713,1590,1969,1863,1885,1720,1723,1922,1723,1871,1871,1862,1574,1720,1723,1571,1665,1885,1874,1723,1862,1723,1885,1571,1922,1571
1705,1666,1666,1677,1677,1630,1677,1630,1847,1677,1846,1677,1677,1847,1630,1630,1677,1623,1766,1721,1677,1762,1857,1666,1846,1645,1830,1677,1777,1761,1645,1677,1705,1645,1833,1630,1767,1666,1666,1666,1666,1630,1623,1630,1705,1645,1623,1847,1847,1677
1621,1557,1885,1724,1557,1622,1863,1863,1622,1718,1885,1791,1622,1885,1863,1622,1679,1622,1724,1724,1720,1621,1679,1718,1884,1622,1557,1885,1885,1720,1817,1720,1867,1853,1863,1863,1863,1920,1853,1622,1867,1867,1718,1812,1885,1621,1557,1843,1679,1679
1762,1526,1557,1779,1715,1716,1762,1579,1785,1677,1716,1922,1557,1715,1557,1526,1525,1525,1677,1715,1557,1526,1871,1666,1759,1900,1677,1557,1426,1557,1525,1579,1557,1426,1557,1875,1666,1677,1526,1557,1557,1557,1557,1526,1666,1779,1677,1762,1526,1557
1536,1571,1557,1557,1557,1557,1733,1557,1720,1557,1378,1401,1536,1557,1557,1745,1670,1557,1557,1571,1619,1670,1720,1557,1393,1557,1557,1745,1557,1401,1401,1557,1745,1557,1557,1378,1536,1557,1557,1378,1557,1557,1557,1393,1718,1557,1670,1557,1538,1378
1526,1426,1557,1526,1557,1557,1426,1557,1426,1438,1557,1557,1426,1526,1557,1426,1557,1526,1526,1557,1426,1557,1699,1557,1526,1557,1557,1557,1557,1526,1526,1557,1557,1557,1557,1426,1557,1557,1538,1579,1526,1557,1528,1557,1557,1538,1526,1557,1538,1526
1401,1557,1753,1538,1557,1159,1282,1538,1538,1733,1516,1557,1401,1159,1557,1507,1401,1538,1538,1557,1538,1557,1507,1265,1435,1516,1492,1538,1557,1557,1557,1159,1265,1507,1159,1538,1557,1557,1516,1557,1159,1492,1516,1401,1557,1467,1515,1516,1507,1507
1153,1557,1427,1426,1557,1496,1503,1503,1557,1426,1153,1503,1479,1426,1538,1538,1538,1557,1538,1426,1426,1426,1538,1426,1426,1545,1538,1538,1153,1426,1538,1538,1538,1404,1427,1476,1557,1479,1426,1479,1427,1538,1153,1404,1538,1650,1476,1557,1538,1538
1423,1132,1401,1538,1132,1557,1401,1557,1557,1557,1423,1132,1487,1538,1401,1423,1538,1538,1132,1585,1132,1538,1524,1538,1538,1401,1538,1538,1538,1401,1538,1524,1479,1538,1539,1539,1539,1524,1557,1693,1487,1401,1423,1524,1538,1538,1538,1733,1538,1538
1426,1538,1471,1538,1640,1538,1242,1538,1538,1538,1538,1538,1538,1414,1557,1426,1538,1538,1476,1538,1538,1242,1557,1471,1538,1538,1535,1476,1476,1538,1538,1476,1538,1538,1476,1426,1557,1242,1426,1471,1476,1426,1538,1476,1538,1626,1538,1538,1538,1538
1538,1538,1538,1478,1557,1538,1538,1538,1693,1538,1538,1538,1486,1538,1538,1538,1538,1307,1407,1307,1307,1538,1538,1538,1538,1478,1538,1538,1307,1307,1538,1478,1538,1538,1538,1538,1478,1538,1538,1478,1407,1516,1538,1516,1538,1407,1423,1423,1693,1538
1516,1538,1498,1207,1538,1364,1538,1538,1207,1538,1498,1538,1207,1538,1526,1538,1640,1538,1207,1364,1319,1538,1538,1364,1538,1538,1538,1538,1207,1488,1364,1364,1207,1538,1516,1538,1538,1538,1538,1538,1476,1538,1516,1488,1364,1538,1538,1364,1538,1516
1429,1538,1538,1538,1538,1500,1538,1538,1533,1551,1538,1453,1538,1538,1429,1538,1423,1500,1423,1538,1538,1297,1429,1538,1538,1423,1538,1538,1297,1429,1538,1538,1628,1538,1297,1538,1538,1533,1262,1500,1538,1453,1533,1429,1533,1538,1538,1538,1262,1538
1440,1538,1538,1346,1538,1448,1505,1538,1710,1505,1538,1448,1538,1463,1505,1505,1538,1448,1538,1448,1505,1448,1480,1505,1346,1538,1628,1505,1505,1538,1263,1263,1538,1616,1346,1538,1480,1505,1505,1505,1440,1505,1448,1538,1505,1346,1538,1505,1538,1463
1299,1299,1262,1262,1262,1262,1448,1119,1429,1416,1262,1262,1119,1429,1429,1416,1119,1448,1429,1429,1262,1262,1262,1119,1119,1262,1421,1429,1429,1429,1262,1429,1119,1429,1429,1262,1262,1262,1429,1262,1429,1429,1262,1421,1119,1262,1299,1429,1262,1262
1295,1295,1424,1295,1448,1381,1295,1309,1295,1295,1295,1448,1295,1295,1448,1295,1295,1295,1432,1187,1295,1448,1489,1295,1448,1448,1448,1424,1295,1295,1295,1090,1448,1090,1448,1424,1432,1309,1295,1090,1090,1479,1448,1424,1479,1448,1187,1295,1448,1448
1119,1119,1119,1119,1262,1119,1262,1262,1119,1119,1119,1119,1119,1119,1119,1119,1119,1119,1261,1119,1119,1119,1119,1119,1119,1119,1262,1119,1119,1119,1262,1133,1119,1119,1119,1262,1119,1119,1119,1119,1262,1119,1119,1119,1119,1119,1119,1119,1119,1119
1295,1223,1141,1295,1223,1295,1152,1049,1295,1295,1295,1295,1295,1295,1183,1295,1223,1152,1295,1295,1295,1295,1183,1152,1223,1049,1141,1295,1196,1295,1295,1141,1295,1196,1141,1152,1295,1149,1295,1295,1295,1295,1295,1382,1332,1295,1149,1295,1149,1183
1119,1119,1119,1119,1305,1119,1119,1119,1119,1119,1119,1119,1119,1119,1119,1119,1119,1119,1119,1119,1119,1119,1119,1119,1119,1119,1408,1354,1119,1236,1119,1305,1119,1119,1119,1119,1119,1119,1119,1119,1119,1004,1119,1119,1119,1119,1004,1350,1119,1119
1238,1295,1295,901,1141,1141,1149,901,1149,1295,1248,1282,1149,1149,1295,1278,1147,1278,1134,1295,901,901,901,901,1134,1149,1295,1278,1295,1278,1278,1295,1278,1149,1134,1149,1295,1295,1295,1149,1149,901,1141,1295,1147,1149,1141,1295,1149,1295
1119,1408,1286,1119,1119,945,1119,1119,1119,1119,1119,1305,945,1192,1119,1119,1048,1305,1119,1048,1119,1119,1192,1320,1119,1119,1359,1119,1119,1119,1119,1048,1119,1119,1119,1119,1408,1408,1119,1119,1119,1203,1119,1119,1119,1048,1119,1119,1119,1119
1107,1295,1141,1141,1295,1295,1288,1081,1107,1141,1149,1048,1048,1141,1048,1295,1048,1149,1048,1149,1048,1187,1141,1081,1081,1141,1266,1107,1197,1081,1107,1048,1288,1233,1149,1295,1295,1081,1149,1295,1187,1290,1081,1233,1197,1141,1197,1107,1141,1295
1119,1119,1119,1408,952,1305,952,1408,952,972,1305,1119,1305,1305,1119,1119,1305,1305,952,1119,1305,1119,972,1119,952,1305,1119,1119,1119,952,952,1305,1338,1119,1119,1119,1119,1119,1446,1119,1305,1293,1119,1287,1119,1314,1119,1377,1408,1305
1141,1141,1141,1234,1141,1141,1141,1141,1141,1295,1141,1149,1211,1295,1211,1256,1030,1145,1141,1141,1206,1030,1295,1141,1141,1295,1141,1295,1149,1295,1141,1295,1234,1455,1256,1141,1030,1141,1141,1141,1295,1149,1141,1141,1141,1141,1141,1030,1141,1030
1305,1305,1298,1119,1298,1305,1119,1298,1305,1119,1305,1119,1119,1208,1119,1119,1029,1119,1451,1119,1119,1054,1298,1119,1119,1305,1305,1305,1119,1119,1119,1147,1119,1029,1305,1119,1029,1054,1054,1147,1208,1029,1119,1054,1119,1119,1237,1305,1119,1119
1141,1295,1295,1141,1141,1141,1141,1141,1141,1141,1295,1220,1141,1292,1055,1141,1141,1141,1055,1295,1295,1120,1141,1141,1421,1055,1141,1141,1062,1141,1141,1141,1062,1414,1151,1283,1055,1141,1062,1141,1141,1267,1141,1141,1141,1141,1141,1062,1220,1151
1119,1119,1271,1061,1119,1061,1061,1119,1196,1305,1119,1271,1119,1119,1119,1119,1305,1295,1119,1119,1305,1119,1196,1119,1119,1061,1203,1246,1061,1061,1305,1305,1119,1305,1119,1119,1061,1305,1305,1196,1119,1294,1185,1119,1305,1240,1237,1196,1305,1196
1186,1141,1295,1141,1295,1122,1141,1295,1073,1135,1295,1295,1104,1295,1141,1141,1295,1141,1141,1141,1141,1141,1073,1141,1141,1135,1141,1141,1135,1295,1104,1073,1141,1141,1104,1295,1141,1295,1295,1295,1141,1141,1141,1141,1292,1295,1122,1141,1186,1073
1046,1305,1119,1119,855,1046,1305,1119,950,1119,1119,1024,950,950,1119,1142,1119,1119,1007,1024,1305,1305,1119,1017,1119,1119,950,1007,1305,1119,1119,950,1119,950,1119,1119,1119,1119,950,1007,1119,1156,1305,1119,1119,1119,1046,1007,1119,1119
1295,1141,1039,1141,1295,1295,1141,1147,1271,1295,1039,1039,1141,1039,1141,1141,1197,1295,1141,1039,1141,1295,1141,1295,1147,1039,1039,1147,1039,1147,1141,1295,1141,1039,1141,1088,1281,1141,1271,1141,1141,1295,1039,1141,1088,1088,1295,1141,1403,1271
1119,1119,1305,1145,1305,1145,1119,1119,1195,1119,1054,1119,1305,1054,1305,1119,1282,1119,1195,1119,1119,1119,1119,1119,1119,1119,1305,1119,1119,1054,1119,1119,1305,1054,1305,1122,1282,1305,1122,1119,1119,1305,1305,1305,1119,1282,1119,1119,1054,1119
1141,1251,1214,1141,1004,1141,1295,952,1141,1295,1295,1295,952,1141,1054,1295,1141,1141,1004,1295,1141,1141,1141,1141,1100,952,1141,1295,1100,1295,1054,1141,1100,1141,1100,1214,1141,1141,1141,1295,1004,1251,1295,1141,1141,1214,1054,1251,1004,1141
1119,1119,1119,1143,1119,1143,1240,1119,1119,1305,1279,1119,1119,1305,1305,1119,1119,1184,1279,1119,1305,1119,1305,1119,1119,1119,1119,1305,1184,1119,1119,1274,1305,1274,1282,1143,1134,1143,1134,1119,1119,1119,1119,1119,1228,1119,1119,1119,1152,1119
961,1213,1053,961,1141,1141,1499,1141,1141,1053,1239,1141,1494,1141,1144,1141,1141,1295,961,961,1053,1295,1295,1141,1295,1144,961,1295,1141,1141,1295,961,1053,1141,1295,1295,1141,961,961,1141,1371,1141,1203,961,1141,1338,1154,1053,1295,1141
1119,1394,1267,1394,1119,1063,1119,1119,1119,1244,1119,1119,1532,1063,1267,1117,1119,1119,1305,1119,1305,1119,1119,1119,1063,1119,1267,1183,1119,1126,1305,1117,1119,1119,1063,1119,1117,1119,1117,1119,1134,1119,1063,1117,1305,1305,1305,1119,1119,1117
1173,1170,1295,1278,1295,1141,1141,1089,1295,1144,1248,1141,1141,1295,1141,1141,1141,1295,1141,1278,1141,1161,1295,1141,1239,1141,1198,1295,1089,1141,1141,1239,1089,1295,1144,1295,1583,1198,1144,1141,1239,1141,1173,1239,1295,1144,1141,1141,1141,1141
1183,1305,1119,994,1119,994,1305,1119,1305,1119,1218,1119,1000,1207,1119,1119,1119,1305,1119,1119,1119,1305,1119,994,1119,1207,1000,1290,1119,1305,1119,994,1119,994,1119,1119,1183,1119,1119,994,1305,1305,1305,1305,1119,994,1000,1000,1119,1239
1295,1018,1295,1141,1141,1141,1292,1141,1045,1295,1018,1141,1141,1141,1244,1141,1141,1294,1244,1295,1244,1294,1141,1141,1141,1045,1244,1018,1295,1295,1295,1141,1197,1141,1141,1141,1247,1141,1141,1018,1045,1295,1045,1197,1295,1045,1141,1018,1141,1295
1119,1119,1246,1059,1119,1119,1059,1305,1305,1119,1119,1119,1305,1119,1119,1465,1188,1119,1119,1294,1305,1115,1119,1305,1246,1119,1339,1119,1119,1305,1059,1119,1115,1119,1119,1305,1119,1119,1447,1119,1119,1119,1119,1305,1305,1235,1119,1305,1115,1246
1204,1141,1141,1295,1141,1141,1295,1295,1141,1141,1141,1141,1295,1295,1141,1141,1141,1141,1141,1141,1204,1141,1141,1295,1295,1141,1295,1141,1143,1295,1295,1295,1295,1295,1141,1295,1290,1141,1070,1141,1141,1141,1295,1295,1295,1141,1141,1141,1141,1295
1119,1198,1340,1305,991,1119,1119,1305,991,1111,1104,1119,1119,1119,1439,1119,1104,1104,1119,1104,1253,1119,991,1119,1119,1119,1104,1119,1104,1104,1119,1119,1111,1104,1119,1119,991,1305,1119,1111,991,1305,1305,991,1119,1104,1119,1119,1119,1104
1128,1265,1295,1141,1295,1141,1190,1128,1286,1141,1114,1161,1295,1286,1295,1124,1141,1237,1141,1141,1295,1295,1141,1136,1295,1114,1141,1177,1125,1136,1295,1125,1141,1237,1295,1190,1141,1177,1161,1141,1114,1114,1168,1141,1125,1141,1125,1128,1237,1125
1217,1056,1217,1119,1205,1119,1305,1305,1305,1119,1119,1119,1119,1217,1545,1305,1119,1119,1119,1119,1389,1305,1341,1305,1205,1119,1305,1119,1119,1119,1119,1180,1246,1119,1119,1305,1119,1119,1305,1727,1432,1119,1119,1119,1119,1119,1305,1246,1119,1305
1141,1141,1108,1295,1141,1141,1141,1273,1273,1295,1141,1141,1141,1049,1152,1295,1141,1108,1152,1049,1295,1295,1123,1295,1295,1049,1141,1234,1295,1123,1108,1141,1141,1141,1141,1284,1049,1141,1108,1141,1152,1295,1152,1141,1295,1108,1141,1141,1295,1141
1305,1119,1119,1119,1119,1305,1263,1119,1119,1119,1119,1305,1305,1119,1089,1119,1119,1092,1305,1089,1089,1092,1047,1089,1092,1092,1119,1277,1120,1119,1119,1305,1092,1305,1119,1305,1119,1277,1119,1092,1305,1277,1119,1119,1163,1119,1277,1119,1119,1120
1141,1295,1295,1295,1241,1141,1295,1141,1311,1295,1141,1141,1295,1295,1141,1241,1141,1141,1141,1179,1295,1295,1141,1295,1141,1152,1204,1141,1295,1141,1141,1141,1141,1241,1295,1141,1141,1141,1295,1141,1141,1204,1295,1626,1295,1295,1295,1295,1295,1295
1119,1119,1119,1119,1119,1119,1119,1119,1148,1119,1119,1119,1119,1119,1119,1148,1148,1148,1119,1119,1119,1119,1119,1119,1119,1119,1119,1119,1260,1176,1119,1119,1119,1124,1119,1119,1119,1119,1119,1119,1284,1119,1119,1119,1119,1119,1119,1119,1119,1119
1295,855,1238,1182,1283,1295,1238,1283,1271,1295,1238,1295,1295,1283,1295,1238,1237,1295,1295,1295,1053,1295,1271,1271,1295,1295,1295,855,1295,1053,855,1295,1295,1271,1237,1237,1295,1053,1283,1295,1053,1053,1295,1295,1295,1182,1295,1295,855,855
1119,1119,1119,1119,1119,1193,1119,1119,1014,1119,1119,1119,1119,1119,1119,1119,1119,1119,1446,1119,1277,1119,1119,1119,1119,1119,1119,1119,1119,1119,1119,1119,1119,1119,1119,1193,1119,1119,1119,1119,1149,1119,1014,1119,1119,1119,1119,1119,1119,1119
908,1072,1007,1072,1072,908,1007,1287,1287,1295,1295,1007,1295,1295,1287,1295,1295,1219,1072,1295,1072,1007,1295,908,1295,1007,1219,1241,1295,1219,1295,1295,1295,1295,1295,1295,1295,1295,1295,1295,1028,1295,1219,1219,1072,1007,1007,1295,908,1295
1214,1010,1115,1119,1119,1119,1214,1002,1119,1119,1002,1119,1119,1119,1119,1119,1115,1115,1477,1010,1119,1119,1119,1002,1181,1119,1119,1119,1119,1002,1002,1119,1119,1119,1119,1119,1119,1119,1119,1119,1119,1010,1119,1119,1241,1119,1119,1115,1119,1119
968,1295,1295,968,1295,1448,1295,968,1287,1091,968,1295,1073,1295,1295,1295,1295,1073,1295,1295,1073,1145,1073,968,968,1295,1145,1295,1091,1295,1073,1145,1295,1295,1091,1295,1295,1295,1295,1287,1295,1295,1295,1295,1191,1295,1287,1191,1287,1295
1119,1119,1119,1119,1119,1119,1119,1119,1119,1119,1119,1119,1119,1426,1062,1075,1119,1119,1119,1119,1119,1408,1445,1099,1119,1119,1119,1119,1119,1119,1119,1119,1099,1394,1119,1408,1062,1099,1119,1119,1099,1075,1119,1075,1119,1119,1099,1119,1062,1119
1295,1195,1295,1295,1060,1195,1295,1295,1346,1295,1195,1295,1295,1049,1060,1295,1044,1295,1044,1295,1295,1049,1295,1295,1060,1295,1049,1044,1295,1295,1295,1295,1295,1346,1295,1295,1295,1295,1295,1295,1195,1295,1295,1295,1295,1060,1295,1295,1295,1295
1322,1119,1065,1119,1236,1119,1119,1119,1119,1119,1119,1119,1119,1065,1119,1119,1434,1119,1119,1119,1065,1119,1119,1119,1119,1119,1119,1119,1065,1119,1119,1119,1119,1119,1119,1065,1119,1119,1119,1119,1119,1119,1119,1119,1119,1065,1119,1119,1119,1119
1289,1295,1295,1295,1295,1295,1295,1145,1295,1295,1295,1295,1295,1145,1242,1295,1295,1295,1295,1295,1295,1295,1242,1155,1295,1295,1295,1295,1295,1295,1295,1295,1295,1295,1295,1295,1242,1295,1145,1295,1295,1295,1295,1145,1295,1295,1295,1295,1295,1155
1119,1038,1119,1056,1119,1119,1119,1119,1119,1034,1119,1119,1119,1119,1119,1038,1088,1119,1119,1119,1034,1119,1119,1119,1119,1034,1119,1119,1119,1038,1119,1119,1034,1038,1119,1266,1119,1056,1119,1119,1056,1119,1119,1119,1119,1119,1119,1119,1119,1119
1004,1004,1004,1295,1101,1004,1295,1295,1004,1143,1295,1143,1248,1004,1295,1004,1242,1295,1295,1004,1295,1004,1295,1373,1295,1295,1295,1295,1094,1101,1295,1295,1295,1295,1295,1295,1101,1143,1295,1295,1295,1004,1295,1295,1295,1004,1143,1295,1248,1248
1119,1119,950,1119,1119,1119,1119,1119,1119,1119,1119,1119,1103,1119,1119,1103,1119,1119,1119,1119,1341,1119,950,950,1119,1119,1119,1119,1119,1187,1119,1119,1119,1119,1119,1119,1119,1187,1274,1119,950,950,1119,1119,1119,1341,1119,1119,1119,1119
1147,1003,1295,1023,1023,1133,1023,1295,1133,1295,1295,1133,1280,1295,1295,1295,1295,1295,1147,1295,1295,1295,1295,1295,1295,1295,1195,1133,1280,1133,1295,1147,1295,1295,1147,1295,1295,1452,1295,1295,1295,1147,1295,1023,1295,1295,951,1295,1295,1295
966,1119,1119,1119,1119,1189,1245,1119,1006,1119,1119,1119,1119,1119,1119,1119,1119,1119,1119,1119,1119,1119,1119,1006,1119,1119,1119,1119,1006,1119,1006,1119,1119,966,1119,966,1119,1236,1119,966,1119,1119,1437,1119,1119,1119,1119,1119,1006,1316
1103,1234,1295,1102,1295,1102,1014,1181,1295,1295,1285,1102,1102,1295,1243,1295,1284,1295,1295,1295,1181,1295,1295,1295,1181,1295,1295,1102,1102,1295,1295,1295,1295,1234,1284,1103,1181,1103,1295,1014,1295,1295,1295,1181,1103,1295,1295,1295,1102,1295
1119,1106,1119,1119,1119,1119,1119,1119,1119,1119,1119,1091,1119,1119,1119,1119,1464,1119,1119,1119,1119,1091,1119,1240,1106,1119,1119,1451,1106,1119,1119,1106,1091,1119,1119,1106,1119,1119,1119,1119,1119,1119,1119,1091,1119,1119,1119,1119,1119,1119
1295,1295,1295,1295,1295,1295,1295,1295,1295,1295,1294,1295,1295,1295,1295,1295,1295,1074,1074,1295,1295,1295,1228,1294,1295,1295,1295,1295,1295,1228,1230,1074,1074,1052,1230,1295,1228,1230,1294,1052,1295,1295,1074,1052,1295,1294,1295,1228,1295,1074
1119,1119,1119,1119,1102,1119,998,1119,1119,1058,1058,1102,1119,998,1119,1119,1119,1119,998,1119,1119,1119,1097,1119,1119,1097,1119,998,1119,1102,1119,1097,1058,1119,1119,1058,1494,1119,998,1119,1119,1097,1097,1119,1090,1090,1119,1119,1119,1090
1295,969,1295,1295,1251,1202,1295,1059,1295,979,1289,1295,1295,979,1295,1059,1054,1295,969,1054,1295,1059,979,1143,1295,1202,1295,1295,1054,1251,1160,1287,1295,1295,1295,1238,1295,1295,1287,979,1251,1295,1160,1295,979,1295,1143,979,1238,969
1197,1119,1383,1341,1197,1119,1341,1119,1119,1119,1119,1257,1119,1119,1119,1119,1119,1119,1119,1119,1547,1119,1119,1119,1119,1119,1119,1119,1353,1119,1119,1119,1119,1119,1119,1119,1119,1493,1119,1119,1119,1300,1119,1119,1119,1119,1119,1119,1119,1119
1045,957,957,1295,1145,957,1199,1045,1127,1295,1193,1295,1124,1096,1295,1127,1199,969,957,1295,969,1295,1295,1193,1295,1295,1295,1045,1199,1046,1046,957,1145,1046,1295,1295,1295,1295,1145,1193,1295,1295,969,1145,1295,1295,1295,1127,1295,1096
1119,1128,1106,1119,1104,1155,1104,1105,1106,1104,1119,1119,1178,1104,1155,1340,1119,1178,1105,1105,1119,1193,1104,1048,1111,1128,1119,1105,1106,1119,1059,1178,1059,1260,1119,1059,1155,1119,1106,1111,1104,1104,1119,1119,1119,1119,1119,1119,1119,1119
1110,1295,1538,1295,1117,1295,1295,1194,1194,1295,1295,1385,1295,1295,1111,1295,1295,1372,1295,1110,1194,1295,1485,1295,1194,1117,1203,1111,1110,1295,1295,1110,1194,1295,1295,1117,1295,1110,1295,1295,1194,1295,1110,1295,1295,1295,1295,1295,1295,1203
1062,1119,1119,1119,1119,1119,1119,1119,1119,1119,1119,1119,1119,1119,1119,1119,1119,1104,1119,1119,1119,1119,1119,1119,1119,1104,1119,1119,1119,1119,1119,1119,1119,1119,1119,1119,1119,1119,1104,1119,1104,1119,1104,1119,1119,1119,1119,1119,1119,1189
1234,1295,1234,1295,1120,1143,1295,1234,1295,883,1054,1293,1295,1143,1295,1295,1295,1287,1054,1295,1295,1054,1295,1143,1295,1293,1295,1287,1208,883,1054,1287,1295,1295,1208,1208,1295,883,1295,883,1295,1054,1054,883,1054,1295,1287,1295,1295,1295
1119,1119,1119,1119,1119,1119,1119,888,1119,888,1474,1233,1119,1236,1119,1119,1119,1119,1119,888,1119,1119,1119,1119,1119,1119,888,1119,1246,1119,1119,1119,1119,1119,888,1119,1236,1233,1119,1119,1119,1119,888,1119,1119,1119,1119,1119,888,1119
1285,1026,1295,1026,1169,1295,994,1295,994,1295,1295,1026,1026,1295,1295,1237,994,1128,1295,1169,1054,1295,1026,1126,1096,1187,1295,1295,1128,1295,1295,1295,1297,1142,994,1295,1285,1126,1054,1295,1295,1295,1128,1295,1295,1295,1281,994,1237,1096
1119,1119,1142,1119,912,1119,1119,1119,1119,1119,1119,1119,1119,1119,1119,1119,1119,1119,912,1119,1119,1340,1340,1119,1119,1119,1119,1119,1119,912,1119,1119,912,1119,1119,1119,1119,1119,1119,1119,1119,1119,1119,1119,1119,1119,1119,1119,1119,1352
1086,1295,1295,1295,1086,1096,1128,1295,1086,1096,1096,1295,1086,1086,1295,1295,1295,1128,1128,1295,1295,1295,1196,1096,1295,1295,1086,1086,1086,1086,1117,1295,1128,1295,1186,1295,1295,1086,1096,1295,1295,1128,1117,1186,1295,1295,1086,1096,1295,1295
1119,1119,1119,1297,1119,1119,1119,1119,1119,1119,1119,1119,1119,1119,1119,1284,1119,1119,1297,1119,1119,1119,1340,1457,1119,1457,1119,1119,1119,1340,1119,1119,1340,1119,1521,1119,1119,1119,1376,1119,1119,1340,1119,1119,1119,1119,1146,1119,1284,1119
1295,1295,1053,1096,1128,992,1053,1128,992,1295,1295,1086,1258,1295,1128,1295,1295,1128,1295,1128,1295,1128,1086,1295,1295,1193,1128,1295,1295,1053,1128,1053,1128,992,1295,1128,992,1053,1128,1295,1295,992,1096,1295,1258,1128,1128,1128,1096,1295
951,951,1119,1119,1119,1335,1337,1119,1119,1119,1119,1119,1340,951,1119,1340,1119,1119,1119,1119,1279,1119,1119,1119,1119,1119,1340,1340,1119,1119,1119,1119,951,1119,1119,1119,1119,1119,1119,1119,1119,1119,1119,1340,1119,1119,1119,1119,1119,1119
1295,1295,1128,1128,1143,1128,1128,1193,1295,1095,1128,1193,1295,1295,1295,1095,1295,1295,1295,1136,1295,1193,1098,1295,1128,1136,1098,1128,1295,1095,1128,1095,1295,1295,1295,1295,1295,1128,1095,1193,1295,1128,1295,1295,1128,1095,1295,1095,1128,1295
1119,1119,1045,1119,1049,1119,1049,1119,1119,1119,1119,1119,1119,1119,1119,1045,1340,1119,1119,1119,1119,1119,1045,1049,1119,1049,1119,1049,1119,1119,1119,1049,1379,1119,1119,1119,1119,1119,1049,1119,1158,1119,1340,1276,1119,1119,1119,1119,1119,1119
1123,1203,1128,1135,1128,1185,1123,1295,1123,1185,1135,1282,1185,1135,1185,1128,1123,1135,959,1295,1128,1295,1135,1128,959,1282,1128,1295,1295,1247,1282,1128,959,1247,1251,1295,1458,1295,959,959,1203,1251,1295,1295,1295,1123,1135,1295,1128,1247
1098,1315,1119,1119,1340,1107,1119,1119,1272,1340,1119,1119,1238,1412,1272,1340,1098,1119,1098,1119,1119,1490,1225,1119,1112,1119,1315,1079,1412,1119,1340,1119,1119,1119,1079,1098,1119,1315,1119,1119,1079,1119,1107,1119,1437,1079,1119,1107,1315,1315
1095,1123,1295,1095,771,1295,1295,1123,1112,1123,1095,1141,1295,1185,1128,1123,1295,1123,1123,1141,1295,1095,1295,1123,1185,1185,1295,1128,1295,1575,1742,1295,1123,1295,1295,1295,1295,1295,1295,1128,1295,1112,1128,1295,771,1123,1128,1295,1128,1185
1117,1040,1119,1340,1040,1112,1112,1340,911,1040,1119,1174,1112,1040,1119,1040,1117,1117,1119,911,1119,1119,1119,1119,1040,1040,1315,1119,1119,1119,1112,1040,1119,1119,911,1119,1315,1315,1119,1119,1119,1119,1040,911,1119,1119,1119,1119,1119,1119
1002,1361,1295,1087,1128,1096,1295,1128,1121,1043,1096,998,1180,1087,1128,1043,1295,1295,1128,1123,1121,1177,1002,1002,1087,1043,1295,1295,1177,1295,1177,1236,1295,1043,1295,1096,998,1177,1128,1295,1043,1087,1123,1295,1121,1123,1180,1128,1128,1123
1309,1502,1119,1119,1315,1108,1305,1108,1148,1101,1119,1340,1309,1119,1315,1119,1332,1119,1332,1081,1119,1117,1101,1119,1315,1119,1119,1119,1315,1119,1315,1618,1305,1117,1340,1119,1117,1081,1340,1315,1140,1119,1119,1119,1119,1119,1081,1119,1119,1332
1123,1123,1295,1123,1295,1197,1121,1128,1123,1123,1123,1295,1103,1123,1295,1295,1295,1123,1234,1103,1323,1043,1295,1103,1251,1121,1128,1153,1121,1123,1194,1121,1295,1128,1043,1121,1234,1153,1103,1295,1123,1128,1295,1123,1295,1295,1197,1043,1043,1121
1119,1119,1003,1119,1119,1147,1278,1119,1119,1119,1305,1147,1126,1119,1119,1003,1119,1119,1119,1203,1119,1119,1305,1305,1119,1119,1119,1119,1119,1119,1119,1119,1119,1119,1119,1268,1119,1119,1119,1268,1203,1147,1119,1203,1296,1119,1119,1126,1119,1119
1121,1171,1171,1204,1101,1295,1280,1088,1295,1295,1121,1155,1295,1101,1101,1295,956,1088,1121,1295,1295,1101,1101,1243,1204,1295,1121,1099,956,1295,1155,1295,1295,1295,1295,1171,1171,1121,956,1171,1281,956,1099,1204,1243,1099,1295,1204,1295,1295
1119,1200,1119,1128,1119,1119,1119,1119,1119,1119,1119,1119,1119,1241,1119,1119,1119,1119,1119,1119,1119,1119,1119,1119,1119,1220,1140,1119,1119,1119,1119,1119,1119,1128,1119,1305,1119,1128,1119,1119,1119,1119,1128,1241,1119,1119,1119,1128,1128,1119
1295,1295,1295,1295,1182,1185,1295,1181,1182,1211,1295,1295,1295,1295,1295,1295,1295,1180,1211,1295,1072,1295,1182,1181,1295,1291,1072,1295,1295,1211,1295,1295,1295,1072,1180,1295,1295,1072,1295,1295,1211,1180,1295,1211,1295,1295,1291,1180,1295,1180
1006,1119,1119,1119,1119,1006,1119,1006,1171,1119,1006,1119,1119,1119,1119,1119,1119,1119,1119,1119,1006,1119,1006,1006,1119,1119,1119,1119,1119,1119,1119,1119,1119,1119,1119,1006,1119,1119,1119,1119,1119,1119,1119,1119,1119,1119,1119,1119,1119,1119
1295,1040,1034,1272,1295,1295,1295,1000,1295,1295,1295,1216,1295,1295,1009,1034,1295,1009,1272,1295,1295,1034,1295,1283,1034,1216,1295,1295,1034,1295,1295,1295,1295,1295,1295,1295,1216,1295,1283,1295,1009,1000,1295,1295,1295,1295,1283,1295,1009,1295
1119,1119,1119,1119,1119,1119,1119,1119,951,1119,1119,1119,1119,1119,1119,1119,1119,1119,951,951,1119,1119,1119,1119,951,1119,1109,1119,1193,1119,1119,1350,1119,1119,1119,1109,1119,1119,1119,1119,1119,1119,1119,1119,1119,1119,1119,1109,1109,1119
1270,1239,1295,1295,1253,1241,1034,1295,1034,1270,1195,1295,1229,1229,1295,1295,1229,1229,1295,1295,1295,1295,1034,1295,1295,1005,1239,1253,1253,1295,1253,1034,1295,1239,1005,1229,1258,1005,1258,1295,1005,1034,1005,1253,1229,1295,1241,1295,1295,1125
1022,1119,1119,1119,1119,1119,1069,1119,1119,1119,1022,1119,1119,1119,1119,1119,1119,1119,1119,1022,1119,1119,1119,1119,1119,1119,1119,1119,1119,1328,1069,1022,1119,1369,1119,1350,1119,1119,1119,1119,1119,1069,1119,1350,1119,1022,1069,1119,1022,1022
1034,1154,1295,1154,1164,1245,949,1125,1034,949,949,1164,1295,1295,1034,1295,1194,1085,1042,1295,1154,1263,1164,1034,1295,1295,1085,1042,1295,1295,949,1245,1245,1232,1295,1125,1154,1194,949,1154,1154,1194,1295,949,1034,1295,1194,1034,1190,1245
1119,1119,1119,1297,1324,1093,1369,1119,1019,1221,1119,1093,1119,1350,1119,1119,1350,1019,1221,1119,1119,1295,1119,946,946,1440,1221,1119,1119,946,1650,1119,946,1119,1119,865,1119,865,1350,946,1093,865,1119,1019,1119,946,946,1350,1119,1350
1256,1034,1295,1295,1125,1295,1256,898,1034,1142,1034,1286,1295,1256,1125,1154,1295,1142,1295,1034,1295,1295,1295,1154,898,1295,1034,1256,1034,1125,1295,1236,1154,1295,1295,1136,1034,1295,1295,1295,1005,1295,1136,898,1136,1236,1005,1142,898,1005
1119,1119,1119,1119,1350,1369,1119,1244,1180,1241,1119,1119,1119,1119,1350,1119,1119,1119,1119,1119,1119,1446,1119,1119,1119,1244,1421,1119,1119,1119,1119,1119,1119,1119,1244,1119,1119,1119,1119,1119,1119,1369,1119,971,1119,1119,1369,1119,1119,1332
1034,1295,1295,1295,1125,1062,1280,1125,1064,1125,1295,1100,1034,1125,1295,1125,1064,1062,1295,1295,1295,1125,1034,1100,1062,1295,1123,1197,1295,1064,1010,1125,1123,1034,1295,1123,1010,1123,1062,1034,1034,1063,1125,1175,1204,1295,1295,1204,1010,1063
1119,1119,1119,1119,1119,1119,1369,1202,1089,1119,1225,1119,1119,1284,1369,1119,1119,1089,1119,1119,1089,1119,1285,1315,1225,1350,1119,1315,1119,1119,1315,1315,1315,1160,1089,1119,1119,1119,1089,1119,1119,1119,1119,1119,1315,1119,1350,1119,1350,1119
1123,1034,1125,1085,1123,1295,1295,1085,1034,1123,1034,1295,1295,1295,1123,1295,1085,1295,1125,1123,1123,1295,1245,1123,1123,1125,1295,1295,1034,1295,1125,1295,1295,1295,1034,1245,1295,1123,1295,1034,1034,1123,1125,1123,1141,1034,1376,1141,1034,1034
1119,1119,1119,1100,1119,1119,1100,1189,1119,1100,1315,1119,1119,1309,1119,1119,1100,1315,1119,1119,1119,1119,1119,1119,1119,1236,1340,1315,1119,1119,1119,1119,1119,1119,1119,1350,1315,1100,1119,1350,1119,1030,1119,1119,1315,1119,1119,1119,1030,1119
1194,1045,1215,1295,1034,1295,1131,1116,1295,1123,1194,1038,1045,1215,1038,1038,1295,1116,1295,1284,1123,1034,1295,946,1034,1194,946,1123,1034,1131,1295,946,1034,1123,1038,946,1116,1123,1034,1038,1045,1123,1131,1123,1034,1256,1034,1045,1215,1256
1119,1280,1119,1119,1087,1315,1087,1119,1172,1119,1119,1309,1280,1282,1315,1146,1350,1282,1236,1146,1119,1309,1236,1296,1119,1280,1296,1119,1087,1282,1119,1315,1315,1119,1236,1146,1241,1119,1315,1119,1119,1280,1119,1258,1119,1236,1236,1350,1119,1315
1536,1034,1295,946,1116,1116,1116,946,1295,946,1034,1034,1295,1116,1123,974,946,1123,1295,946,1123,946,1034,1123,946,946,1185,946,1034,946,946,946,1034,1295,1034,946,1116,1123,946,946,1422,1123,1123,946,946,946,974,1124,946,946
1119,1236,1189,1119,1236,1236,1119,1236,1119,1059,1119,1043,1043,1236,1134,1236,1236,1134,1119,1055,1189,1043,1236,1119,1236,1236,1236,1134,1119,1236,1119,1055,967,1119,1119,1119,1236,1236,1236,1280,1236,1153,1236,1236,1043,1059,1059,1236,1153,1043
946,946,946,946,946,946,946,1295,946,946,946,946,1295,946,946,946,946,1116,946,946,946,946,946,1110,946,946,946,1295,1344,946,946,1295,946,1116,1295,946,946,946,946,946,946,946,946,946,1116,1120,946,946,946,946
1119,1236,1236,1236,1236,1119,1119,1119,1119,1119,1236,1119,953,1119,1119,1236,1236,1119,953,1119,1236,953,1236,1236,1119,1236,1119,1236,1119,1119,1236,1236,1119,1236,1119,1119,1236,1119,1119,1280,1236,1236,1236,1119,1119,1119,1140,1236,1236,1154
946,1288,946,946,946,1295,946,946,946,1295,1341,946,946,946,946,946,946,946,946,996,946,946,1295,946,946,946,1116,946,946,946,946,946,946,946,946,1295,946,946,946,946,946,946,946,946,946,946,946,946,946,946
1236,1236,1236,1119,1236,1236,1236,1119,1119,1119,1119,1119,1236,1119,1119,1236,1236,1119,1236,1236,1236,1119,1236,1236,1236,1119,1119,1236,1236,1236,1119,1119,1119,1236,1236,1119,1236,1236,1119,1119,1119,1119,1236,1119,1236,1236,1236,1236,1236,1236
1295,946,946,946,946,946,946,946,946,946,906,946,946,946,946,906,946,946,946,946,946,946,946,906,946,946,946,946,946,946,946,946,946,946,946,946,946,946,946,946,906,946,946,946,946,946,946,906,946,1081
1236,1236,1236,1236,1119,1236,1231,1236,1236,1236,1136,1236,1236,1236,1236,1119,1236,1221,1221,1231,1236,1119,1236,1236,1236,1236,1236,1236,1236,1236,1231,1236,1236,1221,1236,1236,1236,1236,1236,1236,1236,1119,1236,1221,1236,1236,1236,1236,1236,1236
946,946,946,946,946,946,946,946,946,946,946,946,946,946,946,946,946,946,946,946,946,946,946,946,946,946,946,946,946,946,946,946,946,946,1295,946,946,946,946,946,946,946,946,946,946,946,946,946,946,946
1236,1236,1236,1236,1236,953,1236,1236,1119,966,1236,1160,1236,1236,1236,1236,1236,1236,1236,1236,966,1236,1236,1236,1236,1236,1236,1236,1236,1236,953,1236,1236,1236,953,1160,953,1119,953,1236,1160,1236,1119,1236,966,1236,953,966,1236,1160
946,946,946,946,946,946,946,946,946,946,946,946,946,946,946,946,946,946,946,946,946,946,946,946,946,946,946,946,946,946,946,946,946,946,946,946,946,946,946,946,946,946,946,946,946,946,946,946,1264,946
1125,1000,1185,1236,1125,1236,1236,1236,1236,1236,1236,1125,1236,1125,1150,1167,1130,1236,1167,1000,953,1000,953,1130,1125,1236,1236,1236,1236,1236,1236,1236,1236,1236,1130,1167,1236,953,953,1236,953,1236,1150,1236,1236,1150,1130,1125,953,1150
946,946,946,946,946,946,946,946,954,946,946,946,946,946,946,946,946,946,1264,1065,946,946,946,1217,1065,946,1264,946,946,1264,946,946,946,946,946,946,1220,946,946,946,946,946,946,946,946,946,1143,946,946,946
1236,1236,1236,1183,1181,1236,1236,1236,1236,1181,1236,940,1183,940,953,940,1236,1236,1181,1236,953,1236,940,1236,1236,1132,940,952,1236,1183,1236,901,901,953,953,1236,901,1132,953,1181,1236,1236,953,952,901,953,953,1132,1236,1132
946,946,946,946,1264,946,946,946,946,946,946,946,1145,946,946,1490,946,946,946,946,946,946,946,946,946,1394,946,946,946,946,946,946,1231,946,946,946,946,946,946,946,1264,1264,946,946,946,946,946,946,946,1264
953,1736,1236,1236,940,1236,1236,1236,1236,1236,1194,953,1236,953,1236,940,940,1136,1236,1236,940,953,953,1236,953,953,953,940,940,1236,1236,1236,1236,1236,940,1236,953,1132,1236,1136,953,1236,953,1236,940,953,1236,1236,1236,953
946,946,946,946,946,946,946,946,946,946,946,946,946,946,946,946,946,946,946,946,946,946,946,946,946,946,946,1264,946,946,946,946,946,946,1027,946,946,946,946,946,946,946,1264,946,946,946,946,946,946,946
1236,1236,953,1236,1236,953,1236,1236,1236,1236,1043,1236,953,1187,1236,1043,953,1236,1236,1236,1236,1144,1236,1236,1043,1236,953,1236,1187,1236,1236,1144,1236,1236,1236,1236,953,1236,1144,1187,1144,1236,1236,1236,1236,1236,1236,1236,1236,1236
946,946,946,946,946,946,946,946,946,946,946,946,946,946,946,946,946,946,946,946,946,946,946,946,946,946,946,946,946,946,946,946,946,946,946,946,946,946,946,946,946,946,946,946,946,946,946,946,946,946
1039,1236,1236,898,1236,1039,1236,1236,1039,1236,898,1236,1026,1236,898,1236,1059,1236,1236,1236,1026,1039,898,1236,1236,1059,1236,1236,1236,1236,1039,1236,1059,1236,1236,1233,1236,1236,1236,1236,898,1233,1059,1236,1236,1236,1236,1236,1236,1236
946,946,946,946,929,946,946,929,946,929,946,946,946,946,946,946,946,946,946,929,946,946,946,946,946,946,946,946,946,946,946,946,946,929,946,1408,946,1044,946,946,946,946,946,946,946,929,946,929,946,946
1236,1215,1236,1236,1236,1236,1236,1236,1236,1236,1141,1004,1236,1236,1004,1236,1236,1215,1203,1236,1215,1141,1236,1215,1004,1203,1236,1236,1236,1236,1236,1236,1236,1236,1178,1178,1236,1215,1141,1236,1236,1236,1236,1236,1203,1236,1004,1236,1236,1178
946,946,946,946,1445,883,883,883,946,946,946,946,946,946,946,946,1354,946,946,946,946,946,946,946,946,946,946,946,946,946,946,883,1471,946,946,946,946,946,946,946,946,883,946,946,946,946,946,883,883,946
1050,1017,1017,1236,1236,1119,1236,1236,1236,1236,1236,1017,1236,1050,1017,1236,1236,1004,1236,1236,1236,1236,1236,1236,1236,1236,1236,1236,1050,1236,1236,1236,1236,1017,1236,1236,1050,1236,1236,1236,1236,1004,1236,1236,1236,1203,1236,1004,1119,1236
946,946,946,946,946,946,946,946,946,946,946,946,946,946,946,946,946,946,946,946,946,946,946,946,946,946,946,946,946,946,946,946,946,946,946,946,946,946,946,946,946,946,946,946,946,946,946,946,946,946
1080,1236,1236,1236,1080,1236,1236,1236,1236,1236,1236,1236,1080,1173,1236,1137,1236,1236,1236,1173,1236,1236,1126,1236,1236,1236,1080,1236,1236,1080,1126,1173,1236,1126,1236,1236,1236,1080,1236,1080,1236,1236,1236,1108,1236,1137,1080,1080,1126,1236
946,946,946,946,946,946,946,946,946,946,946,946,946,946,946,946,946,946,946,946,946,946,946,946,946,946,946,946,946,946,946,946,946,946,946,946,946,946,946,946,946,946,946,946,946,946,946,946,1406,946
1169,1236,1236,1236,1236,1236,1236,1236,1236,1236,1236,1236,1236,1236,1236,1236,1236,1236,1236,1236,1236,1236,1236,1236,1236,1236,1236,1236,1236,1236,1236,1236,1236,1236,1236,1169,1236,1236,1236,1236,1236,1236,1236,1236,1236,1236,1169,1236,1236,1236
946,946,946,946,946,862,946,862,946,946,946,946,862,862,946,946,946,946,946,946,946,946,946,862,862,946,946,946,946,946,946,862,946,946,946,946,946,946,946,946,946,946,946,946,946,946,946,946,946,946
1151,1236,1151,1236,1236,1236,1097,1236,1097,1236,1236,1236,1236,1236,1198,1236,1136,1236,1236,1236,1236,1236,1236,1236,1151,1198,1151,1236,1236,1198,856,1236,1236,1236,1151,1136,1236,1198,1236,1236,1236,1236,1236,1236,856,1198,945,1236,1236,1198
1192,946,946,946,946,946,946,946,946,946,946,946,946,946,946,946,946,946,946,946,946,946,946,946,946,946,946,946,946,946,946,946,946,946,946,946,946,946,946,946,946,946,946,946,946,946,946,946,946,946
1236,1186,1136,1236,1236,1038,1236,1236,962,1222,1236,1236,1236,1236,1236,1236,1236,1236,1236,1236,1236,1236,1236,1038,1146,1236,1136,962,1236,962,1236,1236,1236,1236,1236,1236,1222,1236,962,1236,1236,1038,962,1236,962,1236,1236,1236,1236,1186
946,946,946,946,946,946,946,946,946,932,946,946,946,946,946,946,946,946,946,946,946,932,946,946,946,946,946,946,946,932,932,946,946,946,932,946,946,946,946,932,946,932,946,946,946,946,946,946,946,946
1236,1182,1236,1236,1236,1236,991,932,1227,1227,1227,1227,1235,898,1236,932,991,1227,1236,932,898,1227,1235,932,1236,1236,1054,1236,898,1227,1236,1236,1236,1227,1236,1236,1236,1227,1236,1236,898,1182,1236,1054,1227,1227,1227,1227,1236,1236
932,946,932,932,932,932,932,932,932,932,946,932,946,932,946,932,932,946,946,946,946,932,932,932,932,932,932,932,946,946,932,946,932,946,946,932,932,932,932,934,932,932,946,946,934,946,932,932,932,932
1227,1227,1227,1188,1188,910,1191,1191,910,1202,1236,1227,1227,1227,1227,1188,1227,1217,1191,1227,1227,910,1227,1227,1227,1227,1227,1227,1227,1227,1188,1227,1227,1227,1227,1227,1191,1202,1227,1227,1227,1227,1227,1227,1227,1236,1227,1227,1227,1227
932,932,932,932,946,932,932,932,932,932,932,932,932,932,932,932,932,932,932,932,932,932,932,932,932,932,932,932,932,932,932,932,932,932,932,932,932,932,932,932,932,932,932,932,932,932,932,932,932,932
1227,1227,1227,1227,1227,1227,1227,1227,1227,1227,1227,1227,1021,1119,1096,1104,1227,1227,1096,1185,1227,1021,1227,1227,1227,1227,1227,1227,1096,1227,1227,1104,1021,1227,1227,1185,1227,1227,1104,1021,1227,1227,1021,1227,1227,1119,1104,1227,1119,1227
932,932,932,1101,932,932,1638,932,932,932,932,932,932,932,932,932,932,1052,932,932,932,1052,932,932,932,932,932,932,932,932,932,932,932,932,932,932,932,932,932,932,932,932,932,932,932,932,932,932,932,932
1227,1199,1199,1096,1199,1227,1227,1227,1227,1199,1096,1227,1227,1116,1227,1227,1227,1227,1227,1227,1227,1227,1116,1199,1227,1227,1227,1227,1227,1227,1227,1199,1227,1227,1125,1227,1227,1227,1096,1227,1227,1227,1227,1227,1227,1227,1227,1227,1227,1227
932,1144,932,932,932,932,932,932,932,932,932,932,932,932,932,932,932,932,932,932,932,932,932,932,932,932,932,932,932,932,932,932,932,932,932,932,932,932,932,932,932,932,932,932,932,932,932,932,932,932
1209,1227,1227,1227,1148,1110,1227,1227,1227,1227,1194,1227,1227,1110,1227,1194,1227,1227,1209,1227,1227,1227,1148,1227,1227,1227,1227,1227,1148,1148,1227,1227,1227,1227,1148,1227,1227,1227,1194,1227,1227,1209,1227,1227,1209,1227,1194,1148,1227,1227
932,932,932,932,932,840,932,932,932,932,932,932,932,932,932,932,932,932,932,932,1312,932,932,932,932,932,932,932,932,932,932,932,932,932,932,932,932,932,932,932,932,932,932,932,840,932,932,932,932,932
1227,1188,1227,1227,1227,1133,1227,1227,982,1227,982,1227,982,1227,1227,979,1227,1227,979,1227,1227,984,1227,1227,1192,1188,1227,984,1188,1227,1188,1227,1192,1227,1133,1227,1227,1227,1149,1152,1133,979,1227,984,1227,1152,1227,1227,1152,1133
932,932,932,932,932,932,932,932,932,1463,932,932,932,932,932,932,1268,932,932,1056,932,932,932,932,932,932,932,932,932,932,932,932,932,932,932,932,932,932,932,932,932,932,932,932,932,932,932,932,932,932
1111,1021,1227,1196,1091,1215,1227,1133,1111,1021,1133,1086,1227,1091,1021,1227,1133,1227,1021,1215,1227,1227,1227,1215,1091,1196,1227,1021,1227,1215,1221,1186,1227,1086,1103,1227,1227,1021,1196,1133,1091,1091,1221,1091,1086,1103,1227,1021,1221,1227
932,932,932,932,932,932,932,932,1516,932,932,932,932,932,1109,1134,932,932,932,932,932,932,932,932,932,932,932,932,932,932,932,932,932,932,932,1233,1109,932,932,932,932,932,932,932,932,932,932,932,932,932
1227,1227,1170,1227,1189,1227,1194,1227,1227,1109,1040,1227,1194,1189,1227,1040,1227,1109,1227,1183,1194,1227,1227,1227,1183,1227,1109,1227,1109,1227,1065,1189,1189,1152,1065,1183,1152,1170,1227,1040,1183,1040,1227,1227,1189,1227,1194,1227,1152,1227
1288,932,932,932,932,932,932,932,932,932,1111,932,932,932,932,1402,932,932,932,932,932,932,932,932,932,1288,932,932,932,1074,932,932,932,932,932,932,932,932,932,932,932,932,932,932,932,932,932,932,932,932
1227,1184,1185,1099,1227,1227,1227,1227,1072,1065,1227,1227,1227,1227,1072,1227,1227,1099,1227,1184,1227,1227,1185,1227,1227,1099,1376,1227,1185,1227,1072,1349,1227,1227,1185,1227,1227,1227,1227,1227,1227,1065,1227,1227,1227,1227,1227,1184,1227,1227
1392,932,932,932,932,1402,932,932,932,932,932,932,1395,932,932,932,932,932,932,932,932,932,932,932,932,932,932,932,932,932,932,932,932,932,932,932,932,932,932,932,932,932,932,932,932,932,932,1204,932,932
1227,1227,1227,1227,1227,1227,1227,1099,1227,1227,1227,1227,1227,1065,1227,1227,1227,1227,1106,1227,1227,951,1227,1065,1099,1099,1099,1227,951,1227,1227,1227,1065,1227,1227,1227,1099,1227,1227,1227,1227,1106,1227,1227,1227,1227,1227,1227,1227,1227
1191,932,932,932,932,932,932,932,915,932,932,915,932,932,932,915,932,932,932,932,932,932,932,932,1168,932,932,932,932,932,932,932,932,932,932,932,932,932,932,932,932,932,915,932,932,932,932,932,932,932
1227,1227,1050,1227,1050,1148,1227,1227,1227,1227,1227,1227,1130,1227,1227,1227,1130,1050,1227,1227,1130,1148,1227,1227,1148,1130,1130,1227,1130,1227,1227,1227,1348,1130,1050,1050,1050,1050,1130,1227,1227,1227,1227,1227,1050,1227,1227,1227,1227,1227
932,932,932,932,932,932,932,932,932,932,932,932,932,932,932,932,932,932,932,932,932,932,932,932,932,932,932,932,932,932,932,1167,932,932,932,932,932,932,932,932,932,932,932,932,932,932,932,932,932,932
1227,1227,1010,1227,989,989,1010,1227,1227,1227,1069,1227,1227,1227,1227,1227,1056,1227,1227,1227,1227,1227,1227,1227,1227,1227,989,1227,1227,1227,1146,1227,1227,1069,1227,1227,1227,1227,1227,1227,989,1227,1227,1227,1146,1056,1069,1227,1010,1227
932,932,1016,932,932,932,932,932,932,932,932,932,932,932,932,932,932,932,932,932,932,932,932,932,932,932,932,932,932,932,932,932,932,932,932,932,932,932,932,932,932,932,932,932,932,932,932,932,932,932
1227,1205,1227,1227,1118,1227,1227,1118,1227,1227,1082,1227,1186,1205,1227,1227,1227,989,1227,1227,989,1227,1186,1227,1227,1112,1112,1227,1082,1082,1082,1082,1112,1112,1082,1118,1112,1123,1112,1227,1227,1227,1227,1112,1227,989,1123,1082,1186,1186
932,932,932,932,1254,1188,932,932,932,932,932,932,932,932,932,932,932,932,932,1237,932,913,932,932,932,913,1299,932,932,932,1190,932,932,932,932,932,1040,913,932,932,932,913,932,932,932,1188,913,932,932,932
1227,1058,1227,1227,1109,1227,1285,1528,1227,1227,1227,1227,1227,1227,1227,1227,1227,1227,1109,1227,1109,1159,1058,1227,1227,1109,1196,1196,1227,1227,1227,1227,1227,1227,1109,1227,1227,1227,1159,1227,1227,1227,1227,1159,1227,1227,1227,1227,1159,1227
932,932,932,932,932,932,932,932,932,932,932,932,932,932,932,932,932,932,932,932,932,932,932,932,932,932,932,932,932,932,932,932,932,932,1378,932,932,932,932,932,932,932,932,932,932,932,932,932,932,932
1223,1104,1227,1227,1109,1227,1141,1193,1227,1227,1104,1227,1141,1186,1144,1227,1186,1186,1227,1227,1141,1186,1186,1223,1144,1227,1104,1227,1104,1186,1227,1227,1166,1227,1227,1227,1109,1144,1144,1227,1227,1227,1223,1223,1227,1198,1227,1227,1227,1198
932,932,932,1239,932,932,932,932,932,932,887,932,932,932,932,932,932,932,932,932,932,932,932,932,932,932,932,1177,932,932,932,1239,932,932,932,887,932,932,932,932,887,932,932,932,932,887,932,932,1325,932
1049,1227,1227,1227,1049,1227,1204,1048,1227,1227,1227,982,982,1227,1204,982,1204,1227,1227,1227,1436,1227,1049,1227,1227,1227,982,1048,1227,1227,1227,1049,1192,1227,1227,1049,1204,1227,1227,1227,1227,1227,1192,1204,1227,1227,1049,1227,1048,1227
932,932,932,932,932,932,932,932,932,932,932,932,932,932,932,932,932,932,1174,932,932,932,932,932,932,932,932,932,932,932,932,932,1232,932,932,932,932,932,932,932,932,932,932,932,932,932,932,932,932,932
1227,1227,1227,1227,982,1227,1227,1227,933,1227,1227,1227,1227,982,982,933,1227,1135,1227,1146,982,1227,1227,1138,1227,1227,1138,1227,1227,1227,1227,1138,1138,933,1227,1138,1138,1227,1227,1181,1169,1135,1227,1169,1227,1227,1227,1227,1135,1227
932,932,932,932,932,932,932,932,932,932,932,932,932,932,932,932,932,1294,932,932,932,932,932,932,932,932,932,932,932,932,932,932,932,932,932,932,932,932,932,932,932,932,932,932,932,932,932,932,932,932
920,1227,966,1227,920,1227,1227,1188,1227,1227,920,1211,1208,1227,1206,1227,1227,1227,1227,1100,920,1188,1100,920,1227,966,1227,966,1227,1211,920,1227,1211,1227,1211,1227,1188,1208,1227,1227,1227,1227,966,1100,1206,1129,1227,920,1227,1208
932,932,932,1219,932,932,1203,932,932,1244,932,932,932,932,932,932,932,932,932,932,932,932,1594,932,932,932,932,1449,932,932,932,932,1101,932,1218,932,932,932,932,932,932,932,932,932,932,932,932,932,932,932
1227,986,1030,1048,1227,1227,1122,1048,1048,1227,1030,986,1227,1030,1227,1122,1048,1227,1030,1227,1161,1180,1227,1227,1161,1122,1227,1030,1227,1227,1227,1227,1227,1227,1227,1048,986,986,1227,986,1227,1227,1030,1227,1227,1227,1227,1227,1030,1227
932,932,1456,932,932,932,932,932,1533,932,932,932,1522,932,932,932,932,932,932,932,932,932,932,932,932,932,932,932,932,932,932,932,932,932,932,932,932,932,1574,932,932,932,932,932,932,932,932,932,932,932
952,1227,952,952,1227,1227,1161,1227,1227,1227,952,958,952,958,1227,986,1227,1227,986,1227,1161,1227,1227,1227,1227,1227,952,952,1083,1227,1227,1227,1227,1227,1227,1227,958,1227,1227,1227,1227,952,1227,1227,958,1083,986,1227,1227,1161
932,932,932,932,932,932,932,1000,932,932,932,932,932,932,932,932,932,932,932,932,932,932,932,932,932,932,932,932,932,932,932,932,932,932,932,932,932,932,932,932,932,932,932,932,932,932,932,932,932,1083
1025,1227,1209,1227,1185,1025,1227,1227,1145,1025,1205,1227,1198,1198,1227,1227,1227,1145,1185,1205,1205,1227,1145,1227,1179,1205,1145,1227,1227,1227,1215,1227,1215,1174,1025,1025,1227,1145,1227,1227,1174,1227,1198,1174,1145,1227,1227,1227,1209,1215
1243,932,932,932,932,932,932,932,932,932,932,932,932,932,932,932,932,932,932,932,932,932,932,932,932,932,932,932,932,932,932,1273,932,932,932,932,932,1374,932,932,932,932,932,932,932,1246,932,932,1298,932
1227,1227,1227,1227,1227,1227,1227,953,1053,953,1227,1227,1053,1227,1053,1227,1227,1227,1227,1227,1227,1227,1227,1227,1122,1227,1122,1227,1227,1227,1053,1227,1227,1227,1227,999,1227,1227,1227,1227,1227,1227,1227,1227,1227,1201,1227,1227,953,953
932,932,932,932,932,932,932,932,932,932,932,932,932,932,932,932,932,932,932,932,932,932,932,932,932,932,932,932,932,932,932,932,932,932,932,932,932,932,932,932,932,932,932,932,932,932,932,932,932,932
1227,1143,1227,1227,1227,1133,1227,1227,1227,1143,1227,1227,1133,1227,1227,1227,1227,1139,1217,1145,1139,1227,1227,1227,1227,1227,1227,1144,1227,1145,904,1227,904,1227,1144,1227,1217,1143,1227,1227,1227,1227,1220,1063,1139,904,1227,1227,1217,1143
932,932,932,932,932,932,932,932,932,932,932,932,932,1454,932,932,932,932,932,932,932,932,932,932,932,932,932,932,932,1368,932,932,932,932,932,932,1100,932,932,932,932,932,932,932,932,932,932,932,932,932
1227,1133,1227,1227,1046,1227,1137,1227,1227,1217,1137,1137,1227,1227,1227,1227,1197,1227,1227,1227,1227,1046,1227,1227,1046,1227,1197,1197,1227,1197,1227,1227,1227,1227,1227,1227,1133,1227,1227,1227,1133,1227,1217,1197,1227,1227,1227,1227,1137,1227
932,932,932,932,932,932,932,932,932,932,932,932,932,932,932,932,932,932,932,932,932,932,932,932,932,932,932,1321,932,932,932,932,932,932,932,932,932,932,1284,932,932,932,1152,932,932,932,932,932,932,932
1130,1046,1227,1091,1202,1227,1227,1227,1227,1227,1227,1227,1227,1227,1227,1227,1227,1130,1093,1109,1093,1227,1227,1227,1227,1596,1227,1227,1221,1227,1221,1227,1091,1227,1227,1056,1227,1202,1227,1227,1046,1056,1227,1227,1227,1091,1046,1056,1093,1046
932,932,1056,932,932,932,932,932,932,932,932,932,932,932,919,932,932,932,932,932,932,932,932,932,932,932,932,932,932,932,932,932,932,932,932,932,919,932,932,932,932,1260,932,932,932,932,932,932,932,932
1056,1227,1227,1227,1227,972,1040,1227,1056,1224,1227,1056,1227,1040,1227,1227,1129,1126,1227,1126,1129,1227,972,972,1126,1227,1227,1227,1227,1040,1227,1227,1227,1227,1126,1056,1227,1227,1227,1227,972,972,972,1227,1056,1227,1227,1126,1040,972
932,932,932,932,932,932,932,932,932,1305,932,932,932,932,932,932,932,932,932,932,932,932,932,932,932,932,932,932,932,1034,932,932,932,932,932,932,932,932,932,932,932,932,932,932,932,932,932,932,932,932
1227,1227,1120,1023,1023,1227,1227,1227,1227,1227,1170,1227,1227,1023,1227,1227,1119,1227,1227,1120,1119,1227,1120,1227,1227,1227,1227,1227,1120,1227,1194,1081,1227,1227,1119,1227,1081,1227,1124,1227,1227,1124,1119,1227,1194,1023,1227,1227,1081,1194
932,932,932,1494,932,932,1291,932,932,932,932,932,932,932,932,932,932,932,932,932,932,932,932,932,932,932,932,932,932,932,932,932,932,932,932,932,932,932,932,932,932,932,932,932,932,932,932,932,932,932
1227,1059,1119,1227,952,1227,1227,1227,1059,952,1227,1227,1227,1227,1022,1119,952,1227,1022,1022,982,1149,982,1227,1227,952,952,1137,982,1137,1227,1137,1227,1137,1227,1227,1059,1022,952,952,1059,1101,1315,1227,952,1227,1119,1227,1059,1227
932,932,1291,932,1161,932,932,932,932,932,932,932,932,932,932,932,932,1264,932,932,932,932,932,1278,932,932,932,1164,1338,1161,1344,932,932,932,932,932,932,932,1161,1420,932,932,1293,932,932,1293,1307,932,932,932
1227,1133,1227,952,1227,1227,1109,1133,1109,1227,1227,952,1123,962,1123,1212,1227,1212,1227,959,1176,1133,1109,959,1227,959,959,982,959,1227,1227,1227,1227,962,959,1212,959,1227,1227,1227,1227,1227,1227,982,952,1227,1123,959,1227,959
1268,932,932,932,932,932,932,932,932,932,932,932,1114,932,932,1233,932,932,932,1268,1268,932,932,1278,1268,1236,932,932,932,932,932,932,932,932,932,932,932,932,932,1268,1268,932,932,932,932,932,932,932,932,932
959,959,959,1227,1227,959,959,982,1097,1109,959,959,1227,1227,959,1227,959,1227,959,982,1097,1010,1227,959,959,959,1010,1227,1227,959,959,1227,1227,959,1010,959,959,982,959,959,959,1227,1227,959,1227,959,959,959,959,1227
932,1268,932,932,932,1278,932,932,1147,932,1172,932,932,932,1217,932,1268,1268,932,1268,932,932,932,932,999,1268,1268,932,932,932,1268,932,932,932,999,932,1217,1268,932,932,932,932,1268,1147,932,932,932,932,932,1268
1227,1227,959,959,1227,1227,959,1227,959,1227,959,959,1227,1044,1227,959,1227,1227,959,1227,959,1227,959,1227,1227,1227,959,1227,1167,959,959,959,1227,959,959,1227,959,959,1227,959,1227,1227,959,959,1227,1227,959,959,1167,959
932,932,932,932,932,932,932,932,932,932,932,932,932,932,932,932,932,1268,932,932,932,932,932,932,932,932,932,932,932,932,932,932,1185,932,932,932,932,932,932,932,932,932,932,1254,932,932,932,932,932,932
1227,1227,1227,1227,1013,1090,1227,959,1227,1227,1124,1227,1227,1227,1227,1227,1227,1124,1113,1227,1227,1227,1227,1227,1013,959,1227,1090,1113,1227,1227,1113,1227,959,1124,1227,1113,1227,1227,1045,1227,1227,1227,1227,1227,1124,1045,1227,1227,1045
932,932,932,932,932,932,932,1268,932,932,932,932,932,932,932,932,932,932,932,932,932,932,932,932,932,932,932,932,932,932,932,932,932,932,932,932,932,932,932,932,932,932,932,932,1284,932,932,932,932,932
1227,1227,1227,1227,959,1227,959,1227,1227,1046,1227,1046,1227,1227,1046,1066,1227,1227,1066,1227,1226,1176,1091,1176,1205,959,1227,1227,1227,1176,1227,1066,1227,1227,959,1227,1227,1227,959,1091,1066,959,1066,1176,1227,1226,1227,1226,1066,1205
1266,932,932,932,932,932,932,932,932,932,932,932,932,932,932,932,932,932,1291,932,932,932,932,932,932,932,932,932,932,932,1268,932,932,932,932,932,932,932,1387,932,932,932,932,932,932,932,1268,932,932,932
1227,1227,1227,959,959,959,959,1119,1227,1227,959,1227,1227,1227,959,1227,1227,1202,1227,1227,1227,1227,1227,1202,1227,1227,1064,1119,1227,1227,1227,1119,1227,959,1227,1227,1119,1202,1227,1227,1064,1119,1227,1227,1064,1227,1227,1227,1227,959
932,932,932,932,932,932,932,932,932,932,932,932,932,932,932,932,932,932,932,1087,932,932,932,932,902,932,932,932,932,932,932,932,932,932,932,932,932,932,932,932,932,932,932,932,932,932,932,932,932,932
1141,1087,1227,1253,1116,1087,1093,1087,1227,1227,1093,1116,1116,1227,1116,1227,1093,1227,1093,1227,1100,1087,1227,1227,1227,1227,1093,1227,1227,1093,1227,1087,1093,1227,1093,1227,1227,1141,1093,1087,1093,1226,1227,1116,1227,1116,1116,1227,1093,1227
1568,932,932,932,932,932,932,932,932,932,932,932,932,932,932,932,932,932,1558,932,1246,932,932,932,932,1239,932,932,932,1346,932,932,932,932,932,1277,932,932,932,932,932,932,932,932,932,1246,932,1277,1343,932
1227,1227,1227,1227,1070,1093,1093,1227,1227,1227,1227,1070,1227,1070,1227,1093,1227,1227,1117,1093,1117,1227,1227,1117,1117,1227,1227,1227,1227,1070,1227,1227,1227,1227,1227,1093,1227,1227,1070,1227,1227,1227,1227,1227,1227,1117,1070,1070,1227,1093
932,932,932,932,932,932,1269,932,932,932,932,1316,932,932,932,932,932,932,932,1316,932,932,932,932,1343,932,932,932,932,932,932,932,932,932,932,932,932,932,932,932,932,932,932,932,932,932,932,1316,932,932
1018,1014,1227,1227,1227,1227,1014,1227,1227,1227,1118,1018,1014,1227,1227,1227,1000,1227,1227,1227,1227,1227,1227,1227,1227,1227,1118,1093,1227,1018,1227,1227,1227,1227,1227,1227,1014,1227,1018,1014,1227,1000,1227,1227,1227,1018,1014,1227,1227,1227
932,932,932,932,932,932,932,932,932,932,932,932,932,932,932,932,932,932,932,932,1085,932,932,932,932,932,1085,932,932,932,932,1470,932,932,932,932,932,932,932,932,932,932,932,932,932,932,932,932,932,932
1124,1227,1160,1227,1227,1014,1227,1225,1014,1014,1227,1227,1124,1225,1227,1227,1160,1227,1227,1227,1124,1227,1124,1227,1039,1227,1227,1039,1160,1225,1014,1225,1225,1227,1092,1227,1039,1227,1227,1227,1160,1092,1227,1227,1039,1227,1227,1227,1227,1227
932,932,932,932,932,932,932,932,932,932,932,932,932,932,932,932,932,932,1283,932,932,932,1118,932,932,932,932,932,932,932,932,932,932,932,932,932,932,932,1325,932,1216,932,932,932,1253,932,972,932,932,932
903,1227,1086,1174,903,1227,1196,1227,1086,1086,1227,1154,1124,1227,1227,903,1227,1227,1167,1227,1227,903,1227,1227,952,1167,1227,1124,1167,1227,1227,1227,1227,1086,1227,1154,1174,952,1197,952,1227,952,1197,903,1227,903,1154,1124,1227,1227
932,932,932,932,932,932,932,932,932,932,1223,932,932,932,932,932,932,932,932,1691,932,932,932,932,932,932,1077,932,932,1480,932,932,932,932,932,1360,970,932,970,932,932,932,932,906,932,932,932,932,906,932
1227,1227,1227,1227,1227,1227,1227,1227,1227,1227,1227,952,1227,1143,1227,1227,1138,1227,1227,1138,1227,1227,1227,1227,1227,1215,1143,1227,1227,1227,1227,1227,1227,1227,1227,1227,952,1227,1227,1227,1227,1227,1227,1227,1227,1143,1227,1138,1143,1227
932,932,932,932,932,932,932,932,932,932,932,932,932,932,932,932,932,932,932,932,932,932,932,932,932,932,932,932,932,932,932,932,932,932,932,932,932,932,932,932,932,932,932,932,932,932,932,932,932,932
1227,1227,1031,1219,1213,1227,1110,1227,1227,1227,1227,1110,1227,1227,1107,1031,1227,1227,1227,1219,1031,1195,1227,1227,1219,1227,1227,1227,1107,1227,1227,1031,1227,1213,1227,1227,1227,1213,1227,1227,1107,1227,1227,1110,1107,1227,1107,1107,1213,1195
932,932,1039,932,932,932,932,1292,932,932,932,932,932,932,932,932,932,932,1031,932,1047,932,932,932,932,932,932,932,932,932,932,932,932,932,932,932,932,932,932,932,932,1208,932,932,932,932,932,932,932,932
1031,1227,1227,1194,1227,1227,1227,1212,1227,1227,1227,1227,1211,1227,1182,1227,1083,1227,1212,1192,1124,1227,1227,1031,1124,1083,1227,1227,956,1194,1227,1227,1227,1227,1182,1083,1031,1227,1227,956,1212,1124,1227,1227,1227,956,1083,1031,1194,1227
932,932,932,932,932,932,932,932,932,932,932,932,932,932,932,932,932,932,932,932,1124,932,932,932,932,932,932,932,1571,932,1412,932,932,932,932,932,932,932,932,932,932,1124,932,932,1031,932,932,932,932,932
1011,1220,1227,1220,998,1227,1154,998,1227,1227,1014,1227,1227,1060,1090,1227,922,1060,1227,922,1124,1154,1227,1011,1227,1014,1227,1154,1220,1227,1227,1227,1031,1227,1227,1031,1227,1227,1154,1227,1011,1227,1227,1124,1227,1154,1227,1014,1227,1227
932,932,932,1521,1134,932,932,932,932,932,932,932,932,932,932,932,932,932,932,932,932,932,932,932,932,1093,932,932,932,932,1124,932,932,932,932,932,932,932,963,932,932,1253,1124,963,932,932,932,932,932,932
1091,922,922,1091,1124,1094,1227,922,998,1227,1094,1091,998,947,1256,1227,1227,1124,1227,1124,1227,1095,1227,1095,1227,922,947,1022,1227,1022,1124,998,1227,1095,1227,1121,1227,1091,947,1094,1121,1227,1227,998,1121,1091,1227,922,1124,1227
932,1542,932,932,932,1444,932,932,1134,932,932,932,932,932,932,932,932,932,932,1134,1242,1278,1124,932,1094,932,932,932,1134,1534,932,932,932,932,932,1444,932,1134,1134,1124,1069,932,1534,932,932,932,1094,932,932,932
1227,1124,1227,1137,1124,1227,1094,1227,998,1160,998,998,1227,998,998,998,1124,1093,1227,1160,1227,1227,998,1124,998,1160,998,1227,998,1227,1227,998,1227,1137,998,998,1094,998,1124,1094,1227,1227,998,1227,1227,998,1094,998,1227,1227
932,932,932,932,932,932,932,932,932,932,932,932,932,932,932,932,932,932,932,932,932,932,932,932,932,1259,932,1124,932,932,932,932,1134,932,932,932,932,1124,1134,1134,932,932,932,932,932,1134,1124,932,932,1124
1124,1227,1227,1124,998,998,1118,1227,1124,998,1227,1124,1000,998,1000,1037,1087,1087,1100,1227,998,1207,1000,1118,1227,1137,1087,1037,1118,1137,1000,1207,1118,998,1227,1037,998,998,998,1227,1000,998,1118,1037,998,1227,1100,1227,1227,1227
932,1124,1124,932,1134,932,1134,1124,932,1341,932,932,932,932,1134,932,932,932,932,1124,932,932,932,932,956,1341,932,932,932,932,1231,932,932,932,1134,932,932,932,1231,932,1134,1134,1124,932,932,1134,932,932,932,932
998,998,1227,998,998,1192,998,1227,998,1227,998,998,998,998,1104,1124,998,1227,998,1227,1192,1124,1227,1227,1124,1182,998,998,1124,998,998,998,1227,998,1227,1182,998,998,1227,998,998,1227,1188,998,1124,998,1182,998,1029,998
1134,1134,932,932,1124,932,932,1124,932,932,1124,932,932,932,932,1124,932,932,1134,1124,932,1124,1124,932,932,1134,1134,1124,932,1134,1134,932,1134,932,1124,932,932,932,1134,1124,1134,932,932,932,1134,932,1123,932,932,932
998,998,1124,998,998,1124,998,1227,998,1227,998,1124,998,998,1124,998,998,998,998,998,998,1124,998,1124,998,998,998,1124,1124,1124,998,998,1124,1124,1124,1227,1227,1124,998,998,998,998,998,1227,998,998,998,998,998,998
932,1124,1124,1124,1134,1105,1124,1105,1124,1124,1124,932,1124,1097,932,1124,1124,1124,932,1124,1124,932,1124,1124,932,932,1097,1092,932,1134,932,1134,1124,1105,1124,932,1092,1124,1124,1124,932,1097,932,1092,1134,932,932,1124,932,932
1124,998,998,998,1124,1124,998,1124,1124,998,1124,1124,1151,998,998,1124,1124,1124,998,1124,998,998,1124,957,998,1124,1124,1124,1127,1124,998,1124,1124,1124,1124,998,1124,957,1124,957,1151,998,1227,1124,1124,1124,998,1124,1124,1124
1124,1124,1124,1124,1134,1105,945,945,1124,900,1105,900,1124,1124,1124,1124,1124,900,1120,1124,900,932,900,1124,932,1124,1124,1124,1124,1124,1120,1124,900,1124,1120,1134,1124,1105,932,1124,1124,1124,1124,1120,1124,1105,1124,932,932,1124
998,1094,1124,1124,1124,1124,1124,1124,1124,1124,1124,1028,1055,1124,1124,1124,998,998,1055,1124,1124,1124,1028,1124,1124,1124,1055,1124,1124,1159,1124,1055,1028,1028,1124,1390,1124,1124,1124,1124,1055,1124,1124,1124,1124,1124,1124,1124,1094,1124
1124,1124,1576,1515,1124,1124,1124,1124,1124,1124,1124,1124,1124,1124,1124,1124,992,1124,1124,995,1124,1185,1124,995,1124,1124,1124,1124,1124,1124,1124,1124,1124,1124,1124,1124,995,1124,1124,1124,1124,995,1124,1124,995,1524,995,1124,1124,1124
1124,1124,1124,1124,1124,1124,1124,1124,1124,1124,1124,1124,982,1124,1124,982,1124,1124,1124,1124,982,1028,982,1124,1124,1124,1124,1124,1124,1124,1124,1028,1031,1101,1124,1028,1124,1031,1124,1124,1124,1124,1028,1124,1124,1124,1124,1124,1124,1028
1124,1124,1124,1124,1124,1124,1124,1124,1124,1124,1124,1124,1124,1124,1124,1124,1124,1124,1124,1124,1124,1124,1124,1124,1124,1124,1124,1124,1124,1124,1124,1124,1124,1124,1124,1124,1124,1124,1124,1124,1124,1124,1404,1124,1124,1124,1124,1124,1124,1124
1124,1037,1124,1124,1124,1124,1124,1124,1124,1124,1124,1124,1124,1124,1037,1124,1124,1124,1124,1037,1124,1124,1124,1124,1124,1124,1124,1124,1124,1124,1124,1124,1124,1124,1124,1124,1037,1124,1124,1124,1124,1124,1124,1124,1124,1124,1124,1124,1124,1124
1108,1124,1037,1071,1124,1124,1037,1037,1108,1124,1102,1071,1037,1037,1037,1124,1037,1124,1108,1124,1102,1124,1124,1124,1124,1124,1124,1124,1108,1071,1037,1124,1124,1124,1124,1037,1037,1037,1071,1124,1108,1071,1124,1102,1071,1102,1124,1124,1124,1124
984,1037,1037,972,1065,1037,1071,1124,1037,1037,1037,1037,1037,1085,1037,1124,1037,972,1037,972,1222,1108,1037,1037,1124,984,1037,1124,1037,1037,1037,1037,1124,1037,1037,1037,1037,1124,1108,1037,1037,1037,972,984,984,1037,1037,1037,1124,1108
1037,1037,1037,1037,1037,1037,1037,1037,1037,1124,980,1037,1037,1037,1037,1037,1037,1037,1108,980,1037,1037,1037,1037,1037,980,1037,1037,1037,1037,1037,1037,1037,1249,980,1037,1124,1037,1124,1037,1037,1037,1037,1037,1037,1037,980,1362,1070,1037
1037,1037,1037,1037,1037,1037,1037,1037,1037,1037,1037,1037,1037,1037,1037,1037,1037,1037,1037,1037,1037,1037,1037,1037,1037,1037,1037,1037,1005,1037,1037,1037,1037,1037,1005,1037,1037,1037,1037,1037,1037,1037,1037,1005,1037,1005,1037,1037,1037,1037
1037,1037,1037,1037,1037,1037,1037,1037,1037,1037,1037,1037,1037,1037,1037,1037,1037,1037,1037,1037,1037,1037,1037,1037,1037,880,1037,1037,1037,1037,1037,1037,1037,1037,880,1037,1037,1037,1037,1037,1037,1037,1037,1037,1037,1037,1037,1037,1037,1037
1037,1037,1033,1037,1037,989,1037,1033,1037,1037,1037,1032,1037,1037,1037,1037,1033,1037,1037,1037,1037,1033,989,1037,1037,1037,1037,1037,1037,1037,1037,1037,1037,1037,1037,1037,1037,1037,1037,1037,1037,1037,1037,1037,989,1032,1032,1037,1037,1032
1037,1037,1037,1037,1037,1037,1037,1037,1037,1037,1037,1037,1037,1037,1037,1037,1037,1037,1037,1037,1037,1037,1037,1037,1037,1037,1037,1037,1037,1037,1037,1037,1037,1037,1037,1037,1037,1037,1037,1037,1037,1037,1037,1037,1037,1037,1037,1037,1037,1037
1037,1037,908,1037,1037,1037,1035,924,1035,1037,1037,1037,924,1037,1035,1035,1037,1037,1037,1037,1037,1037,1037,1037,1037,1037,1037,1037,1035,1037,924,1037,1037,924,1037,1037,1037,1037,1037,1037,1037,1037,908,1037,1037,1037,1037,1037,1037,1035
1037,1037,1037,1037,1037,1037,1037,1037,1037,1037,1037,1037,1037,1037,1037,1037,1037,1037,1037,1037,1037,1037,1037,1037,1037,1037,1037,1037,1037,1037,957,957,1037,1037,1037,1037,1037,1037,1037,1037,1037,1037,1037,1037,1037,1037,1037,1037,1037,1037
1037,1037,1037,1037,1037,1037,1037,1037,1037,1037,1037,1037,1037,1037,1037,1037,1037,1037,1037,1037,1037,1037,1037,1037,1037,1037,927,1037,1037,1037,1037,1037,1037,1037,927,1037,1037,1037,1037,1037,1037,1037,927,1037,1037,1037,1037,1037,1037,1037
1037,1037,1037,1037,1037,1037,1037,994,1037,1037,994,1037,1037,1037,1037,1037,1037,1037,1037,1037,994,1037,1037,1037,994,1037,1037,1037,1037,1037,1037,1037,1037,1037,1037,1037,1037,1037,1037,1037,1037,1037,1037,1037,1037,1037,1037,1037,1037,1037
1037,1037,1037,1037,1037,1032,1037,1032,1037,1037,1037,1037,1037,1037,1037,1037,1037,1032,1037,1037,1037,1037,1037,1037,1037,1037,1037,1037,1037,1037,1037,1037,1032,1037,1037,1037,1037,1037,1037,1037,1037,1037,1037,1037,1037,1037,1037,1037,1037,1037
1037,1037,1037,1037,1037,1037,960,1011,1037,1037,1037,960,1037,1037,1011,1037,1037,1037,1037,1037,1011,1037,1011,1011,1037,1037,1037,960,1037,1037,1037,1037,1037,1037,1037,957,1037,1037,1037,1037,1037,1037,1037,1037,1011,1037,1037,1037,1037,960
1037,1037,1034,1037,1037,1037,1037,1037,1034,1034,1034,1037,968,1037,1034,968,1037,1037,1037,1037,1037,1034,1396,1037,1037,1037,1037,1037,1037,1034,1037,1037,1037,1037,1037,1037,968,1177,1037,1037,1037,1037,1037,1037,1037,1037,1037,1034,1037,1037
1037,1037,1037,1037,1037,1037,1037,1037,1037,1360,1037,1037,1037,1037,1037,1037,1037,1037,1037,1037,1037,1037,1037,1037,1027,1037,1037,1360,1037,1037,1360,1037,1037,1037,1027,1037,1037,1037,1037,1037,1037,1037,1037,1037,1037,1037,1037,1037,1037,1360
1037,1037,1037,1016,1037,1037,1016,1037,1034,1034,1037,1034,1037,1037,1037,1034,1037,1034,1037,1016,1037,1037,1016,1037,1034,1037,1037,1037,1037,1037,1034,1037,1037,1034,1037,1037,1037,1034,1037,1034,1037,1037,1034,1037,1034,1037,1037,1037,1034,1034
1037,1037,1037,1037,1037,1037,1037,930,1064,1037,1037,1037,1037,1037,1037,1037,1037,1037,1037,1037,1037,1037,1037,930,1037,1037,930,1037,1037,1037,1037,1037,1037,1037,1064,1037,1037,1037,1037,1037,930,1037,1037,1037,1037,1037,1037,1037,1037,1037
1037,1037,1012,995,1037,1037,1037,1037,1037,1037,1037,1037,1037,1037,1012,1037,1037,1037,1012,1037,1037,1037,1037,1037,1037,1037,1037,1037,1037,1037,1037,1037,1012,1012,1012,1037,1037,1037,1012,1037,1037,1037,1037,1037,1012,1037,1037,995,1037,1012
1037,1037,1037,1037,1037,1037,1037,1037,1037,1037,931,1037,1037,969,1037,1037,969,1037,1037,1037,1037,1037,1037,931,1037,1037,1037,1037,1037,1228,1037,1037,1037,1037,969,1037,1037,969,1037,969,931,1037,1037,1037,1037,1037,1037,1037,1037,1037
1037,983,912,983,1037,1037,1037,912,983,1037,983,1435,1037,1037,983,1037,1037,1037,1037,1037,983,1037,983,1037,1383,1037,912,1037,983,1037,912,1037,1037,1037,1037,1037,1037,1037,1037,1037,1037,1037,1037,1037,1037,912,1037,1037,1037,1037
1037,1037,1037,1037,1037,1037,1037,1037,1037,927,1037,1037,1037,1037,1037,1037,1037,927,1037,1037,1037,1037,1037,1037,1153,1037,1037,1037,1037,1037,1037,1037,1037,1037,1037,927,1037,1426,1037,1037,1037,1037,1037,1037,927,1505,1037,1037,1037,1037
1037,1037,1037,1037,1018,1037,1037,1037,1037,1018,1037,1037,1037,1037,1037,1037,1037,1037,1037,1037,1037,1037,1037,1037,1037,1037,1037,1037,1037,1037,1037,1037,1037,1037,1037,1037,1037,1037,1037,1037,1037,1037,1037,1037,1037,1037,1018,1037,1037,1037
1037,1037,1037,1037,1024,1037,1037,1037,1037,1037,1037,1037,1037,1037,1037,1037,1037,1037,1037,1037,1037,1037,1037,1037,1037,1037,1037,1024,1037,1037,1037,1037,1037,1037,1024,1037,1024,1037,1037,1037,1037,1037,1037,1037,1037,1037,1037,1037,1037,1037
1037,1037,1037,1037,1037,1037,1037,1037,1037,1037,1037,1037,1037,1037,1037,1037,1037,1037,1037,1037,1037,1037,1037,1037,1037,1037,1037,1037,1037,1037,1037,1037,1037,1037,1037,1037,1037,1037,1037,1037,1037,1037,1037,1037,1037,1037,1037,1037,1037,1037
1037,1037,1037,1037,1037,1037,1037,1037,1037,1037,1037,1037,1037,1037,1037,1037,1037,1037,1037,1037,1037,1037,1037,1037,1037,1037,1037,1037,1037,1037,1037,1037,1037,1037,1037,1037,1037,1037,1037,1037,1037,1037,1037,1037,1037,1037,1037,1037,1037,1037
1037,1037,1037,1037,1037,1037,1037,1037,1037,1037,1037,1037,1037,1018,1037,1037,1037,1037,1037,1037,1037,1018,1037,1037,1037,1037,1037,1018,1037,1037,1037,1037,1037,1037,1037,1037,1037,1037,1037,1037,1037,1037,1037,1037,1037,1037,1037,1018,1037,1037
1037,1037,1037,1037,1037,1037,1037,1037,1037,1037,1037,1037,1037,1037,1037,1037,1037,1353,1037,1037,1037,1037,1037,1037,1037,1037,1037,1037,1037,1037,1037,1037,1037,1037,1037,1037,1037,1037,1037,1037,1037,1037,1037,1037,1037,1037,1037,1037,1037,1037
1037,1037,1037,1037,1037,1037,1037,1037,1037,1037,1037,1037,1275,1037,1037,1037,1037,1037,1037,1037,1037,1037,1037,1037,1037,1037,1037,1037,1037,1037,1037,1037,1037,1037,1037,1037,1037,1037,1037,1037,1037,1037,1037,1037,1037,1037,1037,1037,1037,1037
1037,1037,1037,1037,1037,1037,1037,1037,1037,1037,1037,1037,1037,1037,1037,1037,1037,1037,1037,1037,1037,1037,1037,1037,1037,1037,1037,1037,1037,1037,1037,1037,1037,1037,1037,1037,1037,1037,1037,1037,1037,1037,1037,1037,1037,1037,1037,1037,1037,1037
1037,1037,1037,988,1037,1037,1037,1037,1037,1037,1037,1037,1037,988,1037,1037,1037,1037,1037,1037,1037,1037,1037,1037,1037,1037,1037,1037,1037,1037,1037,1037,1037,1037,1037,1037,1037,1037,1037,1037,1037,1037,1037,1037,1037,1037,988,1037,1037,1037
1037,1037,1037,1037,785,1037,1037,1037,1037,1037,1037,1037,1037,1037,1037,1037,1037,1037,1037,1037,1037,1037,1037,1037,1037,1037,1037,923,1037,785,1037,1037,1037,1037,1037,1037,1037,1037,1037,923,1037,1037,1037,1037,1037,923,1037,1037,1037,1037
1037,1037,1037,1037,1037,1037,1037,1037,1037,1037,1037,1037,1037,1037,1037,1037,1037,1037,1037,1037,1037,1037,1037,1037,1037,1037,1037,1037,1037,1153,1037,1037,1037,1037,1037,1037,1037,1037,1037,1037,1023,1037,1037,1037,1037,1037,1037,1037,1037,1037
1029,1037,1029,1030,1037,1037,1037,1037,1037,1037,1037,1037,1037,1029,1037,1030,1037,1037,1037,1037,1037,1037,1037,1028,1037,1028,1037,1037,1028,1030,1030,1037,1037,1037,1028,1037,1037,1037,1037,1037,1029,1037,1037,1028,1029,1037,1037,1037,1037,1037
1037,1037,1037,1037,1037,1037,1037,1037,1037,1037,1037,1037,1037,1037,1037,1037,1037,1037,1037,1037,1037,1037,1037,1037,1037,1037,1037,1037,1037,1037,1037,1037,1037,1037,977,1175,1037,1037,1037,1037,1037,1037,1037,977,1037,1037,1037,1037,1037,1037
1037,1037,1037,1021,1037,1037,1021,1037,1037,1037,1037,1037,1037,1037,1021,1037,1037,1037,1037,1037,1037,1037,1037,1021,1037,1037,1037,1037,1037,1037,1037,1037,1037,1037,1037,1037,1037,1037,1037,1037,1037,1037,1037,1021,1021,1037,1037,1037,1037,1037
1037,1037,1037,1037,1018,1037,1037,1037,848,1037,1037,1018,848,1037,1037,1037,1037,1037,1037,1037,1037,1037,848,1037,1037,1037,1018,1037,1037,1037,1037,1018,1037,1037,1018,1037,1037,1037,1037,1037,1037,1037,1037,1018,1037,1037,1037,1037,1037,1037
1037,1037,910,1037,915,910,1037,1037,1037,1037,1037,1037,1037,1037,1037,1037,1037,1037,1037,1037,1037,1037,1037,1037,1037,1037,1037,1037,1037,910,1037,1037,1037,1037,1037,915,1037,1037,1037,915,915,1037,1037,1037,1037,1037,1037,1037,1037,1037
1037,1037,1037,1037,1037,1037,1037,1037,1037,1037,1037,1037,1037,1037,1037,1037,1037,1037,1037,1037,1037,1037,1037,1037,1037,1037,1037,1037,1037,1037,1037,1037,1037,1037,1037,1037,1037,1037,1037,1037,1037,1037,1037,1037,1037,1037,1037,1037,1037,1037
1037,1037,1037,1037,1037,1037,1037,1037,1037,1037,1037,1037,1037,1037,1037,1037,1037,1037,1037,1037,1037,1037,1037,1037,1037,1037,1037,1037,1037,1037,1037,1037,1037,1037,1037,1037,1037,1037,1037,1037,1037,1037,1037,1037,1221,1037,1037,1037,1037,1037
1037,1037,1037,1037,1037,1037,1037,1037,1037,1037,1037,950,1037,1037,1037,1037,1037,950,1037,1037,1037,1037,1037,950,950,1037,1037,1037,1037,1037,1037,1037,1037,1037,1037,1037,1037,1037,1037,1037,1037,1037,1037,1037,1037,1037,1037,1037,1037,1037
1037,1037,1037,842,1037,1037,1037,1037,1037,999,1037,1037,1037,1037,1037,1037,1037,1037,1037,1037,1037,1037,1037,1037,1037,1037,1037,1037,1037,1037,1037,842,1037,1037,1037,1037,1037,1037,1037,999,1037,1037,1037,1037,1037,1037,1037,842,1037,1037
1037,1037,1037,881,1037,1037,1037,1037,1037,1037,1037,1037,1037,881,1037,1037,881,1037,1037,1037,1037,1037,1037,1037,1037,1037,1037,1037,1037,881,1037,1037,1037,1037,1037,1037,1037,1037,1037,1037,1037,1037,1037,1037,1037,1037,1037,1037,1037,1037
1037,1037,1037,1037,1037,1037,944,1037,1037,1037,1037,1037,1037,1037,1037,1037,1037,1037,944,944,1037,1037,1037,1037,1037,1037,1037,1037,1037,1037,944,1037,1037,1037,1037,1037,1037,1037,1037,1037,1037,1037,1037,1037,944,1037,944,1037,1037,1037
1037,1023,1037,1037,1037,1037,1037,1037,1037,1037,1037,1037,1037,1037,1037,1037,1037,1037,1037,1037,1037,1037,1023,1037,1037,1037,1037,1037,1037,1037,1037,1037,1037,1037,1037,1037,1037,1037,1037,1037,1037,1037,1037,1037,1037,1037,1037,1037,1037,1037
1037,1037,1037,1037,1037,934,1037,1009,934,1037,1037,1037,1037,1037,1037,1037,1037,1037,1037,1037,1037,1009,1037,1037,1037,953,934,1037,1037,1037,1348,1009,953,953,1037,1037,1037,1037,1037,1037,1037,953,1037,1037,1009,1037,1037,953,1037,953
1037,1037,866,1037,866,1037,1037,1029,915,1037,1037,1037,1037,1037,1037,1037,1037,1037,1037,1037,894,1037,1037,1037,1037,1037,1037,1037,1037,1037,1037,1037,894,866,866,866,1037,1037,1037,1037,1037,1037,1037,1029,894,1037,1037,1037,915,1037
1037,1037,1037,1037,1037,1037,1037,1037,1037,1037,1037,1037,1037,1037,1037,1037,1037,1037,1037,954,1037,1037,1037,1037,1037,1037,1037,954,1037,1037,1037,1037,1037,1037,1037,1037,1037,1037,1037,1037,1037,1158,1037,1037,1037,1037,1037,1037,1037,1037
1037,1037,1037,1037,1037,1037,1037,1017,1037,1037,1037,1037,1037,1037,1037,1037,1037,1037,1037,1037,1037,1037,1037,1037,1037,1037,1037,1037,1037,1037,1037,1037,1037,1037,1037,1037,1037,1037,1037,1037,1037,1037,1037,1037,1037,1017,1037,1037,1017,1037
1037,1037,1037,1037,1037,1037,1037,1037,1037,1037,1037,1037,1037,1037,1037,1037,1037,1037,1037,1097,1037,1037,1037,1037,1037,1037,1037,1037,1037,1037,1037,1037,1037,1037,1037,1037,1037,1037,1037,1037,1037,1037,1037,1037,1037,1037,1037,1037,1037,1037
1037,1037,1037,1037,1037,1037,1037,1037,1037,1037,1037,1037,1037,1037,1037,1037,1037,1037,1037,1037,1037,1037,1037,1037,1037,1037,1037,1037,1037,1037,1037,1037,1037,1037,1037,1037,1037,1037,1037,1037,1037,1037,1037,1037,1037,1037,1037,1037,1037,1037
1037,1037,1037,1037,1037,1003,1037,1037,1037,1037,1124,1003,1037,1037,1037,1037,1037,1037,1037,1037,1037,1037,1037,1037,1037,1037,1037,1037,1037,1037,1037,1037,1037,1037,1037,1037,1037,1037,1003,1037,1037,1037,1037,1037,1037,1003,1037,1104,1037,1037
1037,990,1037,1037,1037,990,1037,1037,1037,1037,1037,1037,1037,1037,1037,1037,1037,1037,1037,1037,1037,1037,1037,1037,1037,990,1217,1037,1037,1037,1037,1037,1037,1037,1037,1037,1037,1037,1037,1037,1037,1037,1037,1037,1037,1037,1037,1037,1037,1037
1037,1037,1037,1037,1037,1037,1037,1037,1037,1037,1037,1037,1037,1037,1037,1037,1037,1037,1037,1037,1037,1037,1037,1037,1037,1037,1037,1037,1037,1037,1037,1037,1037,1037,1037,1037,1037,1037,1037,1037,1037,1037,1037,1037,1037,1037,1037,1037,1037,1037
1037,1037,1037,1037,1037,1037,1037,1037,1037,1037,1037,1037,1037,1037,1037,1037,1037,1037,1029,1029,1037,1037,1404,1037,1037,1037,1037,1037,1029,1037,1037,1037,1037,1037,1037,1037,1037,1037,1037,1037,1037,1037,1037,1029,1037,1037,1037,1037,1037,1037
1037,1037,884,1037,1037,1037,1037,1037,1037,1037,1037,1037,884,884,1037,1037,1037,1037,1059,1037,1037,1037,1037,1037,884,1037,1037,1037,1037,1037,1037,1037,1037,1037,1037,1037,1037,1037,1037,1037,1037,1037,1037,1037,1037,1037,1037,1037,1037,1037
1037,1037,1037,1037,1037,1034,1037,1037,1034,1037,1037,1037,1037,1037,910,1037,910,1037,1037,1037,1037,1037,1037,1037,1037,1037,1037,1034,1037,1037,1037,1037,1037,1037,1037,1037,1037,1037,1037,1037,1037,1037,1034,1037,1037,1037,1037,1037,1037,1037
1037,1037,972,1037,1037,1037,1037,1037,1037,972,1037,1037,972,1037,1037,1037,1037,1037,1037,1037,1037,1037,1037,1037,1037,1037,1037,1037,972,1037,1037,1037,1037,1037,1037,1233,1037,1037,972,1037,1037,1037,1037,1037,1037,972,1037,972,1037,1037
1037,1037,1037,1037,1037,1037,1037,1037,1037,1037,1037,1037,1037,1037,1037,1037,1037,1037,1037,1037,1037,1037,1037,1037,1037,1037,1037,1037,1102,1037,1037,1037,1037,1037,1037,1037,1037,1037,1037,1037,1037,1350,1037,1037,1037,1037,1037,1037,1037,1037
972,1037,1037,1037,1037,1037,1037,1037,1037,1037,1037,1037,1006,1037,1006,1037,1037,1037,1037,1037,1037,1037,1037,1037,1037,1037,1037,1037,1208,1037,1037,1037,1037,1037,877,1037,1037,1037,972,1037,1037,1037,1037,1037,1037,1037,1037,1037,1037,1037
990,1037,1037,1037,1037,1037,1037,1037,1037,1037,1037,1037,1037,1037,1037,1037,1037,1037,1037,1037,1037,1037,1037,1037,1037,1037,990,1037,1037,1037,1037,1037,1037,990,1037,1037,1037,1037,1037,1037,1037,1037,1037,1037,1037,1037,990,1037,1037,1037
1014,990,1037,1037,990,1037,1037,1037,990,1037,1037,990,1037,990,1037,990,1037,990,1037,1037,1037,990,990,1037,1037,990,1037,1037,990,1037,1014,1037,1037,990,1037,1037,990,990,1014,1037,1037,990,990,1037,1037,990,1014,1037,1037,1014
990,990,1037,990,990,990,907,990,990,990,990,990,990,990,990,990,1037,990,1037,990,1037,990,990,907,1037,990,990,990,1037,990,907,990,990,1037,990,990,990,1037,990,990,907,990,990,990,990,1037,990,907,990,990
990,990,990,990,990,990,990,990,990,990,990,990,990,990,990,990,990,990,990,990,990,990,990,990,990,990,1037,990,990,990,990,990,990,990,990,1514,990,990,990,990,990,990,990,990,990,990,990,990,990,990
990,990,990,990,990,990,990,990,990,990,990,990,990,990,990,990,990,990,990,990,990,990,990,990,990,990,990,1370,990,990,990,990,990,990,990,990,990,990,990,990,990,990,990,990,990,990,990,990,990,990
990,990,990,990,990,990,990,990,990,990,990,990,990,990,990,990,990,990,990,990,990,990,990,990,990,990,990,990,990,1280,990,990,990,990,990,990,990,990,990,990,990,990,990,990,990,990,990,990,990,990
990,990,990,990,990,990,990,990,990,990,990,990,990,990,990,990,990,990,990,990,990,990,990,990,990,990,990,990,990,990,990,990,990,990,990,990,990,990,990,990,990,990,990,990,990,990,990,990,990,990
990,990,990,990,990,990,859,990,990,990,990,990,990,859,990,990,990,990,990,990,990,859,990,990,990,990,990,859,990,990,990,990,990,990,990,990,990,990,990,990,990,990,990,990,990,990,990,990,990,990
990,990,990,990,990,990,990,990,990,990,990,990,990,990,990,990,990,990,990,990,990,990,997,990,990,990,990,990,990,990,990,990,990,990,990,990,990,990,990,990,990,990,990,990,990,990,990,990,990,990
990,990,990,990,990,990,990,990,990,990,990,990,990,990,990,990,990,990,990,990,990,990,990,990,990,990,990,990,990,990,990,990,990,990,990,990,990,990,990,990,990,990,990,990,990,990,990,990,990,990
990,990,990,990,990,990,990,990,990,990,990,990,990,990,990,990,990,990,990,990,990,990,990,990,990,990,990,990,990,990,990,990,990,990,990,990,990,990,990,990,990,990,990,990,990,990,990,990,990,990
990,990,990,990,990,990,990,990,990,990,990,990,990,990,990,990,990,990,990,990,990,990,990,990,990,990,990,990,990,990,990,990,990,990,990,990,990,990,990,990,990,990,990,990,990,990,990,990,990,990
990,990,990,990,990,990,990,990,990,990,990,990,990,990,990,990,990,990,990,990,990,990,990,990,990,990,990,990,990,990,990,990,990,990,990,990,990,990,990,990,990,990,990,990,990,990,990,990,990,990
990,990,990,990,990,990,990,977,977,990,990,990,990,990,990,990,990,990,990,990,990,990,977,990,990,990,990,990,990,990,990,990,990,990,990,990,990,990,977,990,990,990,990,990,990,990,990,977,990,990
990,990,990,990,990,990,990,990,990,990,990,990,990,990,990,990,990,990,990,990,990,990,990,990,990,990,990,990,990,990,990,990,990,990,990,990,990,990,990,990,990,990,990,990,990,990,990,990,990,990
990,990,990,990,990,990,954,990,990,990,990,990,990,990,990,990,990,990,990,990,990,990,990,990,990,990,990,990,990,990,990,954,990,990,990,990,990,990,954,990,990,990,990,923,923,990,990,990,923,990
990,990,990,990,990,990,990,990,990,990,990,990,912,990,990,990,990,990,990,990,912,990,990,990,990,990,912,990,990,990,990,990,990,990,990,990,990,990,1324,990,990,990,990,990,990,990,990,990,990,990
990,990,990,990,990,990,980,990,990,990,990,990,990,990,990,990,990,990,990,990,990,990,990,990,990,990,961,990,990,990,990,990,990,990,990,990,1048,990,990,990,990,990,990,990,990,990,980,990,990,990
990,990,990,990,990,990,990,990,960,990,990,990,990,990,990,990,990,990,990,990,990,990,990,990,960,990,990,990,960,990,990,990,960,990,960,990,990,960,990,990,990,960,990,990,990,990,990,990,990,990
990,990,990,990,990,990,990,990,990,990,990,990,990,990,990,990,1093,990,990,990,990,990,990,931,990,990,990,990,990,990,990,990,990,990,990,990,990,990,990,990,990,990,990,990,990,990,990,990,990,990
975,990,990,990,990,990,990,990,990,990,990,990,990,990,990,990,990,990,990,990,990,990,990,990,990,990,990,975,990,990,990,990,990,990,990,990,990,990,990,990,990,990,990,990,990,990,990,990,990,990
990,990,990,990,990,990,990,990,990,990,990,990,990,990,990,990,990,990,990,990,990,990,990,990,990,990,990,990,990,990,990,990,990,990,990,990,990,990,990,990,990,990,990,990,990,990,990,990,990,990
990,990,990,990,990,990,990,990,990,990,963,990,990,990,990,990,990,990,990,990,990,990,990,990,990,990,990,990,990,990,990,990,990,963,990,990,990,990,990,990,990,990,990,990,990,990,990,990,990,990
990,990,990,990,990,990,990,990,990,990,990,990,990,990,990,990,990,843,990,990,990,990,990,990,990,990,990,990,990,990,990,990,990,990,990,990,990,843,990,990,990,990,990,843,990,990,990,990,990,990
990,990,990,990,990,990,990,990,990,990,990,990,990,990,990,990,990,990,990,990,990,990,990,990,990,990,990,990,990,990,990,990,990,990,990,990,990,990,990,990,990,990,990,990,990,990,990,990,990,990
990,990,990,990,990,990,990,990,990,990,990,990,990,990,990,990,990,990,990,990,990,990,990,990,990,990,990,990,990,990,990,990,990,990,990,990,990,990,990,990,990,990,990,990,990,990,990,990,990,990
990,990,990,990,990,990,990,990,990,990,990,990,990,990,990,990,990,990,990,990,990,990,990,990,990,990,990,990,990,990,990,990,990,990,990,990,990,990,990,990,990,990,990,990,990,990,990,990,990,990
990,990,990,990,990,990,990,990,1269,990,990,990,990,990,990,990,990,990,990,990,990,990,990,990,990,990,990,990,990,990,990,990,990,990,990,990,990,990,990,990,990,990,990,990,990,990,990,990,990,990
990,990,990,990,990,990,990,990,990,990,990,990,990,990,990,990,990,990,990,990,990,990,990,990,990,990,990,990,990,990,990,990,990,990,990,990,990,990,990,990,990,990,990,990,990,990,990,990,990,990
990,990,990,990,990,990,990,990,990,990,990,990,990,990,990,990,990,990,990,990,990,990,990,990,990,990,990,990,990,990,990,990,990,990,990,990,990,990,990,990,990,990,990,990,990,990,990,990,990,990
990,990,990,990,990,990,990,1239,990,990,990,990,990,990,990,990,990,990,990,990,990,990,990,990,990,990,990,990,990,990,990,990,990,990,990,990,990,990,990,990,990,990,990,990,990,990,990,990,990,990
990,990,990,935,935,990,990,990,990,990,935,990,990,990,990,990,990,990,990,990,935,1387,990,990,990,990,990,990,990,990,990,990,990,990,990,990,935,990,990,990,990,935,990,935,990,990,990,990,990,990
990,990,990,990,990,990,990,990,990,990,990,990,990,990,990,990,990,990,990,990,990,990,990,990,990,990,990,990,990,990,990,990,990,990,990,990,990,990,990,990,990,990,990,990,990,990,990,990,1282,990
990,990,990,990,990,990,990,990,990,990,990,990,990,990,990,990,990,990,990,990,990,990,990,990,990,990,990,990,990,990,990,990,990,990,990,990,990,990,990,990,990,990,990,990,990,990,990,990,990,990
990,990,990,990,990,990,990,990,990,990,990,990,990,990,990,990,990,990,990,990,990,990,990,990,990,990,990,990,990,990,990,990,990,990,990,990,990,990,990,990,990,990,990,990,990,990,990,990,990,990
990,990,990,990,990,990,990,990,990,990,990,990,990,990,990,990,990,990,990,990,990,990,990,990,990,990,990,990,990,990,990,990,1025,990,990,990,990,990,990,990,990,990,990,990,990,990,990,990,990,990
921,990,990,990,990,990,990,990,990,990,990,990,921,1308,990,990,990,990,990,921,990,990,990,990,990,990,990,921,990,990,990,990,990,990,990,990,990,990,990,990,921,990,990,990,990,990,990,990,990,990
990,990,990,990,990,990,990,990,990,990,990,990,990,990,990,990,990,990,990,990,990,990,990,990,990,990,990,990,990,990,990,990,990,990,990,990,990,990,990,990,990,990,990,990,990,990,990,990,990,990
990,990,990,990,990,990,990,990,990,990,990,990,990,990,990,990,990,990,990,990,990,990,990,990,990,990,990,990,990,990,990,990,990,990,990,1296,990,990,990,990,990,990,990,990,990,990,990,990,990,990
990,990,990,990,990,990,990,990,990,990,990,990,990,990,990,990,990,990,990,990,990,990,990,990,990,990,990,990,990,990,990,990,990,990,990,990,990,990,990,990,990,990,990,990,990,990,990,990,990,990
990,990,990,990,990,990,990,990,990,990,990,990,990,990,990,990,990,990,990,1336,990,990,990,990,990,990,990,990,990,990,990,990,990,990,990,990,990,990,990,990,990,990,990,990,990,990,990,990,990,990
990,990,990,990,990,990,990,990,990,990,990,990,990,990,990,990,990,990,990,990,990,990,990,990,990,990,990,990,990,990,990,990,990,990,990,990,990,990,990,990,990,990,990,990,990,990,990,990,990,990
990,990,990,990,990,990,990,990,990,990,990,990,990,990,990,990,990,990,990,990,990,990,990,990,990,990,990,990,990,990,990,990,990,990,990,990,990,990,990,990,990,990,990,990,990,990,990,990,990,990
990,990,990,990,990,990,990,990,990,990,990,990,990,990,990,990,990,990,990,990,990,990,990,990,990,990,990,990,990,990,990,990,990,990,990,990,990,990,990,990,990,990,990,990,990,990,990,990,990,990
990,990,990,990,990,990,990,990,990,990,990,990,990,990,990,990,990,990,990,990,990,990,990,990,990,990,990,990,990,990,990,990,990,990,990,990,990,990,990,990,990,990,990,990,990,990,990,990,990,990
990,990,990,990,990,990,990,990,1355,990,990,990,990,990,990,990,990,990,990,990,990,990,990,990,990,990,990,990,990,990,990,990,990,990,990,990,990,990,990,990,990,990,990,990,990,990,990,990,990,990
990,990,990,990,990,990,990,990,990,990,990,990,990,990,990,990,990,990,990,990,990,990,990,990,990,990,990,990,990,990,990,990,990,990,990,990,990,990,990,990,990,990,990,990,990,990,990,990,990,990
990,990,990,990,990,990,990,916,990,990,990,990,990,990,990,990,990,990,990,990,990,990,990,990,916,990,916,990,990,916,990,990,990,990,990,990,990,990,990,990,990,990,990,916,990,916,990,990,990,990
990,990,990,990,990,990,990,990,990,990,990,990,990,990,990,990,990,990,990,990,990,990,990,990,990,990,990,990,990,990,990,990,990,990,990,990,990,990,990,990,990,990,990,990,990,990,990,990,990,990
990,990,990,990,990,990,990,990,990,990,990,990,990,990,990,990,990,990,990,990,990,990,990,990,990,990,990,990,990,990,990,990,990,990,990,990,990,990,990,990,990,990,990,990,990,990,990,990,990,990
990,990,990,990,990,990,990,990,990,990,990,990,990,990,990,990,990,990,990,990,990,990,990,990,990,990,990,990,990,990,990,990,990,990,990,990,990,990,990,990,990,990,990,990,990,990,990,990,990,990
990,990,990,990,990,990,990,990,990,990,990,990,990,990,990,990,990,990,990,990,990,990,990,990,990,990,990,990,990,990,990,990,990,990,990,990,990,990,990,990,990,990,990,990,990,990,990,990,990,990
990,990,990,990,990,990,990,990,990,990,990,990,990,990,990,990,990,990,990,990,990,990,990,990,990,990,990,990,990,990,990,990,990,990,990,990,990,990,990,990,990,990,990,990,990,990,990,990,990,990
990,990,990,990,990,1050,990,990,990,990,990,990,990,990,990,990,990,990,990,990,990,990,990,990,990,990,990,990,990,990,990,990,990,990,990,990,990,990,990,990,990,990,990,990,990,990,990,990,990,990
990,990,990,990,990,990,731,990,990,990,990,990,990,990,990,990,990,990,990,990,990,990,990,990,990,731,990,990,990,990,990,990,990,990,990,990,990,990,990,990,731,990,990,990,990,990,990,990,990,990
990,990,990,990,990,990,990,990,990,990,990,990,990,990,990,990,990,990,990,990,990,990,990,990,990,990,990,990,990,990,990,990,990,990,990,990,990,990,990,990,990,990,990,990,990,990,990,990,990,990
990,990,990,990,990,990,990,990,990,990,990,990,990,990,990,990,990,990,990,990,990,990,990,990,990,990,990,990,990,990,990,990,990,990,990,990,990,990,990,990,990,990,990,990,990,990,990,990,990,990
990,990,990,990,990,990,990,990,990,990,990,990,990,921,990,990,990,990,990,990,990,990,990,990,990,990,990,990,990,990,990,990,990,990,990,990,990,990,990,990,990,990,990,990,990,990,990,990,990,990
990,990,990,990,990,990,990,990,990,990,990,990,990,990,990,990,990,990,990,990,990,990,990,990,990,990,990,990,990,990,990,990,990,990,990,990,990,990,990,990,990,990,990,990,990,990,990,990,990,990
990,990,990,990,990,978,990,990,990,990,990,990,990,990,990,990,990,978,990,990,990,990,978,990,990,990,990,978,990,990,990,990,990,990,990,990,990,990,990,990,990,990,990,978,990,990,990,990,990,990
990,990,990,990,990,990,990,990,990,990,990,990,1209,990,990,990,990,990,990,990,990,990,990,990,990,990,990,990,990,990,990,990,990,990,990,990,990,990,990,990,990,990,990,990,990,990,990,990,990,990
990,990,990,990,990,990,990,990,990,990,990,990,990,990,990,990,990,990,990,990,990,990,990,990,990,990,990,990,990,990,990,990,990,990,990,990,990,990,990,990,990,990,990,990,990,990,990,990,990,990
990,990,990,990,990,990,990,990,990,990,990,990,990,990,990,990,990,990,990,990,990,990,990,990,990,990,990,990,990,990,990,990,990,990,990,990,990,990,990,990,990,990,990,990,990,990,990,990,990,990
990,990,990,990,990,990,990,990,990,990,990,990,990,990,990,990,990,990,990,990,990,990,990,990,990,990,990,990,990,990,990,990,990,990,990,990,990,990,990,990,990,990,990,990,990,990,990,990,990,990
990,990,990,990,990,990,990,983,990,979,990,990,990,990,990,990,990,990,990,979,990,990,990,983,990,990,990,990,979,979,990,990,990,990,990,990,990,990,990,990,990,990,990,990,990,990,979,990,990,990
990,990,990,990,990,990,990,990,944,990,990,990,990,990,990,990,990,990,990,990,990,990,990,990,990,944,990,990,990,990,990,990,990,990,990,990,990,990,990,990,990,990,990,990,990,990,990,990,990,990
975,990,990,990,990,990,990,990,990,990,990,990,990,990,975,990,990,990,990,990,990,975,990,990,990,990,990,990,990,990,990,990,990,990,990,990,975,990,990,990,990,990,990,990,990,990,990,975,990,990
990,990,990,990,990,990,990,990,990,990,990,990,990,990,990,990,990,990,990,990,990,990,990,990,990,990,990,990,990,990,990,990,990,990,990,990,990,990,990,990,990,990,990,990,990,990,990,990,990,990
990,990,990,990,990,990,990,990,990,990,990,990,990,990,990,990,990,990,990,990,990,990,990,990,990,990,990,990,990,990,990,990,990,990,990,990,990,990,990,990,990,990,990,990,990,990,990,990,990,990
990,990,990,990,990,990,990,990,990,990,990,990,990,990,990,990,990,990,990,990,990,990,990,990,990,990,1145,990,990,990,1214,990,990,990,990,990,990,990,990,990,990,990,990,990,990,990,990,990,990,990
990,990,990,990,990,990,990,990,990,990,990,990,990,990,990,990,990,990,990,990,990,990,990,990,990,990,990,990,990,990,990,990,990,990,990,990,990,990,990,990,990,990,990,990,990,990,990,990,990,990
990,990,990,990,990,990,990,990,990,990,990,990,990,990,990,990,990,990,990,990,990,990,990,990,990,990,990,990,990,990,990,990,990,990,990,990,990,990,990,990,990,990,990,990,990,990,990,990,990,990
990,990,990,990,990,990,990,990,990,990,990,971,990,990,990,971,990,990,971,990,990,990,990,990,990,990,990,990,990,990,990,990,990,990,990,971,990,990,971,990,990,990,990,990,990,990,990,990,990,990
990,990,990,990,966,990,990,990,990,990,990,990,990,990,990,990,990,990,990,990,990,990,990,990,990,990,990,966,990,990,990,990,990,990,966,990,990,990,990,990,990,990,990,990,966,990,990,990,990,990
990,990,990,990,990,990,990,990,990,990,990,990,990,990,990,990,990,990,990,990,990,990,990,990,990,990,990,990,990,990,990,990,990,990,990,990,990,990,990,990,990,990,990,990,990,990,990,990,990,990
990,990,990,990,990,990,990,990,990,990,990,990,990,990,990,990,990,990,977,990,990,977,990,990,990,990,990,1068,990,990,990,990,990,990,990,990,990,990,990,990,990,990,990,990,990,990,990,990,977,990
990,979,990,990,990,990,924,990,990,990,990,990,990,990,990,990,990,990,990,990,990,924,990,990,990,990,990,990,924,924,990,990,990,990,979,990,990,990,990,990,990,990,990,990,990,990,990,990,924,924
990,990,990,990,990,990,907,990,990,990,907,990,990,957,990,990,990,990,990,990,990,990,990,990,990,990,990,990,990,990,990,990,990,907,990,907,990,990,990,957,957,990,990,990,990,990,990,990,990,990
990,990,990,990,990,990,990,990,990,990,990,990,990,990,990,990,990,990,990,990,990,990,990,990,990,990,936,990,990,990,990,990,990,990,990,990,990,990,990,990,990,990,990,990,990,990,990,990,990,990
990,990,990,990,990,990,990,990,990,990,990,990,990,990,990,990,990,990,990,990,990,990,990,990,990,990,990,990,990,990,990,990,990,990,990,990,990,990,990,990,990,990,990,990,990,990,990,990,990,990
919,990,990,990,990,990,990,990,919,990,990,990,990,990,919,919,990,969,990,990,990,969,990,990,990,990,990,990,990,969,990,990,990,990,990,990,919,990,990,990,990,969,990,990,990,990,990,990,990,990
990,990,990,990,990,990,990,990,990,990,990,990,990,990,990,990,990,990,1573,990,990,990,990,990,990,990,990,990,990,990,990,990,990,990,990,990,990,990,990,990,990,990,1202,990,990,990,990,990,990,990
990,990,990,990,990,990,990,990,990,990,990,990,990,990,990,990,990,990,990,990,990,990,990,990,990,990,990,990,990,990,990,990,990,990,990,990,990,990,990,990,990,990,990,990,990,990,990,990,990,990
990,990,990,936,990,990,990,990,990,916,990,990,990,990,990,990,916,990,990,990,990,990,916,990,990,990,990,916,990,990,990,936,990,990,990,990,990,990,990,990,936,990,990,990,990,990,990,936,916,990
990,990,990,990,990,990,990,990,990,990,990,990,990,990,990,990,990,990,990,990,990,990,990,990,990,990,990,990,990,990,990,990,990,990,990,990,990,990,990,990,990,990,990,990,990,990,990,990,990,990
990,990,990,990,990,990,990,990,990,990,990,990,990,990,990,990,1506,990,990,990,990,990,990,990,990,990,990,990,990,990,990,990,990,990,990,990,990,990,990,990,990,990,990,990,990,990,990,990,990,990
990,990,990,990,914,990,990,914,990,990,990,990,990,990,990,990,990,990,990,990,990,990,914,1454,990,990,990,990,990,990,990,990,990,990,990,990,990,990,990,990,990,990,990,990,990,990,990,990,990,990
