2529,2698,2698,2698,2698,2529,2541,2368,2258,2407,2698,2698,2505,2368,2022,2698,2258,2449,2258,2529,2698,2593,2258,2698,2368,2541,2698,2620,2258,2593,2698,2698,2698,2449,2620,2698,2258,2698,2407,2449,2698,2449,2698,2368,2593,2449,2698,2258,2258,2698
2104,2325,2301,2282,2380,2380,2380,2104,2325,2310,2473,2282,2323,2325,2365,2380,2250,2104,2365,2380,2473,2087,2301,2403,2450,2282,2500,2301,2301,2310,2380,2500,2395,2087,2325,2301,2401,2301,2104,2450,2250,2325,2087,2450,2282,2395,2325,2460,2450,2380
2302,1912,2269,2022,2258,2090,2383,1912,2020,1992,1912,1992,2337,2258,2145,2020,2145,1912,2269,2258,2145,2090,2219,2145,2258,2215,2020,2169,2020,2219,1992,2258,2228,2169,2145,2145,2145,2090,1912,2258,2269,2132,2022,2219,2228,2020,2020,2269,2020,2219
1885,2087,1943,2087,1843,2087,2095,2087,2087,2065,2208,1885,2069,1943,2087,1979,2104,2087,2104,1885,2200,2104,2200,1999,2087,2087,2087,2087,2087,2087,2203,2065,2065,2069,2087,2069,2087,1999,2065,2087,2087,2087,2087,2097,1979,1999,2095,1843,1843,2087
1874,2020,1912,1840,1874,1874,2081,1930,1930,1874,1840,2054,2047,2054,2145,2081,1874,1929,1874,1930,1840,1912,1874,1874,1874,1874,2132,1874,2145,2041,1874,2041,2020,2145,1840,1912,1874,1874,2081,1874,2054,1930,1874,2145,1840,1912,1930,2054,1929,1929
1943,1885,1843,1878,1885,1776,1843,1843,1878,1878,1843,1723,1903,1885,1776,1843,1885,1843,1903,1843,1723,1885,1843,1903,1843,1776,1843,1885,1843,1943,1885,1885,1885,1885,1885,1885,1843,1878,1885,1776,1843,1885,1943,1903,1885,1776,1885,1885,1943,1885
1806,1811,1874,1874,1874,1840,1840,1905,1806,1874,1806,1806,1782,1874,1869,1840,1874,1782,1806,1874,1811,1869,1840,1840,1806,1806,1840,1874,1874,1840,1874,1869,1874,1874,1811,1874,1811,1782,1874,1806,1806,1874,1811,1905,1874,1874,1782,1811,1806,1806
1712,1883,1723,1723,1723,1878,1723,1885,1885,1883,1723,1723,1723,1723,1878,1723,1885,1723,1885,1723,1723,1885,1723,1723,1723,1723,1885,1878,1723,1723,1776,1723,1712,1723,1712,1723,1796,1885,1885,1723,1723,1878,1776,1723,1723,1878,1723,1723,1723,1878
1806,1806,1716,1770,1806,1719,1806,1806,1806,1806,1806,1806,1800,1629,1806,1806,1806,1806,1806,1629,1806,1806,1806,1806,1629,1806,1806,1806,1719,1806,1811,1719,1806,1806,1806,1806,1629,1806,1806,1806,1770,1806,1629,1806,1806,1800,1806,1806,1716,1806
1543,1723,1723,1723,1723,1723,1723,1723,1543,1723,1723,1723,1723,1723,1723,1723,1723,1723,1723,1723,1723,1723,1723,1617,1723,1723,1723,1723,1723,1723,1723,1543,1723,1723,1723,1723,1723,1723,1723,1723,1723,1723,1723,1723,1617,1723,1723,1723,1723,1723
1599,1727,1806,1806,1806,1806,1806,1806,1633,1806,1726,1806,1806,1644,1726,1726,1806,1633,1682,1806,1806,1806,1806,1748,1682,1748,1806,1806,1768,1599,1806,1806,1806,1806,1726,1806,1806,1806,1806,1644,1644,1633,1682,1682,1806,1644,1806,1806,1682,1806
1723,1617,1617,1713,1715,1723,1715,1723,1713,1723,1715,1713,1617,1710,1723,1710,1710,1723,1617,1713,1715,1617,1617,1723,1617,1713,1617,1617,1713,1617,1710,1723,1715,1660,1710,1723,1715,1617,1723,1742,1617,1713,1715,1617,1723,1617,1617,1715,1713,1723
1682,1599,1644,1633,1644,1644,1599,1644,1599,1644,1599,1644,1806,1599,1599,1644,1891,1633,1599,1599,1599,1644,1599,1599,1599,1599,1682,1599,1644,1599,1599,1599,1644,1682,1644,1599,1599,1599,1946,1599,1638,1682,1599,1599,1633,1599,1633,1644,1633,1599
1617,1713,1710,1710,1617,1710,1713,1713,1617,1710,1710,1713,1713,1710,1713,1713,1710,1713,1713,1710,1617,1617,1713,1713,1617,1713,1617,1617,1713,1710,1617,1713,1617,1713,1713,1713,1713,1713,1713,1713,1713,1713,1713,1710,1713,1710,1710,1617,1617,1713
1599,1633,1599,1599,1599,1599,1599,1599,1599,1599,1599,1904,1599,1599,1599,1599,1599,1599,1599,1599,1599,1599,1599,1599,1599,1599,1599,1599,1599,1599,1599,1599,1599,1599,1633,1599,1599,1599,1599,1599,1599,1599,1599,1599,1599,1599,1599,1599,1599,1599
1713,1713,1713,1713,1713,1634,1710,1713,1713,1710,1713,1713,1710,1713,1713,1713,1713,1710,1710,1713,1713,1713,1713,1713,1713,1710,1634,1713,1713,1713,1713,1634,1713,1713,1713,1710,1713,1713,1710,1710,1713,1713,1710,1713,1713,1713,1713,1713,1710,1713
1599,1599,1599,1599,1599,1599,1599,1599,1599,1599,1599,1599,1599,1599,1599,1599,1633,1689,1599,1599,1599,1599,1599,1599,1599,1599,1599,1599,1599,1373,1599,1599,1599,1599,1599,1599,1599,1599,1599,1599,1599,1373,1599,1599,1599,1599,1599,1599,1599,1599
1713,1713,1713,1713,1713,1710,1713,1713,1713,1713,1713,1713,1713,1713,1713,1713,1713,1713,1713,1713,1713,1713,1713,1713,1713,1713,1713,1713,1713,1713,1713,1710,1713,1713,1713,1713,1713,1713,1713,1713,1710,1713,1713,1713,1713,1713,1713,1713,1710,1713
1599,1599,1599,1599,1599,1599,1599,1599,1599,1599,1599,1599,1599,1599,1599,1599,1599,1599,1599,1599,1599,1599,1599,1599,1599,1599,1599,1599,1599,1599,1599,1599,1599,1599,1599,1599,1599,1599,1599,1599,1613,1599,1599,1599,1599,1599,1599,1599,1599,1599
1713,1713,1713,1686,1580,1713,1686,1639,1686,1713,1713,1713,1713,1689,1713,1713,1580,1713,1713,1580,1493,1713,1713,1713,1493,1686,1713,1713,1713,1580,1713,1580,1713,1713,1713,1713,1580,1713,1713,1713,1713,1689,1713,1713,1493,1713,1713,1713,1713,1713
1599,1599,1599,1599,1599,1599,1599,1599,1599,1875,1599,1599,1599,1599,1911,1599,1599,1599,1599,1599,1599,1599,1599,1599,1599,1599,1599,1599,1599,1599,1599,1599,1599,1599,1599,1599,1599,1599,1599,1599,1599,1599,1599,1599,1599,1599,1599,1599,1599,1599
1713,1713,1713,1713,1713,1713,1713,1713,1713,1713,1713,1686,1713,1713,1713,1713,1713,1713,1713,1713,1704,1713,1686,1713,1713,1713,1713,1713,1713,1713,1713,1654,1713,1713,1686,1713,1713,1713,1713,1713,1713,1713,1704,1686,1713,1713,1713,1713,1713,1713
1599,1599,1599,1599,1599,1599,1599,1599,1599,1599,1599,1599,1599,1599,1599,1599,1599,1599,1599,1599,1599,1599,1599,1599,1599,1599,1599,1599,1599,1599,1599,1599,1599,1599,1599,1599,1599,1599,1599,1599,1599,1599,1599,1599,1599,1599,1599,1599,1599,1599
1713,1713,1713,1590,1713,1535,1713,1713,1713,1630,1713,1713,1713,1713,1713,1630,1713,1713,1713,1535,1673,1713,1713,1713,1713,1713,1713,1713,1673,1630,1713,1468,1713,1590,1468,1590,1713,1713,1713,1713,1713,1713,1713,1713,1713,1713,1713,1713,1535,1713
1599,1599,1599,1599,1599,1599,1599,1599,1599,1599,1599,1599,1599,1419,1599,1599,1419,1854,1599,1599,1599,1599,1599,1599,1891,1599,1419,1599,1599,1599,1599,1487,1599,1419,1599,1599,1599,1599,1487,1599,1599,1487,1599,1599,1599,1599,1599,1487,1599,1487
1713,1713,1713,1713,1713,1713,1713,1713,1713,1713,1713,1713,1713,1713,1713,1713,1713,1713,1713,1713,1713,1713,1713,1713,1774,1713,1713,1713,1713,1713,1713,1713,1713,1713,1713,1713,1713,1713,1713,1713,1713,1713,1713,1713,1713,1713,1713,1713,1713,1713
1599,1599,1599,1599,1487,1599,1599,1599,1599,1599,1599,1599,1599,1599,1599,1599,1599,1599,1599,1599,1599,1599,1599,1599,1599,1599,1487,1599,1599,1599,1599,1599,1599,1599,1599,1599,1599,1599,1599,1599,1599,1599,1599,1599,1599,1599,1599,1599,1599,1599
1713,1642,1713,1713,1501,1654,1713,1713,1654,1642,1654,1713,1713,1713,1475,1654,1713,1569,1713,1713,1713,1713,1501,1713,1713,1569,1654,1654,1475,1713,1713,1501,1713,1713,1475,1501,1642,1713,1713,1713,1713,1713,1501,1475,1713,1713,1501,1713,1713,1501
1599,1599,1599,1673,1599,1599,1599,1599,1599,1599,1599,1599,1599,1599,1412,1599,1599,1599,1599,1599,1599,1599,1599,1412,1569,1599,1599,1599,1599,1599,1599,1599,1599,1599,1599,1412,1599,1599,1599,1599,1599,1599,1599,1569,1599,1569,1412,1599,1599,1569
1569,1713,1569,1636,1569,1654,1636,1713,1713,1636,1713,1713,1713,1569,1713,1713,1713,1475,1713,1713,1475,1713,1636,1697,1713,1569,1660,1569,1636,1475,1569,1713,1569,1697,1569,1569,1475,1636,1475,1713,1475,1569,1569,1713,1636,1569,1569,1654,1713,1636
1412,1412,1412,1412,1569,1412,1569,1569,1599,1569,1412,1412,1569,1412,1569,1569,1412,1569,1412,1412,1599,1569,1569,1412,1697,1412,1569,1569,1569,1412,1412,1412,1412,1599,1412,1599,1412,1599,1599,1412,1569,1412,1599,1412,1412,1412,1412,1599,1412,1569
1569,1569,1636,1636,1636,1489,1569,1569,1489,1362,1636,1569,1489,1569,1569,1569,1489,1489,1636,1569,1362,1569,1569,1569,1636,1489,1569,1569,1569,1362,1362,1362,1569,1636,1636,1569,1569,1569,1569,1636,1569,1569,1362,1489,1569,1569,1636,1518,1518,1362
1569,1412,1569,1412,1412,1569,1412,1412,1412,1412,1569,1412,1569,1569,1412,1569,1569,1569,1569,1569,1412,1569,1569,1667,1569,1412,1412,1412,1569,1412,1412,1412,1412,1412,1569,1569,1569,1412,1412,1569,1569,1412,1412,1412,1569,1412,1569,1569,1412,1569
1569,1565,1569,1569,1362,1344,1569,1569,1569,1569,1569,1569,1569,1569,1344,1569,1569,1569,1344,1569,1569,1569,1569,1344,1636,1569,1569,1569,1569,1569,1344,1569,1344,1569,1569,1569,1344,1569,1344,1636,1565,1569,1569,1569,1569,1362,1569,1569,1636,1565
1412,1569,1569,1569,1569,1569,1569,1569,1569,1412,1412,1569,1569,1569,1569,1569,1569,1412,1569,1569,1569,1412,1569,1569,1569,1569,1569,1569,1569,1569,1569,1569,1569,1569,1412,1569,1569,1569,1569,1569,1569,1412,1569,1569,1412,1569,1412,1569,1412,1569
1569,1569,1569,1569,1569,1569,1569,1569,1569,1569,1569,1569,1569,1569,1569,1569,1569,1569,1569,1569,1569,1569,1591,1569,1569,1569,1783,1569,1569,1569,1569,1569,1569,1569,1569,1569,1569,1569,1569,1569,1569,1569,1569,1569,1569,1569,1569,1569,1569,1569
1569,1569,1569,1750,1569,1569,1569,1569,1569,1569,1569,1569,1569,1569,1569,1569,1569,1569,1569,1569,1569,1569,1569,1569,1569,1569,1942,1569,1569,1569,1569,1569,1569,1569,1569,1569,1569,1569,1569,1569,1569,1569,1569,1569,1569,1569,1569,1569,1569,1569
1569,1569,1569,1569,1569,1569,1569,1569,1569,1569,1569,1569,1569,1569,1569,1569,1569,1569,1569,1569,1569,1569,1569,1569,1569,1569,1569,1569,1569,1569,1569,1569,1672,1569,1569,1569,1569,1569,1569,1569,1569,1569,1569,1569,1569,1569,1569,1569,1569,1569
1569,1569,1569,1569,1569,1569,1569,1569,1569,1569,1569,1569,1569,1569,1569,1569,1569,1569,1569,1569,1569,1569,1569,1569,1569,1569,1569,1569,1569,1569,1569,1569,1569,1569,1569,1569,1569,1569,1569,1569,1569,1569,1569,1569,1569,1569,1569,1569,1569,1569
1569,1569,1569,1569,1569,1569,1569,1569,1569,1569,1569,1569,1569,1569,1569,1569,1569,1569,1569,1569,1569,1569,1569,1569,1569,1569,1569,1569,1569,1569,1569,1569,1569,1569,1569,1569,1569,1569,1569,1569,1569,1569,1569,1569,1569,1569,1569,1569,1569,1569
1569,1569,1569,1569,1569,1569,1569,1569,1569,1569,1569,1569,1569,1569,1569,1569,1569,1569,1569,1569,1569,1569,1569,1569,1569,1569,1569,1569,1569,1569,1569,1569,1569,1569,1569,1569,1569,1569,1569,1569,1569,1569,1569,1569,1569,1569,1569,1569,1569,1569
1569,1569,1569,1569,1569,1569,1569,1569,1569,1569,1569,1569,1569,1569,1569,1569,1569,1569,1569,1569,1569,1569,1569,1569,1569,1569,1569,1569,1569,1569,1569,1569,1569,1569,1569,1569,1569,1569,1569,1569,1569,1569,1569,1569,1569,1569,1569,1569,1569,1569
1569,1540,1569,1569,1388,1569,1569,1569,1569,1569,1569,1388,1569,1540,1569,1569,1569,1569,1569,1540,1569,1569,1569,1540,1569,1388,1388,1569,1569,1569,1569,1569,1569,1569,1540,1569,1569,1569,1569,1569,1569,1569,1569,1540,1569,1569,1388,1569,1569,1540
1539,1569,1569,1569,1569,1539,1569,1569,1276,1569,1569,1569,1569,1569,1569,1569,1569,1569,1276,1569,1569,1276,1539,1539,1276,1569,1539,1569,1569,1569,1569,1569,1569,1569,1276,1569,1569,1569,1569,1569,1569,1569,1569,1276,1569,1569,1569,1569,1569,1569
1569,1569,1569,1569,1569,1569,1569,1569,1569,1569,1569,1569,1569,1569,1569,1569,1569,1569,1569,1569,1569,1569,1569,1569,1569,1569,1569,1569,1569,1569,1569,1569,1569,1569,1569,1569,1569,1569,1569,1569,1569,1569,1569,1569,1569,1569,1569,1569,1569,1569
1569,1569,1569,1569,1569,1569,1569,1569,1569,1569,1569,1569,1569,1569,1569,1569,1569,1569,1569,1533,1569,1569,1569,1569,1569,1569,1569,1569,1533,1569,1569,1569,1569,1569,1569,1569,1569,1569,1569,1569,1569,1569,1569,1569,1533,1569,1569,1569,1569,1569
1569,1569,1569,1569,1569,1569,1569,1569,1569,1569,1569,1569,1569,1569,1569,1569,1569,1569,1569,1569,1569,1569,1569,1569,1569,1569,1569,1569,1569,1569,1569,1569,1569,1569,1569,1569,1569,1569,1569,1569,1569,1569,1569,1569,1569,1569,1569,1569,1569,1569
1569,1569,1569,1569,1569,1569,1569,1569,1569,1569,1517,1517,1569,1569,1569,1569,1517,1569,1517,1569,1569,1569,1569,1569,1569,1569,1569,1569,1569,1569,1569,1569,1569,1569,1569,1569,1569,1569,1569,1569,1569,1569,1569,1569,1569,1569,1569,1569,1569,1569
1569,1569,1569,1569,1569,1569,1569,1569,1455,1569,1569,1569,1569,1569,1569,1569,1569,1569,1569,1569,1569,1569,1569,1569,1569,1569,1569,1455,1569,1455,1569,1569,1569,1569,1569,1569,1455,1569,1569,1569,1569,1569,1569,1569,1569,1569,1569,1569,1569,1569
1569,1569,1569,1569,1569,1569,1569,1569,1569,1569,1561,1569,1569,1569,1569,1569,1569,1569,1569,1569,1569,1569,1569,1569,1569,1569,1569,1569,1569,1569,1569,1569,1569,1569,1569,1569,1569,1569,1569,1569,1569,1569,1569,1561,1561,1561,1569,1569,1569,1569
1569,1569,1569,1569,1569,1569,1569,1569,1569,1487,1569,1569,1569,1569,1569,1569,1569,1569,1569,1487,1569,1569,1569,1569,1569,1569,1569,1569,1569,1569,1569,1569,1487,1569,1487,1569,1569,1569,1569,1569,1569,1569,1569,1569,1569,1569,1569,1569,1569,1569
1569,1569,1569,1569,1569,1569,1569,1569,1569,1569,1569,1569,1569,1569,1569,1569,1569,1569,1569,1407,1569,1569,1569,1569,1569,1569,1569,1569,1569,1569,1407,1569,1569,1569,1569,1569,1569,1569,1569,1569,1569,1407,1569,1569,1569,1569,1569,1569,1569,1569
1407,1360,1569,1569,1569,1569,1569,1407,1569,1407,1569,1407,1407,1569,1569,1569,1569,1569,1569,1407,1569,1569,1441,1569,1407,1407,1569,1569,1407,1569,1569,1569,1407,1407,1569,1569,1407,1569,1569,1569,1569,1407,1569,1569,1407,1569,1569,1407,1569,1569
1407,1407,1569,1407,1407,1407,1569,1569,1407,1407,1407,1569,1407,1476,1407,1407,1407,1407,1407,1407,1407,1407,1407,1407,1569,1569,1407,1407,1569,1407,1569,1407,1569,1407,1407,1407,1407,1407,1407,1407,1407,1407,1407,1514,1407,1407,1407,1407,1407,1407
1407,1407,1407,1407,1407,1407,1407,1407,1407,1407,1407,1407,1407,1407,1407,1407,1407,1407,1407,1407,1407,1407,1407,1407,1407,1407,1407,1407,1407,1407,1407,1407,1407,1407,1407,1407,1407,1407,1407,1407,1407,1407,1407,1407,1407,1407,1407,1407,1407,1407
1407,1232,1407,1407,1232,1407,1407,1407,1407,1407,1246,1407,1407,1246,1407,1246,1407,1407,1407,1407,1689,1407,1246,1232,1407,1407,1407,1407,1407,1407,1407,1407,1407,1407,1407,1407,1232,1407,1407,1407,1407,1407,1407,1407,1407,1407,1407,1407,1407,1407
1407,1526,1407,1407,1407,1407,1407,1407,1407,1407,1407,1407,1407,1407,1407,1407,1407,1407,1407,1407,1407,1407,1407,1407,1407,1407,1407,1407,1407,1407,1407,1407,1407,1407,1407,1407,1407,1407,1407,1407,1407,1407,1407,1407,1407,1407,1407,1407,1407,1407
1407,1407,1407,1407,1407,1407,1407,1407,1407,1407,1407,1407,1407,1407,1407,1407,1407,1407,1407,1407,1407,1407,1407,1407,1407,1407,1407,1407,1407,1407,1407,1407,1407,1407,1407,1407,1407,1407,1407,1407,1407,1407,1407,1407,1407,1407,1407,1407,1407,1407
1407,1407,1407,1407,1407,1407,1407,1407,1407,1407,1407,1407,1407,1407,1407,1407,1407,1150,1407,1407,1407,1407,1407,1407,1407,1407,1407,1407,1407,1407,1407,1407,1407,1407,1407,1407,1407,1150,1407,1407,1407,1407,1407,1150,1407,1407,1407,1407,1407,1407
1407,1407,1407,1407,1407,1407,1407,1407,1287,1407,1407,1407,1407,1407,1407,1407,1407,1407,1407,1407,1407,1407,1407,1407,1407,1407,1407,1407,1407,1407,1407,1407,1407,1407,1407,1407,1407,1407,1287,1407,1681,1407,1407,1407,1407,1407,1407,1407,1407,1407
1407,1407,1407,1407,1407,1407,1407,1407,1407,1292,1292,1292,1292,1407,1292,1407,1407,1292,1407,1407,1407,1407,1407,1407,1407,1407,1407,1407,1292,1407,1407,1407,1407,1407,1407,1407,1407,1407,1407,1407,1407,1407,1407,1407,1407,1407,1407,1407,1407,1407
1344,1404,1407,1407,1407,1407,1344,1404,1407,1407,1407,1683,1407,1407,1407,1407,1407,1407,1407,1407,1407,1407,1407,1407,1407,1407,1407,1407,1407,1407,1407,1407,1407,1404,1407,1404,1407,1407,1407,1407,1407,1407,1344,1344,1407,1404,1407,1407,1407,1407
1407,1407,1407,1407,1407,1407,1407,1407,1407,1407,1407,1914,1407,1407,1407,1407,1407,1407,1571,1407,1407,1407,1407,1407,1407,1407,1407,1407,1407,1407,1407,1407,1407,1407,1407,1407,1407,1407,1407,1407,1407,1407,1407,1407,1407,1407,1407,1407,1407,1407
1407,1407,1407,1407,1407,1373,1407,1373,1407,1373,1407,1407,1407,1407,1407,1373,1407,1407,1407,1404,1407,1407,1407,1407,1407,1407,1407,1407,1407,1407,1407,1373,1407,1407,1407,1407,1407,1407,1407,1407,1407,1404,1407,1404,1407,1407,1407,1407,1407,1407
1407,1407,1407,1278,1407,1407,1407,1407,1407,1407,1407,1407,1407,1407,1407,1407,1407,1407,1407,1407,1407,1407,1407,1407,1407,1407,1407,1259,1259,1407,1407,1407,1407,1407,1407,1407,1407,1407,1407,1407,1259,1407,1407,1407,1407,1407,1407,1407,1407,1259
1331,1407,1407,1407,1407,1407,1407,1407,1407,1407,1331,1407,1331,1407,1407,1407,1407,1331,1407,1407,1407,1407,1407,1407,1407,1331,1407,1407,1407,1331,1407,1407,1407,1331,1331,1407,1331,1331,1407,1407,1407,1331,1407,1407,1407,1407,1331,1407,1331,1407
1407,1259,1259,1259,1259,1377,1407,1259,1407,1407,1768,1259,1259,1259,1259,1377,1259,1407,1259,1259,1259,1259,1407,1259,1259,1259,1259,1407,1259,1259,1259,1259,1259,1259,1259,1259,1259,1259,1259,1259,1259,1259,1259,1259,1259,1259,1259,1259,1259,1259
1331,1331,1331,1312,1331,1331,1331,1331,1331,1331,1331,1331,1312,1312,1331,1331,1331,1331,1331,1331,1331,1331,1331,1331,1331,1331,1331,1331,1331,1331,1331,1331,1331,1331,1331,1331,1331,1331,1331,1331,1331,1331,1331,1331,1331,1331,1331,1331,1331,1331
1259,1259,1259,1259,1259,1259,1259,1259,1259,1259,1259,1259,1259,1259,1259,1259,1259,1259,1259,1259,1259,1259,1259,1259,1259,1259,1259,1259,1259,1259,1259,1259,1259,1259,1259,1259,1259,1259,1259,1259,1259,1259,1259,1259,1259,1259,1259,1259,1259,1259
1331,1331,1331,1331,1331,1331,1331,1331,1331,1331,1331,1331,1331,1331,1331,1331,1331,1331,1331,1331,1331,1331,1331,1331,1331,1331,1763,1331,1331,1331,1331,1331,1331,1331,1331,1331,1331,1331,1331,1331,1331,1331,1331,1331,1331,1331,1331,1331,1331,1331
1259,1259,1259,1259,1259,1259,1259,1259,1259,1259,1259,1259,1259,1259,1259,1259,1259,1259,1259,1259,1259,1259,1259,1259,1259,1259,1259,1259,1259,1259,1259,1259,1259,1259,1259,1259,1259,1259,1259,1259,1259,1259,1259,1259,1259,1259,1259,1259,1259,1259
1331,1331,1331,1331,1331,1331,1331,1331,1331,1151,1151,1331,1331,1331,1151,1331,1331,1331,1151,1331,1331,1331,1331,1151,1331,1331,1331,1331,1331,1331,1331,1331,1331,1331,1331,1331,1331,1331,1331,1331,1331,1331,1331,1151,1331,1331,1151,1331,1151,1331
1259,1259,1259,1259,1259,1259,1259,1259,1259,1259,1259,1259,1259,1259,1259,1259,1259,1259,1259,1259,1259,1259,1259,1259,1259,1259,1259,1259,1259,1259,1259,1259,1259,1259,1259,1259,1259,1259,1442,1259,1259,1259,1259,1259,1259,1259,1259,1259,1259,1259
1331,1331,1151,1331,1331,1331,1331,1331,1331,1331,1331,1331,1331,1331,1331,1331,1331,1331,1331,1331,1331,1151,1331,1331,1151,1331,1331,1151,1331,1331,1331,1331,1331,1331,1331,1331,1331,1331,1331,1331,1331,1331,1331,1331,1331,1331,1331,1331,1331,1151
1259,1259,1259,1259,1259,1259,1259,1259,1259,1259,1259,1259,1259,1259,1259,1259,1259,1259,1259,1259,1259,1259,1259,1259,1259,1259,1259,1259,1259,1259,1442,1259,1259,1259,1259,1259,1259,1259,1259,1259,1259,1259,1259,1259,1259,1259,1259,1259,1259,1259
1326,1331,1326,1331,1331,1331,1331,1331,1331,1331,1151,1331,1331,1151,1331,1331,1326,1331,1331,1331,1331,1331,1331,1326,1331,1331,1331,1331,1331,1331,1331,1331,1331,1326,1331,1331,1331,1331,1151,1214,1331,1331,1331,1331,1331,1151,1331,1214,1331,1151
1259,1259,1259,1259,1259,1259,1155,1259,1259,1259,1259,1259,1505,1259,1259,1259,1259,1259,1259,1155,1259,1259,1259,1259,1259,1259,1259,1259,1155,1259,1259,1259,1259,1259,1259,1259,1259,1155,1155,1259,1259,1259,1259,1259,1259,1259,1259,1259,1259,1259
1331,1331,1331,1331,1331,1331,1331,1331,1331,1331,1331,1331,1331,1331,1331,1331,1331,1331,1331,1331,1331,1331,1331,1331,1331,1331,1331,1331,1331,1331,1331,1331,1331,1331,1331,1331,1331,1331,1331,1331,1331,1331,1331,1331,1331,1331,1331,1331,1331,1331
1259,1259,1259,1259,1259,1259,1259,1259,1259,1259,1259,1259,1259,1259,1259,1259,1259,1259,1259,1259,1259,1259,1259,1259,1259,1259,1259,1259,1259,1259,1259,1259,1259,1259,1259,1259,1259,1259,1259,1259,1259,1259,1259,1259,1259,1259,1259,1259,1259,1259
1331,1331,1331,1331,1331,1331,1331,1331,1331,1331,1331,1331,1331,1331,1331,1331,1331,1331,1331,1331,1331,1331,1331,1331,1331,1331,1331,1331,1331,1331,1331,1331,1331,1331,1331,1331,1331,1331,1331,1331,1331,1331,1331,1331,1331,1331,1331,1331,1331,1331
1259,1259,1259,1259,1259,1259,1128,1259,1259,1259,1259,1259,1259,1259,1259,1259,1128,1259,1259,1259,1259,1259,1259,1259,1259,1259,1259,1259,1259,1259,1259,1259,1259,1259,1259,1128,1128,1259,1259,1259,1259,1259,1259,1259,1259,1259,1259,1259,1259,1259
1331,1331,1331,1331,1331,1331,1331,1331,1331,1331,1331,1331,1331,1331,1331,1331,1331,1331,1331,1331,1331,1331,1331,1331,1331,1331,1331,1331,1331,1331,1331,1331,1331,1331,1331,1331,1331,1331,1331,1331,1331,1331,1331,1331,1331,1331,1331,1331,1331,1331
1259,1259,1259,1259,1259,1259,1259,1259,1259,1259,1259,1259,1259,1259,1259,1259,1259,1259,1259,1259,1259,1259,1259,1259,1259,1259,1259,1259,1259,1259,1259,1259,1259,1259,1259,1259,1259,1259,1259,1259,1259,1259,1259,1259,1259,1259,1259,1259,1259,1259
1331,1331,1331,1331,1331,1331,1331,1331,1331,1331,1331,1331,1331,1331,1331,1331,1331,1331,1331,1331,1331,1331,1331,1331,1331,1331,1331,1331,1331,1331,1331,1331,1331,1331,1331,1331,1331,1586,1331,1331,1331,1331,1331,1331,1331,1331,1331,1331,1331,1331
1259,1259,1259,1259,1259,1259,1259,1259,1259,1259,1259,1259,1259,1259,1259,1259,1259,1259,1259,1259,1259,1259,1259,1259,1259,1259,1259,1259,1259,1259,1259,1259,1259,1259,1259,1259,1259,1259,1259,1259,1259,1259,1259,1259,1259,1259,1259,1259,1259,1259
1331,1331,1331,1331,1331,1331,1331,1331,1331,1331,1331,1331,1331,1331,1331,1331,1331,1331,1331,1331,1331,1331,1331,1331,1331,1331,1331,1331,1331,1331,1331,1331,1331,1331,1331,1331,1331,1331,1331,1331,1331,1331,1331,1331,1331,1331,1331,1331,1331,1331
1226,1259,1259,1226,1259,1259,1259,1259,1259,1259,1259,1259,1259,1259,1259,1259,1259,1259,1259,1259,1259,1259,1259,1259,1259,1259,1259,1259,1259,1259,1226,1259,1259,1259,1259,1259,1259,1259,1259,1259,1259,1259,1259,1259,1259,1259,1259,1259,1259,1259
1331,1331,1331,1331,1331,1331,1331,1331,1331,1331,1331,1331,1331,1331,1331,1331,1331,1331,1331,1331,1331,1331,1331,1331,1331,1331,1331,1331,1331,1331,1331,1331,1331,1331,1331,1331,1331,1331,1331,1331,1331,1331,1331,1331,1331,1331,1331,1331,1331,1331
1259,1259,1259,1259,1259,1259,1204,1259,1259,1259,1259,1259,1259,1259,1259,1259,1259,1259,1259,1259,1259,1259,1259,1259,1259,1259,1259,1259,1259,1259,1259,1259,1259,1259,1259,1259,1259,1259,1259,1259,1259,1259,1259,1259,1259,1259,1259,1259,1259,1259
1331,1331,1331,1331,1331,1331,1331,1331,1331,1331,1331,1331,1331,1331,1331,1331,1331,1331,1331,1331,1331,1331,1331,1331,1331,1331,1331,1331,1331,1331,1331,1331,1331,1331,1331,1331,1331,1331,1331,1331,1331,1331,1331,1331,1331,1331,1331,1331,1331,1331
1259,1259,1259,1259,1259,1259,1259,1259,1259,1259,1259,1259,1196,1259,1259,1259,1259,1259,1259,1259,1259,1259,1259,1259,1259,1259,1259,1259,1259,1259,1259,1259,1196,1196,1259,1259,1259,1259,1259,1259,1259,1259,1259,1259,1196,1259,1259,1259,1259,1259
1331,1331,1331,1331,1331,1331,1331,1331,1331,1331,1331,1331,1331,1331,1331,1331,1331,1331,1331,1331,1331,1331,1331,1331,1331,1331,1331,1331,1331,1331,1331,1543,1331,1331,1331,1331,1331,1331,1331,1331,1331,1331,1331,1331,1331,1331,1331,1331,1331,1331
1259,1259,1196,1259,1259,1259,1259,1259,1259,1259,1259,1259,1259,1259,1196,1259,1259,1259,1259,1259,1259,1196,1259,1259,1259,1259,1259,1196,1259,1259,1259,1259,1259,1259,1259,1259,1259,1259,1259,1259,1259,1259,1259,1259,1259,1259,1259,1259,1259,1259
1331,1331,1331,1331,1331,1331,1331,1331,1331,1331,1331,1331,1331,1331,1331,1331,1331,1331,1331,1331,1331,1331,1331,1331,1331,1331,1331,1331,1331,1331,1331,1331,1331,1331,1331,1331,1331,1331,1331,1331,1331,1331,1331,1331,1331,1331,1331,1331,1331,1331
1259,1259,1259,1259,1259,1259,1259,1259,1259,1259,1259,1259,1259,1259,1259,1259,1259,1259,1259,1259,1259,1259,1259,1259,1259,1259,1259,1259,1259,1259,1259,1259,1259,1259,1259,1259,1259,1259,1259,1259,1259,1259,1259,1259,1259,1259,1259,1259,1259,1259
1331,1331,1331,1331,1331,1331,1331,1331,1331,1331,1331,1331,1331,1331,1331,1331,1331,1331,1331,1331,1331,1331,1331,1331,1331,1331,1331,1331,1331,1331,1331,1331,1331,1331,1331,1331,1331,1331,1331,1331,1331,1331,1331,1331,1331,1331,1331,1331,1331,1331
1259,1259,1259,1259,1259,1259,1259,1259,1259,1259,1259,1259,1259,1259,1259,1259,1259,1168,1259,1259,1259,1259,1259,1259,1259,1259,1259,1259,1259,1168,1259,1259,1259,1168,1259,1259,1259,1259,1259,1259,1259,1259,1259,1259,1259,1168,1259,1259,1259,1259
1331,1331,1331,1331,1331,1331,1331,1331,1331,1331,1331,1331,1331,1331,1331,1331,1331,1331,1331,1331,1331,1331,1331,1331,1331,1331,1331,1331,1331,1331,1331,1331,1331,1331,1331,1331,1331,1331,1331,1331,1331,1331,1331,1331,1331,1331,1331,1331,1331,1331
1259,1259,1259,1259,1259,1259,1259,1259,1259,1259,1259,1259,1259,1259,1259,1259,1259,1259,1259,1259,1259,1259,1259,1259,1259,1259,1259,1253,1259,1259,1259,1259,1259,1253,1259,1259,1259,1259,1259,1259,1259,1259,1259,1259,1259,1259,1259,1259,1259,1259
1331,1296,1331,1331,1331,1331,1331,1331,1331,1331,1331,1331,1331,1331,1331,1331,1331,1331,1331,1331,1331,1331,1331,1331,1331,1331,1331,1331,1331,1331,1331,1331,1331,1296,1330,1331,1331,1331,1331,1331,1331,1331,1331,1331,1331,1331,1331,1331,1331,1331
1259,1259,1259,1259,1259,1259,1259,1259,1259,1259,1259,1259,1259,1259,1259,1259,1259,1259,1259,1259,1259,1259,1259,1259,1259,1259,1259,1259,1259,1259,1259,1259,1259,1259,1259,1259,1259,1259,1259,1259,1259,1259,1259,1259,1259,1259,1259,1259,1259,1259
1331,1331,1331,1331,1331,1792,1331,1331,1331,1331,1331,1331,1331,1331,1331,1331,1331,1331,1331,1331,1331,1331,1331,1331,1331,1331,1331,1331,1331,1331,1331,1331,1331,1331,1331,1331,1331,1331,1331,1331,1331,1331,1331,1331,1331,1331,1331,1331,1331,1331
1259,1259,1259,1259,1259,1259,1259,1259,1259,1259,1259,1259,1165,1259,1259,1259,1259,1259,1259,1259,1259,1259,1165,1259,1259,1259,1259,1259,1259,1259,1259,1259,1259,1259,1259,1259,1259,1165,1259,1259,1259,1259,1259,1259,1259,1259,1259,1259,1259,1259
1331,1331,1331,1331,1331,1331,1331,1331,1331,1331,1331,1331,1331,1331,1331,1331,1331,1331,1331,1331,1331,1331,1331,1331,1331,1331,1331,1331,1331,1331,1331,1331,1331,1331,1331,1331,1331,1331,1331,1331,1331,1331,1331,1331,1331,1331,1331,1331,1331,1331
1259,1259,1259,1259,1259,1259,1259,1259,1259,1259,1259,1259,1259,1259,1259,1259,1259,1259,1259,1259,1259,1259,1259,1259,1259,1259,1259,1259,1259,1259,1259,1259,1259,1259,1259,1259,1259,1259,1259,1259,1259,1259,1259,1259,1259,1259,1259,1259,1259,1259
1331,1331,1331,1331,1331,1331,1331,1331,1331,1331,1331,1331,1331,1331,1331,1331,1331,1331,1331,1331,1331,1331,1331,1331,1331,1331,1331,1331,1331,1331,1331,1797,1331,1331,1331,1331,1331,1331,1331,1331,1331,1331,1331,1331,1331,1331,1331,1331,1331,1331
1259,1259,1259,1259,1259,1259,1259,1259,1259,1259,1259,1259,1259,1259,1259,1259,1259,1259,1259,1259,1259,1259,1259,1259,1259,1259,1259,1259,1259,1259,1259,1259,1259,1259,1259,1259,1259,1259,1259,1259,1259,1259,1034,1259,1259,1259,1259,1259,1259,1259
1331,1331,1331,1331,1331,1092,1331,1331,1331,1092,1331,1331,1331,1331,1331,1331,1331,1331,1331,1331,1331,1331,1331,1331,1331,1331,1331,1331,1331,1331,1331,1331,1331,1331,1331,1331,1331,1331,1331,1331,1331,1331,1331,1331,1331,1331,1331,1331,1092,1331
1259,1259,1259,1259,1259,1259,1259,1259,1259,1259,1259,1259,1259,1259,1259,1259,1259,1259,1259,1259,1259,1259,1259,1259,1259,1259,1259,1259,1259,1259,1259,1259,1259,1259,1259,1259,1259,1259,1259,1259,1259,1259,1259,1259,1259,1259,1259,1259,1259,1259
1331,1331,1331,1331,1331,1331,1331,1331,1331,1331,1331,1331,1331,1331,1331,1331,1331,1190,1331,1331,1331,1331,1331,1331,1331,1331,1331,1331,1331,1331,1331,1331,1331,1331,1190,1331,1331,1331,1331,1331,1331,1331,1190,1190,1331,1331,1331,1331,1331,1331
1259,1259,1259,1259,1259,1259,1259,1259,1259,1259,1259,1259,1259,1259,1259,1259,1259,1259,1259,1259,1259,1502,1259,1259,1259,1259,1259,1259,1259,1259,1259,1259,1259,1259,1259,1259,1259,1259,1259,1259,1259,1259,1259,1259,1259,1259,1259,1259,1259,1259
1331,1331,1331,1331,1190,1331,1331,1331,1331,1331,1331,1331,1331,1190,1331,1331,1331,1331,1331,1190,1190,1331,1331,1331,1331,1281,1331,1331,1190,1331,1331,1331,1331,1331,1331,1331,1331,1331,1331,1331,1331,1190,1331,1331,1331,1190,1331,1331,1190,1331
1259,1259,1259,1259,1259,1259,1259,1259,1259,1259,1259,1259,1259,1259,1259,1259,1259,1259,1259,1259,1259,1259,1259,1259,1259,1259,1259,1259,1259,1259,1259,1259,1259,1259,1259,1259,1259,1259,1259,1259,1259,1259,1259,1259,1259,1259,1259,1259,1259,1259
1331,1331,1331,1331,1331,1331,1331,1331,1331,1331,1331,1331,1331,1331,1331,1331,1331,1331,1331,1331,1331,1331,1331,1331,1331,1331,1331,1331,1331,1331,1331,1331,1331,1331,1331,1331,1331,1331,1331,1331,1331,1331,1331,1331,1331,1331,1331,1331,1331,1331
1259,1259,1259,1259,1259,1259,1259,1259,1259,1259,1259,1259,1259,1259,1259,1259,1259,1259,1259,1259,1259,1259,1259,1259,1259,1259,1259,1259,1259,1259,1259,1259,1259,1259,1259,1259,1259,1259,1259,1259,1259,1259,1259,1259,1259,1259,1259,1259,1259,1259
1331,1331,1331,1331,1331,1331,1331,1331,1331,1331,1331,1331,1331,1331,1331,1331,1331,1331,1331,1331,1331,1331,1331,1331,1331,1331,1331,1331,1331,1331,1331,1331,1331,1331,1331,1331,1331,1331,1331,1331,1331,1331,1331,1331,1331,1331,1331,1331,1331,1331
1259,1259,1259,1259,1259,1259,1259,1259,1259,1259,1259,1259,1259,1259,1259,1259,1259,1259,1259,1259,1259,1259,1259,1259,1259,1259,1259,1259,1259,1259,1259,1259,1259,1259,1259,1259,1259,1259,1259,1259,1259,1259,1259,1259,1259,1259,1259,1259,1259,1259
1331,1331,1331,1331,1331,1331,1331,1331,1331,1331,1331,1331,1331,1331,1331,1331,1331,1331,1331,1331,1331,1331,1331,1331,1331,1331,1331,1331,1331,1331,1331,1331,1331,1331,1331,1331,1331,1331,1331,1331,1331,1331,1331,1331,1331,1331,1331,1331,1331,1331
1259,1259,1259,1259,1259,1259,1259,1259,1259,1259,1259,1259,1259,1259,1259,1259,1259,1259,1259,1259,1259,1259,1259,1259,1259,1259,1259,1259,1259,1259,1259,1259,1259,1259,1259,1259,1259,1259,1259,1259,1259,1259,1259,1259,1259,1259,1259,1259,1259,1259
1331,1331,1331,1331,1331,1331,1331,1331,1331,1331,1331,1331,1331,1331,1331,1331,1331,1331,1331,1331,1331,1331,1331,1331,1331,1331,1331,1331,1331,1331,1331,1331,1331,1331,1331,1331,1331,1331,1331,1331,1331,1331,1331,1331,1331,1331,1331,1331,1331,1331
1259,1259,1259,1259,1259,1259,1259,1259,1259,1259,1259,1259,1259,1259,1259,1259,1259,1259,1259,1259,1259,1259,1259,1259,1259,1259,1259,1259,1259,1259,1259,1259,1259,1259,1259,1259,1259,1259,1259,1259,1259,1259,1259,1259,1259,1259,1259,1259,1259,1259
1331,1331,1331,1331,1331,1331,1331,1331,1331,1331,1331,1331,1331,1331,1331,1331,1331,1331,1331,1331,1331,1331,1331,1331,1331,1331,1331,1331,1331,1331,1331,1331,1331,1331,1331,1331,1331,1331,1331,1331,1331,1331,1331,1331,1331,1331,1331,1331,1331,1331
1259,1259,1259,1259,1259,1259,1259,1259,1259,1259,1259,1259,1259,1259,1259,1259,1259,1259,1259,1259,1259,1259,1259,1259,1259,1259,1259,1259,1259,1259,1259,1259,1259,1259,1259,1259,1259,1259,1259,1259,1259,1259,1259,1259,1259,1259,1259,1259,1259,1259
1331,1331,1331,1331,1331,1331,1331,1331,1331,1331,1331,1331,1331,1331,1331,1331,1331,1331,1331,1331,1331,1331,1331,1331,1331,1331,1331,1331,1331,1331,1331,1331,1331,1331,1331,1331,1331,1331,1331,1331,1331,1331,1331,1331,1331,1331,1331,1331,1331,1331
1259,1259,1259,1259,1259,1259,1259,1259,1259,1259,1259,1259,1259,1259,1259,1259,1259,1259,1259,1259,1259,1259,1259,1259,1259,1259,1259,1259,1259,1259,1259,1259,1259,1259,1259,1259,1259,1259,1259,1259,1259,1259,1259,1259,1259,1259,1259,1259,1259,1259
1331,1331,1331,1331,1331,1331,1331,1331,1331,1331,1331,1331,1331,1331,1331,1331,1331,1331,1331,1331,1331,1331,1331,1331,1331,1331,1331,1331,1331,1331,1331,1331,1331,1331,1331,1331,1331,1331,1331,1331,1331,1331,1331,1331,1331,1331,1331,1331,1331,1331
1259,1259,1259,1259,1259,1259,1259,1259,1259,1259,1713,1259,1259,1259,1259,1259,1259,1259,1259,1259,1259,1259,1259,1259,1259,1259,1259,1259,1259,1259,1259,1259,1259,1259,1259,1259,1259,1259,1259,1259,1259,1259,1259,1259,1259,1259,1259,1259,1259,1259
1331,1331,1331,1331,1331,1331,1331,1331,1331,1331,1331,1331,1331,1331,1331,1331,1331,1331,1331,1331,1331,1331,1331,1331,1331,1331,1331,1331,1331,1331,1331,1331,1331,1331,1331,1331,1331,1331,1331,1331,1331,1331,1331,1331,1331,1331,1331,1331,1331,1331
1259,1259,1259,1259,1259,1259,1259,1259,1259,1259,1259,1259,1259,1259,1259,1259,1259,1259,1259,1259,1259,1259,1259,1259,1259,1259,1259,1259,1259,1259,1259,1259,1259,1259,1259,1259,1259,1259,1259,1259,1259,1259,1259,1259,1259,1259,1259,1259,1259,1259
1331,1331,1331,1331,1331,1331,1331,1331,1331,1331,1331,1331,1331,1331,1331,1331,1331,1331,1331,1331,1331,1331,1331,1331,1331,1331,1331,1331,1331,1331,1331,1331,1331,1331,1331,1331,1331,1331,1331,1331,1331,1331,1331,1331,1331,1331,1331,1331,1331,1331
1259,1259,1259,1259,1259,1259,1259,1259,1259,1259,1259,1259,1259,1259,1259,1259,1259,1259,1259,1259,1259,1259,1259,1259,1259,1259,1259,1259,1259,1259,1259,1259,1259,1259,1259,1259,1259,1259,1259,1259,1259,1259,1259,1259,1259,1259,1259,1259,1259,1259
1331,1331,1331,1331,1331,1331,1331,1331,1331,1331,1331,1331,1331,1331,1331,1331,1331,1331,1331,1331,1331,1331,1331,1331,1331,1331,1331,1331,1331,1331,1331,1331,1331,1331,1331,1331,1331,1331,1331,1331,1331,1331,1331,1331,1331,1331,1331,1331,1331,1331
1259,1259,1259,1259,1259,1259,1259,1259,1259,1259,1259,1259,1259,1259,1259,1259,1259,1259,1259,1259,1259,1259,1259,1259,1259,1259,1259,1259,1259,1259,1259,1259,1259,1259,1259,1259,1259,1259,1259,1259,1259,1259,1259,1568,1259,1259,1259,1259,1259,1259
1331,1331,1331,1331,1331,1331,1331,1331,1331,1331,1331,1331,1331,1331,1331,1331,1331,1331,1331,1331,1331,1331,1331,1331,1331,1331,1331,1331,1331,1331,1331,1331,1331,1331,1331,1331,1331,1331,1331,1331,1331,1331,1331,1331,1331,1406,1331,1331,1331,1331
1259,1259,1259,1259,1259,1259,1259,1259,1259,1259,1259,1259,1259,1259,1259,1259,1259,1259,1259,1259,1259,1259,1259,1259,1259,1259,1259,1259,1259,1259,1259,1259,1259,1259,1259,1259,1259,1259,1259,1259,1259,1259,1259,1259,1259,1259,1259,1259,1259,1259
1331,1331,1331,1331,1331,1331,1331,1331,1331,1331,1331,1331,1331,1331,1331,1331,1331,1331,1331,1331,1331,1331,1331,1331,1331,1331,1331,1331,1331,1331,1331,1331,1331,1331,1331,1331,1331,1331,1331,1331,1331,1331,1331,1331,2394,1331,1331,1331,1331,1331
1259,1259,1259,1259,1259,1259,1259,1259,1259,1259,1259,1259,1259,1259,1259,1259,1259,1259,1259,1259,1259,1259,1259,1242,1242,1259,1259,1259,1259,1259,1259,1259,1259,1259,1259,1259,1259,1259,1259,1259,1259,1259,1259,1259,1259,1259,1259,1259,1259,1259
1331,1331,1331,1331,1331,1331,1331,1331,1331,1331,1331,1331,1331,1331,1331,1331,1331,1331,1331,1331,1331,1331,1331,1331,1331,1331,1331,1331,1331,1331,1331,1331,1331,1331,1331,1331,1331,1331,1331,1331,1331,1331,1331,1331,1331,1331,1331,1331,1331,1331
1259,1259,1259,1259,1259,1259,1259,1259,1259,1259,1259,1259,1259,1259,1259,1259,1259,1259,1259,1259,1259,1259,1259,1259,1259,1259,1259,1259,1259,1259,1259,1259,1259,1259,1259,1259,1259,1259,1259,1259,1259,1259,1259,1259,1259,1259,1259,1259,1259,1259
1331,1331,1331,1331,1331,1331,1331,1331,1331,1331,1331,1331,1331,1331,1331,1198,1331,1331,1198,1331,1198,1331,1331,1331,1331,1331,1331,1331,1331,1198,1331,1331,1198,1331,1331,1331,1331,1331,1331,1331,1331,1331,1331,1331,1331,1331,1331,1331,1331,1198
1259,1259,1259,1259,1259,1259,1259,1259,1259,1259,1259,1259,1259,1259,1259,1259,1259,1259,1259,1259,1259,1259,1259,1259,1259,1259,1259,1259,1259,1259,1259,1259,1259,1259,1259,1259,1259,1259,1259,1259,1259,1259,1259,1259,1259,1259,1259,1259,1259,1259
1331,1331,1331,1331,1331,1331,1331,1331,1331,1331,1331,1331,1331,1331,1331,1331,1331,1331,1331,1331,1331,1331,1331,1331,1331,1331,1331,1331,1331,1331,1331,1331,1331,1331,1331,1331,1331,1331,1331,1331,1331,1331,1331,1331,1331,1331,1331,1331,1331,1331
1259,1259,1259,1259,1259,1259,1259,1259,1259,1259,1259,1259,1555,1259,1259,1259,1259,1259,1259,1259,1259,1259,1259,1259,1259,1259,1259,1259,1259,1259,1259,1259,1259,1259,1259,1259,1259,1259,1259,1259,1259,1259,1259,1259,1259,1259,1259,1259,1259,1259
1331,1331,1331,1331,1331,1331,1331,1331,1262,1331,1331,1262,1331,1331,1331,1262,1331,1331,1331,1331,1331,1331,1331,1331,1331,1331,1331,1331,1331,1331,1331,1331,1331,1331,1331,1331,1262,1331,1331,1331,1331,1331,1331,1331,1331,1331,1331,1331,1262,1331
1259,1259,1259,1259,1259,1259,1259,1259,1259,1259,1259,1259,1259,1259,1259,1259,1259,1259,1259,1259,1259,1259,1259,1259,1259,1259,1259,1259,1259,1259,1259,1259,1259,1259,1259,1259,1259,1259,1259,1259,1259,1259,1259,1259,1259,1259,1259,1259,1259,1259
1331,1331,1331,1331,1331,1331,1331,1331,1331,1331,1331,1331,1331,1331,1331,1331,1331,1331,1331,1331,1331,1331,1331,1331,1331,1331,1331,1331,1331,1331,1331,1331,1331,1331,1331,1331,1331,1331,1331,1331,1331,1331,1331,1331,1331,1331,1331,1331,1331,1331
1259,1259,1259,1259,1259,1259,1259,1259,1259,1259,1259,1259,1259,1259,1259,1259,1259,1683,1259,1259,1259,1259,1259,1259,1259,1259,1259,1259,1259,1259,1259,1259,1259,1259,1259,1259,1259,1259,1259,1259,1259,1259,1259,1259,1259,1259,1259,1259,1259,1259
1331,1331,1331,1331,1331,1331,1331,1331,1331,1331,1331,1331,1331,1331,1331,1331,1331,1331,1331,1331,1331,1331,1331,1331,1331,1331,1331,1331,1331,1331,1331,1331,1331,1331,1331,1331,1331,1331,1331,1331,1331,1331,1331,1331,1331,1331,1331,1331,1331,1331
1259,1259,1259,1259,1259,1259,1259,1259,1259,1259,1259,1259,1259,1259,1259,1259,1259,1259,1259,1259,1259,1259,1259,1259,1259,1259,1259,1259,1259,1259,1259,1259,1259,1259,1259,1259,1259,1259,1259,1259,1259,1259,1259,1259,1259,1259,1259,1259,1259,1259
1331,1331,1331,1331,1331,1331,1331,1331,1331,1331,1331,1331,1331,1331,1331,1331,1331,1331,1265,1331,1265,1331,1331,1331,1331,1331,1331,1331,1331,1331,1331,1331,1331,1331,1331,1331,1331,1331,1331,1331,1331,1331,1265,1331,1331,1331,1331,1331,1331,1331
1259,1259,1259,1259,1259,1259,1259,1259,1259,1259,1259,1259,1259,1259,1259,1259,1259,1259,1259,1259,1259,1259,1259,1259,1259,1259,1259,1259,1259,1259,1259,1259,1259,1259,1259,1259,1259,1259,1259,1259,1259,1259,1259,1259,1259,1259,1259,1259,1259,1259
1331,1331,1331,1331,1331,1331,1331,1331,1331,1331,1790,1331,1331,1331,1331,1331,1331,1331,1331,1331,1331,1331,1331,1331,1331,1331,1331,1331,1331,1331,1331,1331,1331,1331,1331,1331,1331,1331,1331,1331,1331,1331,1331,1331,1331,1331,1331,1331,1331,1331
1259,1259,1259,1259,1259,1259,1259,1259,1259,1259,1259,1259,1259,1259,1259,1259,1259,1259,1259,1259,1259,1259,1259,1259,1259,1259,1259,1259,1259,1259,1259,1259,1259,1259,1259,1259,1259,1259,1259,1259,1259,1259,1259,1259,1259,1259,1259,1259,1259,1259
1331,1331,1331,1331,1331,1331,1331,1331,1331,1331,1331,1331,1331,1331,1331,1331,1331,1331,1331,1331,1331,1331,1331,1331,1331,1331,1331,1331,1331,1331,1331,1331,1331,1331,1331,1331,1331,1331,1331,1331,1331,1331,1331,1331,1331,1331,1238,1331,1331,1331
1259,1259,1259,1259,1259,1259,1259,1259,1259,1259,1259,1259,1259,1259,1259,1259,1259,1259,1259,1259,1259,1259,1259,1259,1259,1259,1259,1259,1259,1259,1259,1259,1259,1259,1259,1259,1259,1259,1259,1259,1259,1259,1259,1259,1259,1259,1259,1259,1259,1259
1331,1331,1331,1331,1331,1331,1331,1331,1331,1331,1331,1331,1331,1331,1331,1331,1331,1331,1331,1331,1331,1331,1331,1331,1331,1331,1331,1331,1331,1331,1331,1331,1331,1331,1331,1331,1331,1331,1331,1331,1331,1331,1331,1331,1331,1331,1331,1331,1331,1331
1259,1259,1259,1259,1259,1259,1259,1259,1259,1259,1259,1259,1259,1259,1259,1259,1259,1259,1259,1259,1259,1259,1259,1259,1259,1259,1259,1259,1259,1259,1259,1259,1259,1259,1259,1259,1259,1259,1259,1259,1259,1259,1259,1259,1259,1259,1259,1259,1259,1259
1331,1331,1331,1331,1331,1331,1331,1331,1331,1331,1331,1331,1331,1331,1331,1331,1331,1331,1331,1331,1331,1331,1331,1331,1331,1331,1331,1331,1331,1331,1331,1331,1331,1331,1331,1331,1331,1331,1331,1331,1331,1331,1331,1331,1331,1331,1331,1331,1331,1867
1259,1259,1259,1259,1259,1259,1259,1259,1259,1259,1259,1259,1259,1259,1259,1259,1259,1259,1259,1259,1259,1259,1259,1259,1259,1259,1259,1259,1259,1259,1259,1259,1259,1259,1259,1259,1259,1259,1259,1259,1259,1259,1259,1259,1259,1259,1259,1259,1259,1259
1331,1331,1331,1331,1331,1331,1331,1331,1331,1331,1331,1331,1331,1331,1331,1331,1331,1331,1331,1331,1331,1331,1331,1331,1331,1331,1331,1331,1331,1331,1331,1331,1331,1331,1331,1331,1331,1331,1331,1331,1331,1331,1331,1331,1331,1331,1331,1331,1331,1331
1259,1259,1259,1259,1259,1259,1259,1259,1259,1259,1259,1259,1259,1259,1259,1259,1259,1259,1259,1259,1259,1259,1259,1259,1259,1259,1259,1259,1259,1259,1259,1259,1259,1259,1259,1259,1259,1259,1259,1259,1259,1259,1259,1259,1259,1259,1259,1259,1259,1259
1331,1331,1331,1331,1331,1331,1331,1331,1331,1331,1331,1331,1331,1331,1331,1331,1331,1331,1331,1331,1331,1331,1331,1331,1331,1331,1331,1331,1331,1331,1331,1331,1331,1331,1331,1331,1331,1331,1331,1331,1331,1331,1331,1331,1331,1331,1331,1331,1331,1331
1259,1259,1259,1259,1259,1259,1259,1259,1259,1259,1259,1259,1259,1259,1259,1259,1259,1259,1259,1259,1259,1259,1259,1259,1259,1259,1259,1259,1259,1259,1259,1259,1259,1259,1259,1259,1259,1259,1259,1259,1259,1259,1259,1259,1259,1259,1259,1259,1259,1259
1331,1331,1331,1331,1331,1331,1331,1331,1331,1331,1331,1331,1331,1331,1331,1331,1331,1331,1331,1331,1331,1331,1331,1331,1331,1331,1331,1331,1331,1732,1331,1331,1331,1331,1331,1331,1331,1331,1331,1331,1331,1331,1331,1331,1331,1331,1331,1331,1331,1331
1259,1259,1259,1259,1218,1218,1259,1259,1259,1259,1259,1259,1259,1259,1259,1259,1259,1259,1259,1259,1218,1259,1259,1259,1259,1259,1259,1218,1259,1259,1218,1259,1259,1259,1259,1259,1259,1259,1259,1259,1259,1259,1218,1259,1259,1259,1259,1259,1259,1259
1331,1331,1331,1331,1331,1331,1331,1331,1331,1331,1720,1331,1331,1331,1331,1331,1331,1331,1331,1331,1331,1331,1331,1331,1331,1331,1331,1331,1331,1331,1331,1331,1331,1331,1331,1331,1331,1331,1331,1331,1331,1331,1331,1331,1331,1331,1331,1331,1331,1331
1259,1259,1259,1259,1259,1259,1259,1259,1259,1259,1259,1259,1259,1259,1259,1259,1259,1259,1259,1259,1259,1259,1259,1259,1259,1259,1259,1259,1259,1259,1259,1259,1259,1259,1259,1259,1259,1259,1259,1259,1259,1259,1259,1259,1259,1259,1259,1259,1259,1259
1331,1331,1331,1331,1331,1331,1331,1331,1331,1331,1331,1331,1331,1331,1331,1331,1331,1331,1331,1331,1331,1331,1331,1331,1331,1331,1331,1331,1331,1331,1331,1331,1331,1331,1331,1331,1331,1331,1331,1331,1331,1331,1331,1331,1331,1331,1331,1331,1331,1331
1259,1259,1259,1259,1259,1259,1259,1259,1259,1259,1259,1259,1259,1259,1259,1259,1259,1259,1259,1259,1259,1259,1259,1259,1259,1259,1259,1259,1259,1259,1259,1259,1259,1259,1259,1259,1259,1259,1259,1259,1259,1259,1259,1259,1259,1259,1259,1259,1259,1259
1331,1331,1331,1331,1331,1331,1331,1331,1331,1331,1331,1331,1331,1331,1331,1331,1331,1331,1331,1818,1331,1331,1331,1331,1331,1331,1331,1331,1331,1331,1331,1331,1331,1331,1331,1331,1331,1331,1331,1331,1331,1331,1331,1331,1331,1331,1331,1331,1331,1331
1259,1259,1259,1259,1259,1259,1259,1259,1259,1259,1259,1259,1259,1259,1259,1259,1259,1259,1259,1259,1259,1259,1259,1259,1259,1259,1259,1259,1259,1259,1259,1259,1259,1259,1259,1259,1259,1259,1259,1259,1259,1259,1259,1259,1259,1259,1259,1259,1259,1259
1331,1331,1331,1331,1331,1331,1331,1331,1331,1331,1331,1331,1331,1331,1331,1331,1331,1331,1331,1331,1331,1331,1331,1331,1331,1331,1331,1331,1331,1331,1331,1331,1331,1331,1331,1331,1331,1331,1331,1331,1331,1331,1331,1331,1331,1331,1331,1331,1331,1331
1259,1259,1259,1259,1259,1259,1259,1259,1259,1259,1259,1259,1259,1259,1259,1259,1259,1259,1259,1259,1259,1259,1259,1259,1259,1259,1259,1259,1259,1259,1259,1259,1259,1259,1259,1259,1259,1259,1259,1259,1259,1259,1259,1259,1259,1259,1259,1259,1259,1259
1331,1331,1331,1331,1331,1331,1331,1331,1331,1331,1331,1331,1331,1331,1331,1331,1331,1331,1331,1331,1331,1331,1331,1331,1331,1331,1331,1331,1331,1331,1331,1331,1331,1331,1331,1331,1331,1331,1331,1331,1331,1331,1331,1331,1331,1331,1331,1331,1331,1331
1259,1259,1259,1259,1259,1259,1259,1259,1259,1259,1259,1259,1259,1259,1259,1259,1259,1259,1259,1259,1259,1259,1259,1259,1259,1259,1259,1259,1259,1259,1259,1259,1259,1259,1259,1259,1259,1259,1259,1259,1259,1259,1259,1259,1259,1259,1259,1259,1259,1259
1331,1331,1331,1331,1331,1331,1331,1331,1331,1331,1331,1331,1331,1331,1331,1331,1331,1331,1331,1331,1331,1331,1331,1331,1331,1331,1331,1331,1331,1331,1331,1331,1331,1331,1331,1331,1331,1331,1331,1331,1331,1331,1331,1331,1331,1331,1331,1331,1331,1331
1259,1259,1259,1259,1259,1259,1259,1259,1259,1259,1259,1259,1259,1259,1259,1259,1259,1259,1259,1259,1259,1259,1259,1259,1259,1259,1259,1259,1259,1259,1259,1259,1259,1259,1259,1259,1259,1259,1259,1259,1259,1259,1259,1259,1259,1259,1259,1259,1259,1259
1331,1311,1331,1331,1331,1331,1331,1331,1331,1331,1331,1331,1331,1331,1331,1331,1331,1331,1331,1331,1331,1331,1331,1331,1331,1331,1331,1331,1331,1331,1331,1331,1331,1331,1331,1331,1311,1331,1331,1331,1331,1331,1331,1331,1331,1331,1331,1331,1311,1331
1259,1206,1259,1259,1259,1259,1259,1259,1259,1259,1259,1259,1259,1259,1259,1259,1259,1259,1259,1259,1259,1259,1259,1259,1259,1259,1259,1259,1259,1259,1259,1259,1259,1259,1259,1259,1259,1259,1259,1259,1259,1259,1259,1259,1259,1259,1259,1259,1259,1259
1331,1331,1331,1331,1331,1331,1331,1331,1331,1331,1331,1331,1331,1331,1331,1331,1331,1331,1331,1331,1331,1331,1331,1331,1331,1331,1331,1331,1331,1331,1331,1331,1331,1331,1331,1331,1331,1331,1331,1331,1331,1331,1331,1331,1331,1331,1331,1331,1331,1331
1259,1259,1259,1259,1259,1259,1259,1259,1259,1259,1259,1259,1259,1259,1259,1259,1259,1259,1259,1259,1259,1259,1259,1259,1259,1259,1259,1259,1259,1259,1259,1259,1259,1259,1259,1259,1259,1259,1259,1259,1259,1259,1259,1259,1259,1259,1259,1259,1259,1259
1331,1331,1331,1331,1331,1331,1331,1331,1331,1331,1331,1331,1331,1331,1331,1331,1331,1331,1331,1331,1331,1331,1331,1331,1331,1331,1331,1331,1331,1331,1331,1331,1331,1331,1331,1331,1331,1331,1331,1331,1331,1331,1331,1331,1331,1331,1331,1331,1331,1331
1259,1259,1259,1259,1259,1259,1259,1259,1259,1259,1259,1259,1259,1259,1259,1259,1259,1259,1259,1259,1259,1259,1259,1259,1259,1259,1259,1259,1259,1259,1259,1259,1259,1259,1259,1259,1259,1259,1259,1259,1259,1259,1259,1259,1259,1259,1259,1259,1259,1259
1307,1307,1331,1331,1331,1331,1331,1331,1331,1331,1331,1331,1331,1331,1331,1331,1331,1331,1331,1331,1331,1331,1331,1331,1331,1331,1331,1331,1331,1331,1331,1331,1331,1331,1331,1331,1331,1331,1331,1331,1331,1331,1331,1331,1331,1331,1331,1307,1331,1331
1259,1259,1259,1259,1259,1259,1259,1259,1259,1259,1259,1259,1259,1259,1259,1259,1259,1259,1259,1259,1259,1259,1259,1259,1259,1259,1259,1259,1259,1259,1259,1259,1259,1259,1259,1259,1259,1259,1259,1259,1259,1259,1259,1259,1259,1259,1259,1259,1259,1259
1331,1331,1331,1331,1331,1331,1331,1331,1331,1331,1331,1331,1331,1331,1331,1331,1331,1331,1331,1331,1331,1331,1331,1331,1331,1331,1331,1331,1331,1331,1331,1331,1331,1331,1331,1331,1331,1331,1331,1331,1331,1331,1331,1331,1331,1587,1331,1331,1331,1331
1259,1259,1259,1259,1259,1259,1259,1259,1259,1259,1259,1259,1259,1259,1259,1259,1259,1259,1259,1259,1259,1259,1259,1259,1259,1259,1259,1259,1259,1259,1259,1656,1259,1259,1259,1259,1259,1259,1259,1259,1259,1259,1259,1259,1259,1259,1259,1259,1259,1259
1331,1331,1331,1331,1331,1331,1331,1331,1331,1331,1331,1331,1331,1331,1331,1331,1331,1331,1331,1331,1331,1331,1331,1331,1331,1331,1331,1331,1331,1331,1331,1331,1331,1331,1331,1331,1331,1331,1331,1331,1331,1331,1331,1331,1331,1331,1331,1331,1331,1331
1259,1239,1259,1239,1259,1259,1259,1259,1259,1259,1259,1259,1259,1259,1259,1259,1239,1259,1259,1259,1239,1259,1259,1259,1259,1259,1259,1259,1259,1259,1259,1259,1259,1259,1259,1259,1259,1259,1259,1259,1259,1259,1259,1259,1239,1259,1259,1259,1259,1259
1331,1331,1331,1331,1331,1331,1331,1331,1331,1331,1331,1331,1331,1331,1331,1331,1331,1331,1331,1331,1331,1331,1331,1331,1331,1331,1331,1331,1331,1331,1331,1331,1331,1331,1331,1482,1331,1331,1331,1331,1331,1331,1331,1331,1331,1331,1331,1331,1331,1331
1259,1259,1239,1259,1259,1259,1239,1259,1259,1259,1239,1259,1259,1259,1259,1259,1259,1259,1259,1259,1259,1259,1259,1259,1239,1259,1259,1239,1259,1259,1259,1239,1259,1259,1259,1259,1259,1239,1259,1259,1259,1259,1259,1259,1259,1259,1259,1259,1259,1259
1331,1331,1331,1331,1331,1331,1331,1331,1331,1331,1331,1331,1331,1331,1331,1331,1331,1185,1331,1331,1331,1185,1331,1331,1331,1331,1331,1331,1331,1139,1331,1331,1331,1331,1331,1331,1139,1331,1331,1331,1331,1331,1331,1331,1331,1331,1331,1139,1331,1331
1259,1259,1259,1259,1259,1259,1259,1259,1259,1259,1259,1259,1259,1259,1259,1259,1259,1259,1259,1259,1259,1259,1259,1259,1259,1259,1259,1259,1259,1259,1259,1259,1259,1259,1259,1259,1259,1259,1259,1259,1259,1259,1259,1259,1259,1259,1259,1259,1259,1259
1331,1331,1331,1331,1331,1331,1331,1331,1331,1331,1331,1331,1331,1331,1331,1331,1295,1331,1295,1331,1331,1331,1331,1331,1331,1331,1331,1331,1331,1331,1331,1331,1331,1331,1331,1331,1331,1331,1331,1331,1331,1331,1331,1331,1331,1331,1331,1331,1331,1331
1259,1259,1259,1259,1259,1259,1259,1259,1259,1259,1259,1259,1259,1259,1259,1259,1259,1259,1259,1259,1259,1259,1259,1259,1259,1259,1259,1259,1259,1259,1259,1259,1259,1259,1259,1259,1259,1259,1259,1259,1259,1259,1259,1259,1259,1259,1259,1259,1259,1259
1331,1331,1331,1331,1331,1331,1331,1331,1331,1331,1331,1331,1331,1331,1331,1331,1331,1331,1331,1331,1331,1331,1331,1546,1331,1331,1331,1331,1331,1331,1331,1331,1331,1331,1331,1331,1331,1331,1331,1331,1331,1331,1331,1331,1331,1331,1331,1331,1331,1331
1259,1259,1259,1259,1259,1259,1259,1259,1259,1259,1259,1259,1259,1259,1259,1259,1259,1259,1259,1259,1259,1259,1259,1259,1259,1259,1259,1259,1259,1259,1259,1259,1259,1259,1259,1259,1259,1259,1259,1259,1259,1259,1259,1259,1259,1259,1259,1259,1259,1259
1140,1331,1331,1331,1140,1140,1331,1331,1331,1331,1331,1331,1331,1331,1331,1331,1331,1140,1331,1331,1331,1140,1140,1331,1331,1331,1331,1331,1140,1331,1331,1331,1331,1140,1140,1331,1140,1331,1140,1140,1331,1331,1140,1331,1331,1331,1331,1331,1331,1331
1259,1259,1673,1259,1259,1259,1259,1259,1259,1259,1259,1259,1259,1259,1259,1259,1259,1259,1259,1259,1259,1259,1259,1259,1259,1259,1259,1259,1259,1259,1259,1259,1259,1259,1259,1259,1259,1259,1259,1259,1259,1259,1259,1259,1259,1259,1259,1259,1259,1259
1331,1331,1331,1292,1331,1331,1331,1331,1331,1331,1331,1331,1331,1292,1292,1331,1331,1331,1331,1331,1331,1331,1331,1331,1331,1331,1331,1331,1331,1331,1331,1292,1331,1331,1331,1331,1331,1331,1331,1331,1292,1331,1331,1331,1331,1331,1331,1331,1331,1331
1259,1259,1259,1259,1259,1259,1259,1259,1259,1876,1259,1137,1259,1259,1259,1259,1259,1259,1259,1259,1259,1259,1259,1259,1137,1259,1259,1259,1259,1259,1259,1259,1259,1259,1259,1259,1259,1259,1259,1259,1259,1259,1259,1259,1259,1259,1259,1259,1259,1259
1331,1331,1331,1331,1331,1331,1331,1331,1331,1331,1331,1331,1331,1331,1331,1331,1331,1331,1331,1331,1331,1331,1331,1331,1331,1331,1331,1331,1331,1331,1331,1331,1331,1331,1331,1331,1331,1331,1331,1331,1331,1331,1331,1331,1331,1331,1331,1331,1331,1331
1259,1259,1259,1259,1259,1724,1259,1259,1259,1259,1259,1259,1259,1259,1259,1259,1259,1259,1259,1259,1259,1259,1259,1259,1259,1259,1259,1259,1259,1259,1259,1259,1259,1259,1259,1259,1259,1259,1259,1259,1259,1259,1259,1259,1259,1259,1259,1259,1259,1259
1331,1331,1331,1331,1331,1331,1331,1331,1331,1331,1331,1331,1331,1331,1331,1331,1331,1331,1331,1331,1331,1331,1331,1331,1331,1331,1331,1331,1331,1331,1331,1331,1331,1331,1331,1331,1331,1331,1331,1331,1331,1331,1331,1331,1331,1331,1331,1331,1331,1331
1259,1259,1259,1259,1259,1259,1259,1259,1259,1259,1259,1259,1259,1259,1259,1259,1259,1259,1259,1259,1259,1259,1259,1259,1259,1259,1259,1259,1259,1259,1606,1259,1259,1259,1259,1259,1259,1259,1259,1259,1259,1259,1259,1259,1259,1259,1259,1259,1259,1259
1331,1331,1331,1331,1331,1331,1331,1331,1331,1331,1331,1331,1331,1331,1331,1331,1331,1331,1331,1331,1331,1331,1331,1331,1331,1331,1331,1331,1331,1331,1331,1331,1331,1331,1331,1331,1331,1331,1331,1331,1331,1331,1331,1331,1331,1331,1331,1331,1331,1331
1259,1259,1259,1259,1259,1259,1259,1259,1259,1259,1259,1259,1259,1259,1259,1259,1259,1259,1259,1259,1259,1259,1259,1259,1259,1259,1259,1259,1259,1259,1259,1259,1259,1259,1259,1259,1259,1259,1259,1259,1259,1259,1259,1259,1259,1259,1259,1259,1259,1259
1331,1331,1331,1331,1331,1331,1331,1331,1331,1331,1331,1331,1331,1331,1331,1331,1331,1331,1331,1331,1331,1331,1331,1331,1331,1331,1331,1331,1331,1331,1331,1331,1331,1331,1331,1331,1331,1331,1331,1331,1331,1331,1331,1331,1331,1331,1331,1331,1331,1331
1259,1259,1259,1259,1259,1259,1259,1259,1259,1259,1259,1259,1259,1259,1259,1259,1259,1259,1259,1259,1259,1259,1259,1259,1259,1259,1259,1259,1259,1259,1259,1259,1259,1259,1259,1259,1259,1259,1259,1259,1259,1259,1259,1259,1259,1259,1259,1259,1259,1259
1331,1331,1331,1331,1331,1331,1331,1331,1331,1331,1331,1331,1331,1331,1331,1331,1201,1331,1331,1331,1331,1331,1331,1201,1331,1331,1331,1331,1331,1331,1331,1331,1331,1331,1331,1331,1331,1331,1331,1331,1331,1331,1331,1331,1331,1331,1331,1201,1331,1331
1259,1259,1259,1238,1259,1259,1259,1238,1259,1259,1259,1259,1259,1259,1259,1259,1259,1259,1259,1259,1259,1879,1259,1238,1259,1259,1259,1259,1259,1259,1259,1259,1259,1238,1259,1259,1259,1259,1259,1259,1238,1259,1259,1259,1259,1259,1259,1259,1259,1259
1331,1331,1331,1331,1331,1331,1331,1331,1429,1331,1331,1331,1239,1331,1331,1331,1331,1331,1331,1331,1331,1331,1331,1331,1331,1331,1331,1331,1331,1331,1331,1331,1331,1331,1331,1331,1331,1331,1331,1331,1331,1331,1331,1239,1331,1331,1331,1331,1331,1331
1259,1259,1259,1259,1259,1259,1259,1259,1259,1259,1238,1259,1259,1259,1259,1259,1259,1259,1259,1259,1259,1259,1259,1259,1259,1238,1259,1259,1259,1238,1259,1259,1259,1259,1259,1259,1259,1259,1259,1259,1259,1259,1259,1259,1259,1259,1259,1259,1259,1259
1331,1331,1331,1331,1331,1331,1331,1331,1331,1331,1331,1239,1331,1239,1331,1331,1331,1331,1331,1331,1239,1331,1331,1331,1331,1331,1239,1331,1331,1331,1331,1331,1331,1331,1331,1331,1331,1331,1331,1331,1331,1331,1331,1331,1331,1331,1331,1331,1331,1331
1259,1183,1259,1259,1183,1259,1259,1259,1259,1259,1259,1259,1259,1259,1259,1259,1259,1259,1183,1259,1259,1259,1259,1259,1259,1259,1259,1259,1259,1259,1259,1259,1259,1259,1259,1259,1183,1259,1259,1259,1259,1259,1183,1259,1259,1259,1259,1259,1259,1259
1331,1331,1331,1331,1331,1331,1331,1331,1331,1331,1331,1331,1331,1331,1331,1331,1331,1331,1331,1331,1331,1331,1331,1331,1331,1331,1331,1331,1331,1331,1331,1331,1331,1331,1331,1331,1331,1331,1331,1331,1331,1331,1331,1331,1331,1331,1331,1331,1331,1331
1259,1259,1259,1259,1259,1259,1259,1259,1259,1259,1259,1259,1259,1259,1259,1259,1259,1259,1259,1259,1259,1259,1259,1259,1259,1259,1259,1259,1259,1259,1259,1259,1259,1259,1259,1259,1259,1259,1259,1259,1259,1259,1259,1259,1259,1259,1259,1259,1259,1259
1331,1331,1331,1331,1331,1331,1331,1331,1331,1331,1331,1331,1331,1331,1331,1331,1331,1331,1331,1331,1331,1331,1331,1331,1331,1331,1331,1331,1331,1331,1331,1331,1331,1331,1331,1331,1331,1331,1331,1331,1331,1331,1331,1331,1331,1331,1331,1331,1331,1331
1259,1259,1259,1259,1259,1259,1259,1259,1259,1259,1259,1259,1259,1259,1259,1259,1259,1259,1259,1259,1259,1259,1259,1259,1259,1846,1259,1259,1259,1259,1259,1259,1259,1259,1259,1259,1259,1259,1259,1259,1259,1259,1259,1259,1259,1259,1259,1259,1259,1259
1331,1331,1331,1331,1331,1331,1331,1331,1331,1331,1331,1331,1331,1331,1331,1331,1331,1331,1331,1331,1331,1331,1331,1331,1331,1331,1331,1331,1331,1331,1331,1331,1331,1331,1331,1331,1331,1331,1331,1331,1331,1331,1331,1331,1331,1331,1331,1331,1331,1331
1259,1259,1259,1259,1259,1259,1259,1259,1259,1259,1259,1259,1259,1259,1259,1259,1259,1259,1259,1259,1259,1259,1259,1259,1259,1259,1259,1259,1259,1259,1259,1259,1259,1259,1259,1259,1259,1259,1259,1259,1259,1259,1259,1259,1259,1259,1259,1259,1259,1259
1331,1331,1331,1331,1331,1331,1331,1331,1331,1331,1331,1331,1331,1331,1331,1331,1331,1331,1331,1331,1331,1331,1331,1331,1331,1331,1331,1331,1331,1331,1331,1331,1331,1331,1331,1331,1331,1331,1331,1331,1331,1331,1331,1331,1331,1331,1331,1331,1331,1331
1259,1259,1259,1259,1259,1259,1259,1259,1259,1259,1259,1259,1259,1259,1259,1259,1259,1259,1259,1259,1259,1259,1259,1259,1259,1259,1259,1259,1259,1259,1259,1259,1259,1259,1259,1259,1259,1259,1259,1259,1259,1259,1259,1259,1259,1259,1259,1259,1259,1259
1331,1331,1331,1331,1331,1331,1331,1331,1331,1331,1331,1331,1331,1331,1331,1331,1331,1331,1331,1331,1331,1331,1331,1331,1331,1331,1331,1331,1331,1331,1331,1331,1331,1331,1331,1331,1331,1331,1331,1331,1331,1331,1331,1331,1331,1331,1331,1331,1331,1331
1259,1259,1259,1259,1259,1259,1259,1259,1259,1259,1259,1185,1259,1259,1259,1259,1259,1185,1259,1185,1259,1259,1259,1259,1259,1259,1259,1259,1259,1259,1259,1259,1259,1259,1259,1259,1259,1259,1259,1259,1185,1259,1259,1259,1259,1259,1185,1259,1259,1259
1331,1331,1331,1331,1331,1331,1331,1331,1331,1331,1331,1331,1331,1331,1331,1331,1331,1331,1331,1331,1331,1331,1331,1331,1331,1331,1331,1331,1331,1331,1331,1331,1331,1331,1331,1331,1331,1331,1331,1331,1331,1331,1331,1331,1331,1331,1331,1331,1331,1331
1259,1259,1259,1259,1259,1259,1259,1259,1259,1259,1259,1259,1259,1259,1259,1259,1259,1259,1259,1259,1259,1259,1259,1259,1259,1259,1259,1259,1259,1259,1259,1259,1259,1259,1259,1259,1259,1259,1259,1259,1259,1259,1259,1259,1259,1259,1259,1259,1259,1259
1331,1331,1331,1331,1331,1331,1331,1331,1331,1331,1331,1331,1331,1331,1331,1331,1331,1331,1331,1331,1331,1331,1331,1331,1331,1331,1331,1331,1331,1331,1331,1331,1331,1331,1331,1331,1331,1331,1331,1331,1331,1331,1331,1331,1331,1331,1331,1331,1331,1331
1259,1259,1259,1259,1259,1259,1259,1259,1259,1259,1259,1259,1259,1259,1259,1259,1259,1259,1259,1259,1259,1259,1259,1259,1259,1259,1259,1259,1259,1259,1259,1259,1259,1259,1259,1259,1259,1259,1259,1259,1259,1259,1259,1259,1259,1259,1259,1259,1259,1259
1331,1331,1331,1331,1331,1331,1331,1331,1331,1331,1331,1331,1331,1331,1331,1331,1331,1331,1331,1331,1331,1331,1331,1331,1331,1331,1331,1331,1331,1331,1331,1331,1331,1331,1331,1331,1331,1331,1331,1331,1331,1331,1331,1331,1331,1331,1331,1331,1331,1331
1259,1259,1259,1259,1259,1259,1259,1259,1259,1259,1259,1259,1259,1259,1259,1259,1259,1259,1259,1259,1259,1259,1259,1259,1259,1259,1259,1259,1259,1259,1259,1259,1259,1259,1259,1259,1259,1259,1259,1259,1259,1259,1259,1259,1259,1259,1259,1259,1259,1259
1331,1331,1331,1298,1331,1331,1331,1331,1331,1331,1331,1331,1331,1331,1331,1331,1331,1331,1331,1331,1331,1331,1331,1331,1331,1331,1331,1331,1331,1331,1331,1331,1331,1298,1331,1331,1331,1298,1331,1331,1331,1331,1331,1331,1331,1331,1331,1331,1298,1298
1259,1259,1259,1259,1259,1259,1259,1259,1259,1259,1259,1259,1259,1259,1259,1259,1259,1259,1259,1259,1259,1259,1259,1259,1259,1259,1259,1259,1259,1259,1259,1259,1259,1259,1259,1259,1259,1259,1259,1259,1259,1259,1259,1259,1259,1259,1259,1259,1259,1259
1331,1331,1331,1331,1331,1331,1331,1331,1331,1331,1331,1331,1331,1331,1331,1331,1331,1331,1331,1331,1331,1331,1331,1331,1331,1331,1331,1331,1331,1331,1331,1331,1331,1331,1331,1331,1331,1331,1331,1331,1331,1331,1331,1331,1331,1331,1331,1331,1331,1331
1259,1259,1259,1259,1259,1259,1259,1259,1259,1259,1259,1259,1259,1259,1259,1259,1259,1259,1259,1259,1259,1259,1259,1259,1259,1259,1259,1259,1259,1259,1259,1259,1259,1259,1259,1259,1259,1259,1259,1259,1259,1259,1259,1259,1259,1259,1259,1259,1259,1259
1331,1331,1331,1331,1331,1331,1331,1331,1331,1331,1331,1331,1331,1331,1331,1331,1331,1331,1331,1331,1331,1331,1331,1331,1331,1331,1331,1331,1331,1331,1331,1331,1331,1331,1331,1331,1331,1331,1331,1331,1331,1331,1331,1331,1331,1331,1331,1331,1331,1331
1259,1259,1259,1259,1259,1259,1259,1259,1259,1259,1259,1259,1259,1259,1259,1259,1259,1259,1259,1259,1259,1259,1259,1259,1259,1259,1259,1259,1259,1259,1259,1259,1259,1259,1259,1259,1259,1259,1259,1259,1259,1259,1259,1259,1259,1259,1259,1259,1259,1259
1331,1331,1331,1331,1331,1331,1331,1331,1331,1331,1331,1331,1331,1331,1331,1331,1331,1331,1331,1331,1331,1331,1331,1331,1331,1331,1331,1331,1331,1331,1331,1331,1331,1331,1331,1331,1331,1331,1331,1331,1331,1331,1331,1331,1331,1331,1331,1331,1331,1331
1259,1259,1259,1259,1259,1259,1259,1259,1259,1259,1259,1259,1259,1259,1259,1259,1259,1259,1259,1259,1259,1259,1259,1259,1259,1259,1259,1259,1259,1259,1259,1259,1259,1259,1259,1259,1259,1259,1259,1259,1259,1259,1259,1259,1259,1259,1259,1259,1259,1259
1331,1331,1331,1331,1331,1331,1331,1331,1331,1331,1331,1331,1331,1331,1331,1331,1331,1331,1331,1331,1331,1331,1331,1331,1331,1331,1331,1331,1331,1331,1331,1331,1331,1331,1331,1331,1331,1331,1331,1331,1331,1331,1331,1331,1331,1331,1331,1331,1331,1331
1259,1259,1259,1259,1259,1259,1259,1259,1259,1259,1259,1259,1259,1259,1259,1259,1259,1259,1259,1259,1259,1259,1259,1259,1259,1259,1259,1259,1259,1259,1259,1259,1259,1259,1259,1259,1259,1259,1259,1259,1259,1259,1259,1259,1259,1259,1259,1259,1259,1259
1331,1331,1331,1331,1331,1331,1331,1331,1331,1331,1331,1331,1331,1331,1331,1331,1331,1331,1331,1331,1331,1331,1331,1331,1331,1331,1331,1331,1331,1331,1331,1331,1331,1331,1331,1331,1331,1331,1331,1331,1331,1331,1331,1331,1331,1331,1331,1331,1331,1331
1259,1259,1259,1259,1259,1259,1259,1259,1259,1259,1259,1259,1259,1259,1259,1259,1259,1259,1259,1259,1259,1259,1259,1259,1259,1259,1259,1259,1259,1259,1259,1259,1259,1259,1259,1259,1259,1259,1259,1259,1259,1259,1259,1259,1259,1259,1259,1259,1259,1259
1331,1331,1331,1331,1331,1331,1331,1331,1331,1331,1331,1331,1331,1331,1331,1331,1331,1331,1331,1331,1331,1331,1331,1331,1331,1331,1331,1331,1331,1331,1331,1331,1331,1331,1331,1331,1331,1331,1331,1331,1331,1331,1331,1331,1331,1331,1331,1331,1331,1331
1259,1259,1259,1259,1259,1259,1259,1259,1259,1259,1259,1259,1259,1259,1259,1259,1259,1259,1259,1259,1259,1259,1259,1259,1259,1259,1259,1259,1259,1259,1259,1259,1259,1259,1259,1259,1259,1259,1259,1259,1259,1789,1259,1259,1259,1259,1259,1259,1259,1259
1331,1331,1331,1331,1331,1331,1331,1331,1331,1331,1331,1331,1331,1331,1331,1331,1331,1317,1331,1331,1331,1331,1331,1331,1331,1331,1331,1317,1331,1317,1331,1331,1331,1331,1331,1331,1331,1331,1331,1331,1331,1331,1331,1331,1331,1331,1317,1331,1317,1331
1259,1259,1259,1259,1259,1259,1259,1259,1259,1259,1259,1259,1259,1259,1259,1259,1259,1259,1259,1259,1259,1259,1259,1259,1259,1259,1259,1259,1259,1259,1259,1259,1259,1259,1259,1259,1259,1259,1259,1259,1259,1259,1259,1259,1259,1259,1259,1259,1259,1259
1331,1331,1331,1331,1331,1331,1331,1331,1331,1331,1331,1331,1331,1331,1331,1331,1331,1331,1331,1331,1331,1331,1331,1331,1331,1331,1331,1331,1331,1331,1331,1331,1331,1331,1331,1331,1331,1331,1331,1331,1331,1331,1331,1331,1331,1331,1331,1331,1331,1331
1259,1259,1259,1259,1259,1259,1259,1259,1259,1259,1259,1259,1259,1259,1259,1259,1259,1259,1259,1259,1259,1259,1259,1259,1259,1259,1259,1259,1259,1259,1259,1259,1259,1259,1259,1259,1259,1259,1259,1259,1259,1259,1259,1259,1259,1259,1259,1259,1259,1259
1331,1331,1331,1331,1331,1331,1331,1331,1331,1331,1331,1331,1320,1331,1331,1320,1331,1331,1331,1331,1320,1331,1331,1331,1331,1331,1331,1331,1331,1331,1331,1320,1331,1320,1331,1331,1320,1331,1331,1331,1331,1331,1331,1320,1331,1331,1331,1331,1331,1320
1259,1259,1259,1259,1259,1259,1259,1259,1259,1259,1259,1259,1259,1259,1259,1259,1259,1259,1259,1259,1259,1259,1259,1259,1259,1259,1259,1259,1259,1259,1259,1259,1259,1259,1259,1259,1259,1259,1259,1259,1259,1259,1259,1259,1259,1259,1259,1259,1259,1259
1331,1331,1331,1331,1331,1331,1331,1331,1331,1331,1331,1331,1331,1331,1331,1331,1331,1331,1331,1331,1331,1331,1331,1331,1331,1331,1331,1331,1331,1331,1331,1331,1331,1331,1331,1331,1331,1331,1331,1331,1331,1331,1331,1331,1331,1331,1331,1331,1331,1331
1259,1259,1259,1259,1259,1259,1259,1259,1259,1259,1259,1259,1259,1259,1259,1259,1259,1259,1259,1259,1259,1259,1259,1259,1259,1259,1259,1259,1259,1259,1259,1259,1259,1259,1259,1259,1259,1259,1259,1259,1259,1259,1259,1259,1259,1259,1259,1259,1259,1259
1331,1331,1331,1331,1331,1331,1331,1331,1331,1331,1331,1331,1331,1331,1331,1331,1331,1331,1331,1331,1331,1331,1331,1331,1331,1880,1331,1331,1331,1331,1331,1331,1331,1331,1331,1331,1331,1331,1331,1331,1331,1331,1331,1331,1331,1331,1331,1331,1331,1331
1259,1259,1259,1259,1259,1259,1259,1259,1259,1259,1259,1259,1259,1259,1259,1259,1259,1259,1259,1259,1259,1259,1259,1259,1259,1259,1259,1259,1259,1259,1259,1259,1259,1259,1259,1259,1259,1259,1259,1259,1259,1259,1259,1259,1259,1259,1259,1259,1259,1259
1331,1331,1331,1331,1331,1331,1331,1331,1331,1331,1331,1331,1331,1331,1331,1331,1331,1331,1331,1331,1331,1331,1331,1331,1331,1331,1331,1331,1331,1331,1331,1331,1331,1331,1331,1331,1331,1331,1331,1331,1331,1331,1331,1331,1331,1331,1331,1331,1331,1331
1259,1259,1259,1259,1259,1259,1259,1259,1259,1259,1259,1259,1259,1259,1259,1259,1259,1259,1259,1259,1259,1259,1259,1259,1259,1259,1259,1259,1259,1259,1259,1259,1259,1259,1259,1813,1259,1259,1259,1259,1259,1259,1259,1259,1259,1259,1259,1259,1259,1259
1331,1331,1331,1331,1331,1331,1331,1331,1331,1331,1331,1331,1331,1331,1331,1331,1331,1331,1331,1331,1331,1331,1331,1331,1331,1331,1331,1331,1331,1331,1408,1331,1331,1331,1331,1331,1331,1331,1331,1331,1331,1331,1331,1331,1331,1331,1331,1331,1331,1331
1259,1259,1259,1259,1259,1259,1259,1259,1259,1259,1259,1259,1259,1259,1259,1259,1259,1259,1259,1259,1259,1259,1259,1259,1259,1259,1259,1259,1259,1259,1259,1259,1259,1259,1259,1259,1259,1259,1259,1259,1259,1259,1259,1259,1259,1259,1259,1259,1259,1259
1331,1331,1331,1331,1331,1331,1331,1331,1331,1331,1331,1331,1331,1331,1331,1331,1331,1331,1331,1331,1331,1331,1331,1331,1331,1331,1331,1331,1331,1331,1331,1331,1331,1331,1331,1331,1331,1331,1331,1331,1331,1331,1331,1331,1331,1331,1331,1331,1331,1331
1259,1259,1259,1259,1259,1259,1259,1259,1259,1259,1259,1259,1259,1259,1259,1259,1259,1259,1259,1259,1259,1259,1259,1259,1259,1259,1259,1259,1259,1259,1259,1259,1259,1259,1259,1259,1259,1259,1259,1259,1259,1259,1259,1259,1259,1259,1259,1259,1259,1259
1331,1331,1331,1331,1331,1331,1331,1331,1331,1331,1331,1331,1331,1331,1331,1331,1331,1331,1331,1331,1331,1331,1331,1331,1331,1331,1331,1331,1331,1331,1331,1331,1331,1331,1331,1331,1331,1331,1331,1331,1331,1331,1331,1331,1331,1331,1331,1331,1331,1331
1259,1259,1259,1259,1259,1259,1259,1259,1259,1259,1259,1259,1259,1259,1259,1259,1259,1259,1259,1259,1259,1259,1259,1259,1259,1259,1259,1259,1259,1259,1259,1259,1259,1259,1259,1259,1259,1259,1259,1259,1259,1259,1259,1259,1259,1259,1259,1259,1259,1259
1331,1331,1331,1331,1331,1331,1331,1331,1331,1331,1331,1331,1331,1331,1331,1331,1331,1331,1331,1331,1331,1331,1331,1331,1331,1331,1331,1331,1331,1331,1331,1331,1331,1331,1331,1331,1331,1331,1331,1331,1331,1331,1331,1331,1331,1331,1331,1331,1331,1331
1259,1259,1259,1259,1259,1259,1259,1259,1259,1259,1259,1259,1259,1259,1259,1259,1259,1259,1259,1259,1259,1259,1259,1259,1259,1259,1259,1259,1259,1259,1259,1259,1259,1259,1259,1259,1259,1259,1259,1259,1259,1259,1259,1259,1259,1259,1259,1259,1259,1259
1331,1331,1331,1331,1331,1331,1331,1331,1331,1331,1331,1331,1331,1331,1331,1331,1331,1331,1331,1331,1331,1331,1331,1331,1331,1331,1331,1331,1331,1331,1331,1331,1331,1331,1331,1331,1331,1331,1331,1331,1331,1331,1331,1331,1331,1331,1331,1331,1331,1331
1259,1259,1259,1259,1259,1259,1259,1259,1259,1259,1259,1259,1259,1259,1259,1259,1259,1259,1259,1259,1259,1259,1259,1259,1259,1259,1259,1259,1259,1259,1259,1259,1259,1259,1259,1259,1259,1259,1259,1259,1259,1259,1259,1259,1259,1259,1259,1259,1259,1259
1331,1331,1331,1331,1331,1331,1331,1331,1331,1331,1331,1331,1331,1331,1331,1331,1331,1331,1331,1331,1331,1331,1331,1331,1331,1331,1331,1331,1331,1331,1331,1331,1331,1331,1331,1331,1331,1331,1331,1331,1331,1331,1331,1331,1331,1331,1331,1948,1331,1331
1259,1259,1259,1259,1259,1259,1259,1259,1259,1259,1259,1259,1259,1259,1259,1259,1259,1259,1259,1259,1259,1259,1259,1259,1259,1259,1259,1259,1259,1259,1259,1259,1259,1259,1259,1259,1259,1259,1259,1259,1259,1259,1259,1259,1259,1259,1259,1259,1259,1259
1331,1331,1331,1331,1331,1331,1331,1331,1331,1331,1331,1331,1331,1331,1331,1331,1331,1331,1331,1251,1331,1331,1331,1331,1331,1331,1331,1331,1331,1331,1331,1331,1331,1251,1331,1331,1331,1331,1331,1331,1331,1331,1331,1331,1331,1331,1331,1331,1331,1331
1259,1259,1259,1259,1259,1259,1259,1259,1259,1259,1259,1259,1259,1259,1259,1259,1259,1259,1259,1259,1259,1259,1259,1259,1259,1259,1259,1259,1259,1259,1259,1259,1259,1259,1259,1259,1259,1259,1259,1259,1259,1259,1259,1259,1259,1259,1259,1259,1259,1259
1331,1331,1331,1331,1331,1331,1331,1331,1331,1331,1331,1331,1331,1331,1331,1331,1331,1331,1331,1331,1331,1331,1331,1331,1331,1331,1331,1331,1331,1331,1331,1331,1331,1331,1331,1331,1331,1331,1331,1331,1331,1331,1331,1331,1331,1331,1331,1331,1331,1331
1259,1259,1259,1259,1259,1259,1259,1259,1259,1259,1259,1259,1259,1259,1259,1259,1259,1259,1259,1259,1259,1259,1259,1259,1259,1259,1259,1259,1259,1259,1259,1259,1259,1259,1259,1259,1259,1259,1259,1259,1259,1259,1259,1259,1259,1259,1259,1259,1259,1259
1331,1331,1331,1331,1331,1331,1331,1331,1331,1331,1331,1331,1331,1331,1331,1331,1331,1331,1331,1331,1331,1331,1331,1331,1331,1331,1331,1331,1331,1331,1331,1331,1331,1331,1331,1331,1331,1331,1331,1331,1331,1331,1331,1331,1331,1331,1331,1331,1331,1331
1259,1259,1259,1259,1259,1259,1259,1259,1259,1259,1259,1259,1259,1259,1259,1259,1259,1259,1259,1259,1259,1259,1259,1259,1259,1259,1539,1259,1259,1259,1259,1259,1259,1259,1259,1259,1259,1259,1259,1259,1259,1259,1259,1259,1259,1259,1259,1259,1259,1259
1331,1331,1331,1331,1331,1331,1331,1331,1331,1331,1331,1331,1331,1331,1331,1331,1331,1331,1331,1331,1331,1331,1331,1331,1331,1331,1331,1331,1331,1331,1331,1331,1331,1331,1331,1331,1331,1331,1331,1331,1331,1331,1331,1331,1331,1331,1331,1331,1331,1331
1259,1259,1259,1259,1259,1259,1259,1259,1259,1259,1259,1259,1259,1259,1259,1259,1259,1259,1259,1259,1259,1259,1259,1259,1259,1259,1259,1259,1259,1259,1259,1259,1259,1259,1259,1259,1259,1259,1259,1259,1259,1259,1259,1259,1259,1259,1259,1259,1259,1259
1331,1331,1331,1331,1331,1331,1331,1331,1331,1331,1331,1331,1331,1331,1234,1331,1331,1331,1331,1331,1331,1331,1331,1331,1331,1331,1331,1331,1331,1331,1331,1331,1331,1331,1331,1331,1331,1331,1331,1331,1331,1331,1331,1331,1331,1331,1331,1331,1331,1331
1259,1259,1259,1259,1259,1259,1259,1259,1259,1259,1259,1259,1259,1259,1259,1259,1259,1259,1259,1259,1259,1259,1259,1259,1259,1259,1259,1259,1259,1259,1259,1259,1259,1259,1259,1259,1259,1259,1259,1259,1259,1259,1259,1259,1259,1259,1259,1259,1259,1259
1331,1331,1331,1331,1331,1331,1331,1331,1331,1331,1331,1331,1331,1331,1331,1331,1331,1331,1331,1331,1331,1331,1331,1331,1331,1331,1331,1331,1331,1331,1331,1331,1331,1331,1331,1331,1331,1331,1331,1331,1331,1331,1331,1331,1331,1331,1331,1331,1331,1331
1259,1259,1259,1259,1259,1259,1259,1259,1259,1259,1259,1259,1259,1259,1259,1259,1259,1259,1259,1259,1259,1259,1259,1259,1259,1259,1259,1259,1259,1259,1259,1259,1259,1259,1259,1259,1259,1259,1259,1259,1259,1259,1259,1259,1259,1259,1259,1259,1259,1259
1331,1331,1331,1331,1331,1331,1331,1331,1331,1331,1331,1331,1331,1331,1331,1331,1331,1324,1331,1331,1331,1331,1331,1331,1331,1331,1331,1331,1331,1331,1324,1331,1331,1331,1331,1331,1331,1331,1331,1331,1324,1331,1331,1324,1331,1331,1331,1331,1331,1331
1259,1259,1259,1259,1259,1259,1259,1259,1259,1259,1259,1259,1259,1259,1259,1259,1259,1259,1259,1259,1259,1259,1259,1259,1259,1259,1259,1259,1259,1259,1259,1259,1259,1259,1259,1259,1259,1259,1259,1259,1259,1259,1259,1259,1259,1259,1259,1259,1259,1259
1331,1331,1295,1331,1331,1331,1331,1331,1331,1331,1331,1295,1331,1295,1331,1331,1199,1331,1331,1295,1331,1331,1331,1331,1331,1331,1331,1331,1331,1331,1331,1331,1331,1331,1199,1331,1331,1331,1331,1199,1331,1331,1295,1331,1331,1199,1331,1295,1295,1295
1259,1259,1259,1259,1259,1259,1259,1259,1259,1259,1259,1259,1259,1259,1259,1259,1259,1259,1259,1259,1259,1259,1259,1259,1259,1259,1259,1259,1259,1259,1259,1259,1259,1259,1259,1259,1259,1259,1259,1259,1259,1259,1259,1259,1259,1259,1259,1259,1259,1259
1331,1331,1331,1331,1331,1331,1331,1331,1331,1331,1331,1331,1331,1331,1331,1331,1331,1331,1331,1331,1331,1331,1331,1331,1331,1331,1331,1331,1331,1331,1331,1331,1331,1331,1331,1331,1331,1331,1331,1331,1331,1331,1331,1331,1331,1331,1331,1331,1331,1331
1259,1259,1259,1259,1259,1259,1259,1259,1259,1259,1259,1259,1259,1259,1259,1259,1259,1259,1259,1259,1259,1259,1259,1259,1259,1259,1259,1259,1259,1259,1259,1259,1259,1259,1259,1259,1259,1259,1259,1259,1259,1259,1259,1259,1259,1259,1259,1259,1259,1259
1331,1331,1331,1331,1331,1331,1331,1331,1331,1331,1331,1331,1331,1331,1331,1331,1331,1331,1331,1331,1331,1331,1331,1331,1331,1331,1331,1331,1331,1331,1331,1331,1331,1331,1331,1331,1331,1331,1331,1331,1331,1331,1331,1331,1331,1331,1331,1331,1331,1331
1259,1259,1259,1259,1259,1259,1259,1259,1259,1259,1259,1259,1259,1259,1259,1259,1259,1259,1259,1259,1259,1259,1259,1259,1259,1259,1259,1259,1259,1259,1259,1259,1259,1259,1259,1422,1259,1259,1259,1259,1259,1259,1259,1259,1259,1259,1259,1259,1259,1259
1331,1331,1331,1331,1331,1331,1331,1331,1331,1331,1331,1331,1331,1331,1331,1331,1331,1331,1331,1331,1331,1331,1331,1331,1331,1331,1331,1331,1331,1331,1331,1331,1331,1331,1331,1331,1331,1331,1331,1331,1331,1331,1331,1331,1331,1331,1331,1331,1331,1331
1259,1259,1259,1259,1259,1259,1259,1259,1259,1259,1259,1259,1259,1259,1259,1259,1259,1259,1259,1259,1259,1259,1259,1259,1259,1259,1259,1259,1259,1259,1259,1259,1259,1259,1259,1259,1259,1259,1259,1259,1259,1259,1259,1259,1259,1259,1259,1259,1259,1259
1331,1331,1331,1331,1331,1138,1331,1138,1331,1331,1331,1331,1331,1331,1331,1331,1331,1331,1331,1331,1331,1138,1331,1331,1331,1331,1331,1331,1331,1331,1331,1331,1331,1331,1331,1331,1138,1331,1138,1331,1790,1331,1331,1331,1331,1331,1331,1331,1138,1331
1259,1259,1259,1259,1259,1259,1259,1259,1259,1259,1259,1259,1259,1259,1259,1259,1259,1259,1259,1259,1259,1259,1259,1259,1259,1259,1259,1259,1259,1259,1259,1259,1259,1259,1259,1259,1259,1259,1259,1259,1259,1259,1259,1259,1259,1259,1259,1259,1259,1259
1331,1331,1331,1331,1331,1331,1331,1331,1331,1331,1331,1331,1331,1331,1331,1331,1331,1331,1331,1331,1331,1331,1331,1331,1331,1331,1331,1331,1331,1331,1331,1331,1331,1331,1331,1331,1331,1331,1331,1331,1331,1331,1331,1331,1331,1331,1331,1331,1331,1331
1259,1259,1259,1259,1259,1259,1259,1259,1259,1259,1534,1259,1259,1259,1259,1259,1259,1259,1259,1259,1259,1259,1259,1259,1259,1259,1259,1259,1259,1259,1259,1259,1259,1259,1259,1259,1259,1259,1259,1259,1259,1259,1259,1259,1259,1259,1259,1259,1259,1259
1331,1227,1331,1331,1331,1331,1331,1331,1331,1331,1331,1331,1331,1331,1331,1331,1331,1331,1331,1331,1227,1227,1331,1331,1331,1331,1331,1227,1331,1227,1331,1331,1331,1331,1331,1331,1331,1331,1331,1331,1331,1331,1331,1331,1331,1331,1331,1331,1227,1331
1259,1259,1259,1259,1259,1259,1259,1259,1259,1259,1259,1259,1259,1259,1535,1259,1259,1259,1259,1259,1259,1259,1259,1259,1259,1259,1259,1259,1259,1259,1259,1259,1259,1259,1259,1259,1259,1259,1259,1259,1259,1259,1259,1259,1259,1259,1259,1259,1259,1259
1331,1331,1331,1331,1331,1331,1331,1331,1331,1331,1331,1331,1331,1331,1331,1331,1331,1331,1331,1331,1331,1331,1331,1331,1331,1331,1331,1331,1331,1331,1331,1331,1331,1331,1331,1331,1331,1331,1331,1331,1331,1331,1331,1331,1331,1331,1331,1331,1331,1331
1259,1259,1259,1259,1259,1259,1259,1259,1259,1259,1259,1259,1259,1259,1259,1259,1259,1259,1259,1259,1259,1259,1259,1259,1259,1259,1259,1259,1842,1259,1259,1259,1259,1259,1259,1259,1259,1259,1259,1259,1259,1259,1259,1259,1259,1259,1259,1259,1259,1259
1331,1331,1331,1331,1331,1331,1331,1331,1331,1331,1331,1331,1331,1331,1331,1331,1331,1331,1331,1331,1331,1331,1331,1331,1331,1331,1331,1331,1331,1331,1331,1331,1331,1331,1331,1331,1331,1331,1331,1331,1331,1331,1331,1331,1331,1331,1331,1331,1331,1331
1259,1259,1259,1259,1259,1259,1259,1259,1259,1259,1259,1259,1259,1259,1259,1259,1259,1163,1259,1259,1259,1259,1259,1259,1259,1259,1259,1259,1259,1259,1259,1163,1259,1259,1259,1259,1259,1259,1259,1259,1259,1259,1259,1259,1259,1259,1259,1259,1259,1259
1331,1331,1331,1331,1331,1331,1331,1331,1331,1331,1331,1331,1331,1331,1331,1331,1331,1331,1331,1331,1331,1331,1331,1331,1331,1331,1331,1331,1331,1331,1331,1331,1331,1331,1331,1331,1331,1331,1331,1331,1331,1331,1331,1331,1331,1331,1331,1331,1331,1331
1259,1259,1259,1259,1259,1259,1259,1259,1259,2071,1259,1259,1259,1259,1259,1259,1259,1259,1259,1259,1259,1259,1259,1259,1259,1259,1259,1259,1259,1259,1259,1259,1259,1259,1259,1259,1259,1259,1259,1259,1698,1259,1259,1259,1259,1259,1259,1259,1259,1259
1331,1331,1331,1331,1331,1331,1331,1331,1331,1331,1331,1331,1331,1331,1331,1331,1331,1331,1331,1331,1331,1331,1331,1331,1331,1331,1331,1331,1331,1331,1331,1331,1331,1331,1331,1331,1331,1331,1331,1331,1331,1331,1331,1331,1331,1331,1331,1331,1331,1331
1259,1259,1259,1259,1259,1259,1259,1259,1259,1259,1259,1259,1259,1259,1259,1259,1259,1259,1259,1259,1259,1259,1259,1259,1259,1259,1259,1259,1259,1259,1259,1259,1259,1259,1259,1259,1259,1259,1259,1259,1259,1259,1259,1259,1259,1259,1259,1259,1259,1259
1331,1330,1331,1331,1331,1331,1331,1331,1331,1331,1331,1330,1331,1330,1331,1331,1331,1330,1331,1331,1331,1331,1331,1331,1331,1331,1331,1331,1331,1331,1331,1331,1331,1331,1331,1331,1331,1331,1331,1331,1331,1331,1331,1331,1331,1331,1759,1331,1862,1331
1259,1259,1259,1259,1259,1259,1259,1259,1259,1259,1259,1259,1259,1259,1259,1259,1259,1259,1259,1259,1259,1259,1259,1259,1259,1259,1259,1259,1259,1259,1259,1259,1259,1259,1259,1259,1259,1259,1614,1259,1259,1259,1259,1259,1259,1259,1259,1259,1259,1259
1258,1331,1331,1331,1331,1331,1330,1330,1258,1330,1331,1331,1331,986,986,1331,1330,1331,1331,1331,1331,986,1258,1331,1331,1258,1331,1331,1258,1258,1258,1331,1331,1331,1331,1331,1331,1331,1258,1331,1331,1258,1331,1258,1331,1331,1331,1331,1330,1331
1259,1259,1203,1259,1203,1259,1259,1203,1259,1259,1259,1259,1259,1259,1259,1203,1259,1496,1259,1259,1259,1259,1259,1259,1259,1259,1259,1259,1259,1259,1259,1259,1259,1203,1259,1259,1259,1259,1259,1259,1259,1259,1259,1259,1614,1259,1259,1259,1259,1259
1331,1331,1331,1331,1331,1330,1331,1331,1331,1331,1331,1331,1331,1331,1331,1331,1331,1331,1331,1331,1331,1331,1331,1331,1331,1331,1331,1331,1330,1331,1331,1331,1331,1330,1331,1331,1331,1330,1331,1331,1331,1331,1331,1331,1331,1331,1331,1331,1331,1331
1259,1259,1259,1259,1259,1259,1259,1259,1259,1259,1259,1259,1259,1259,1259,1259,1259,1259,1259,1259,1259,1259,1259,1259,1259,1259,1259,1259,1259,1259,1259,1259,1259,1259,1259,1259,1259,1259,1259,1259,1259,1259,1259,1259,1259,1259,1259,1259,1259,1259
1331,1331,1331,1331,1331,1331,1331,1331,1289,1289,1331,1331,1331,1331,1289,1331,1331,1331,1331,1331,1331,1331,1331,1331,1289,1331,1331,1331,1331,1289,1331,1331,1331,1331,1331,1331,1331,1331,1331,1331,1331,1331,1331,1331,1331,1331,1331,1331,1331,1331
1259,1259,1259,1259,1259,1259,1259,1259,1259,1259,1259,1259,1259,1259,1259,1259,1259,1259,1259,1259,1259,1259,1259,1259,1259,1259,1259,1259,1259,1259,1259,1259,1259,1259,1259,1259,1259,1259,1259,1259,1259,1259,1259,1259,1259,1259,1259,1259,1259,1259
1331,1331,1331,1331,1331,1331,1331,1331,1331,1331,1331,1331,1331,1331,1331,1331,1331,1331,1331,1331,1331,1331,1331,1331,1331,1331,1331,1331,1331,1331,1331,1331,1331,1331,1331,1331,1331,1331,1331,1331,1331,1331,1331,1331,1331,1331,1331,1331,1331,1331
1259,1259,1259,1259,1259,1259,1259,1259,1259,1259,1259,1259,1259,1259,1259,1259,1259,1259,1259,1259,1259,1259,1259,1259,1259,1259,1259,1259,1259,1259,1259,1259,1259,1259,1259,1259,1259,1259,1259,1259,1259,1259,1259,1259,1259,1259,1259,1259,1259,1259
1331,1331,1331,1331,1331,1331,1331,1331,1331,1331,1331,1331,1331,1331,1331,1331,1331,1331,1331,1331,1331,1331,1331,1331,1331,1331,1331,1331,1331,1331,1331,1331,1331,1331,1331,1331,1331,1331,1331,1331,1331,1331,1331,1331,1331,1331,1331,1331,1331,1331
1259,1259,1259,1259,1259,1259,1259,1259,1259,1259,1259,1259,1259,1259,1259,1259,1259,1259,1259,1259,1259,1259,1259,1259,1259,1259,1259,1259,1259,1259,1259,1259,1259,1259,1259,1259,1259,1259,1259,1259,1259,1259,1259,1259,1259,1259,1259,1259,1259,1259
1331,1331,1331,1746,1331,1331,1331,1331,1331,1331,1331,1331,1331,1331,1331,1331,1331,1331,1331,1331,1331,1331,1331,1331,1331,1331,1331,1331,1331,1331,1331,1331,1331,1331,1331,1331,1331,1331,1331,1331,1331,1331,1331,1331,1331,1331,1331,1331,1331,1331
1259,1259,1259,1259,1259,1259,1259,1259,1259,1259,1259,1259,1259,1259,1259,1259,1259,1259,1259,1259,1259,1259,1259,1259,1259,1259,1259,1259,1259,1259,1259,1259,1259,1259,1259,1259,1259,1259,1259,1259,1259,1259,1259,1259,1259,1259,1259,1259,1259,1259
1331,1331,1331,1331,1331,1331,1331,1331,1331,1331,1331,1331,1331,1274,1331,1331,1331,1331,1331,1331,1331,1331,1331,1331,1331,1331,1331,1331,1331,1331,1331,1331,1331,1331,1331,1331,1331,1331,1331,1331,1331,1331,1331,1331,1331,1274,1331,1331,1331,1331
1259,1259,1259,1259,1259,1259,1259,1259,1259,1259,1259,1259,1259,1259,1259,1259,1259,1259,1259,1259,1259,1259,1259,1259,1259,1259,1259,1259,1259,1259,1259,1259,1259,1259,1259,1259,1259,1259,1259,1259,1259,1259,1259,1259,1259,1259,1259,1259,1259,1259
1331,1331,1331,1331,1331,1331,1331,1331,1331,1331,1331,1331,1331,1331,1331,1331,1331,1331,1331,1331,1331,1331,1331,1331,1331,1331,1331,1331,1331,1331,1331,1331,1331,1331,1331,1331,1331,1331,1331,1331,1331,1331,1331,1331,1331,1331,1331,1331,1331,1331
1259,1259,1259,1259,1259,1259,1259,1259,1259,1259,1259,1259,1259,1259,1259,1259,1259,1259,1259,1259,1259,1259,1259,1259,1259,1259,1259,1259,1259,1259,1259,1259,1259,1259,1259,1259,1259,1259,1259,1259,1259,1259,1259,1259,1259,1803,1259,1259,1259,1259
1331,1331,1331,1331,1331,1331,1331,1331,1331,1331,1331,1331,1331,1331,1331,1331,1331,1331,1331,1834,1331,1331,1331,1331,1331,1331,1331,1331,1331,1331,1331,1331,1331,1331,1331,1331,1331,1331,1331,1331,1331,1331,1331,1331,1331,1331,1331,1331,1331,1331
1259,1259,1259,1259,1259,1259,1259,1259,1259,1259,1259,1259,1259,1259,1259,1259,1259,1259,1259,1259,1259,1259,1259,1259,1259,1259,1259,1259,1259,1259,1259,1259,1259,1259,1259,1259,1259,1259,1259,1259,1259,1259,1259,1259,1259,1259,1259,1259,1259,1259
1331,1331,1331,1331,1331,1331,1331,1331,1331,1331,1331,1331,1331,1331,1331,1331,1331,1331,1331,1331,1331,1331,1331,1331,1331,1331,1331,1331,1331,1331,1331,1331,1331,1331,1331,1331,1331,1331,1331,1331,1331,1331,1331,1331,1331,1331,1331,1331,1331,1331
1259,1259,1259,1259,1259,1259,1259,1259,1259,1259,1259,1259,1259,1259,1259,1259,1259,1259,1259,1259,1259,1259,1259,1259,1259,1259,1259,1259,1259,1259,1259,1259,1259,1259,1259,1259,1259,1259,1259,1259,1259,1259,1259,1259,1259,1259,1259,1259,1259,1259
1316,1331,1331,1316,1331,1331,1331,1331,1331,1316,1331,1331,1331,1331,1331,1331,1331,1331,1331,1331,1316,1316,1331,1331,1331,1331,1331,1331,1331,1331,1331,1331,1331,1331,1331,1331,1331,1331,1331,1331,1331,1331,1331,1331,1331,1331,1316,1331,1331,1331
1259,1259,1259,1259,1259,1259,1259,1259,1259,1259,1259,1259,1259,1259,1259,1259,1259,1259,1259,1259,1259,1259,1259,1259,1259,1259,1259,1259,1259,1259,1259,1259,1259,1259,1259,1259,1259,1259,1259,1259,1259,1259,1259,1259,1259,1259,1259,1259,1259,1259
1331,1331,1331,1331,1331,1331,1331,1331,1331,1331,1331,1331,1331,1331,1331,1331,1331,1331,1331,1331,1331,1331,1331,1331,1331,1331,1331,1331,1331,1331,1331,1331,1331,1331,1331,1331,1331,1331,1331,1331,1331,1331,1331,1331,1331,1331,1331,1331,1331,1331
1259,1259,1259,1259,1259,1259,1259,1259,1259,1259,1259,1259,1259,1259,1259,1259,1259,1259,1259,1259,1259,1259,1259,1259,1920,1259,1259,1259,1259,1259,1259,1259,1259,1259,1259,1259,1259,1259,1259,1259,1259,1259,1259,1259,1259,1259,1259,1259,1259,1259
1331,1331,1533,1331,1331,1331,1331,1331,1331,1331,1331,1331,1331,1331,1331,1331,1331,1331,1331,1331,1331,1331,1331,1331,1331,1331,1331,1331,1331,1331,1331,1331,1331,1331,1331,1331,1331,1331,1331,1331,1331,1331,1331,1331,1331,1331,1331,1331,1331,1331
1259,1259,1259,1259,1259,1259,1259,1259,1259,1259,1259,1259,1259,1259,1259,1259,1259,1259,1259,1259,1259,1259,1259,1259,1259,1259,1259,1259,1259,1259,1259,1259,1259,1259,1259,1259,1259,1259,1259,1259,1259,1259,1259,1259,1259,1259,1259,1259,1259,1259
1328,1331,1331,1331,1331,1331,1331,1331,1331,1331,1331,1331,1331,1331,1331,1331,1328,1331,1331,1331,1331,1328,1331,1331,1331,1328,1331,1331,1331,1331,1331,1331,1331,1331,1331,1331,1331,1328,1331,1331,1331,1331,1331,1331,1331,1331,1331,1331,1331,1331
1259,1259,1259,1259,1245,1259,1259,1259,1259,1259,1259,1259,1259,1433,1259,1259,1259,1259,1259,1259,1259,1259,1259,1259,1259,1259,1259,1245,1259,1259,1259,1259,1259,1259,1245,1259,1245,1259,1259,1259,1259,1259,1259,1259,1259,1259,1259,1259,1259,1259
1331,1331,1331,1331,1331,1331,1331,1331,1331,1331,1331,1280,1331,1331,1331,1331,1328,1331,1328,1331,1331,1331,1331,1331,1280,1331,1331,1331,1331,1331,1331,1331,1280,1331,1331,1331,1331,1331,1331,1331,1331,1331,1328,1331,1331,1280,1280,1331,1331,1331
1259,1259,1259,1259,1259,1259,1259,1259,1259,1259,1259,1259,1259,1259,1259,1259,1259,1259,1259,1259,1259,1259,1259,1259,1259,1259,1259,1259,1259,1259,1259,1259,1259,1259,1259,1259,1259,1259,1259,1259,1259,1259,1259,1259,1259,1259,1259,1259,1259,1259
1331,1331,1331,1331,1331,1331,1331,1331,1331,1331,1331,1331,1331,1331,1331,1331,1331,1331,1331,1331,1331,1331,1331,1331,1331,1331,1331,1331,1331,1331,1331,1331,1331,1331,1331,1331,1331,1331,1331,1331,1331,1331,1331,1331,1331,1331,1331,1331,1331,1331
1259,1259,1259,1259,1259,1259,1259,1259,1259,1259,1259,1259,1259,1259,1259,1259,1259,1259,1259,1259,1259,1259,1259,1259,1259,1259,1259,1259,1259,1259,1259,1259,1259,1259,1259,1259,1259,1259,1259,1259,1259,1259,1259,1259,1259,1259,1259,1259,1259,1259
1331,1331,1331,1331,1331,1331,1331,1331,1331,1331,1331,1331,1331,1331,1331,1331,1331,1331,1331,1331,1331,1331,1331,1331,1331,1331,1331,1331,1331,1331,1331,1331,1331,1331,1331,1331,1331,1331,1331,1331,1331,1331,1331,1331,1331,1331,1331,1331,1331,1331
1259,1259,1259,1259,1259,1259,1259,1259,1259,1259,1259,1259,1259,1259,1259,1259,1259,1259,1259,1259,1259,1259,1259,1259,1259,1259,1259,1259,1259,1259,1259,1615,1259,1259,1259,1259,1259,1259,1259,1259,1259,1259,1259,1259,1259,1259,1259,1259,1259,1259
1331,1331,1331,1331,1331,1331,1331,1331,1331,1331,1331,1331,1331,1331,1331,1331,1331,1331,1331,1331,1331,1331,1331,1331,1331,1331,1331,1331,1331,1331,1331,1331,1331,1331,1331,1331,1331,1331,1331,1331,1331,1331,1331,1331,1331,1331,1331,1331,1331,1331
1259,1259,1259,1259,1259,1259,1259,1259,1259,1259,1259,1259,1259,1259,1259,1259,1259,1259,1259,1259,1259,1389,1259,1259,1259,1259,1259,1259,1259,1259,1259,1259,1259,1259,1259,1259,1259,1259,1259,1259,1259,1259,1259,1259,1259,1259,1259,1259,1259,1259
1331,1331,1331,1331,1331,1331,1331,1331,1331,1331,1331,1331,1331,1331,1151,1331,1331,1151,1331,1331,1331,1331,1331,1331,1331,1331,1331,1331,1331,1331,1331,1331,1331,1331,1331,1331,1331,1331,1331,1331,1331,1331,1331,1331,1331,1151,1331,1331,1331,1331
1259,1259,1259,1259,1259,1259,1259,1259,1259,1259,1259,1259,1259,1259,1259,1259,1259,1259,1259,1259,1259,1259,1259,1259,1259,1259,1259,1259,1259,1259,1259,1259,1259,1259,1259,1259,1259,1259,1259,1259,1259,1259,1259,1259,1259,1259,1259,1259,1259,1259
1331,1331,1331,1331,1331,1210,1331,1331,1331,1331,1331,1331,1331,1331,1331,1331,1331,1210,1331,1331,1331,1331,1331,1331,1331,1331,1331,1331,1331,1331,1331,1331,1331,1331,1331,1331,1331,1331,1331,1331,1331,1331,1331,1331,1331,1331,1331,1331,1331,1331
1259,1259,1259,1259,1259,1259,1259,1259,1259,1259,1259,1259,1259,1259,1259,1576,1259,1259,1259,1259,1259,1259,1259,1259,1259,1259,1259,1259,1259,1259,1259,1259,1259,1259,1259,1259,1259,1259,1259,1259,1259,1259,1259,1259,1259,1259,1259,1259,1259,1259
1331,1331,1331,1331,1331,1331,1331,1331,1331,1331,1331,1331,1331,1331,1331,1331,1331,1331,1331,1331,1331,1331,1331,1331,1331,1331,1331,1331,1331,1331,1331,1331,1331,1331,1331,1331,1331,1331,1331,1331,1331,1331,1331,1331,1331,1331,1331,1331,1331,1331
1259,1259,1259,1259,1259,1259,1259,1259,1259,1259,1259,1259,1259,1259,1259,1259,1259,1259,1259,1259,1259,1259,1259,1259,1259,1259,1259,1259,1259,1259,1259,1259,1259,1259,1259,1259,1259,1259,1259,1259,1259,1259,1259,1259,1259,1259,1259,1259,1259,1259
1331,1331,1331,1331,1331,1331,1331,1331,1331,1331,1331,1331,1331,1331,1331,1331,1331,1331,1331,1331,1331,1331,1331,1331,1331,1331,1331,1331,1331,1331,1331,1331,1331,1331,1331,1331,1331,1331,1331,1331,1331,1331,1331,1331,1331,1331,1331,1331,1657,1331
1259,1259,1259,1259,1259,1259,1259,1259,1259,1259,1259,1259,1259,1259,1259,1259,1259,1259,1259,1259,1259,1259,1259,1259,1259,1259,1259,1259,1259,1259,1259,1259,1259,1259,1259,1259,1259,1259,1259,1259,1259,1259,1259,1259,1259,1259,1259,1259,1259,1259
1312,1331,1331,1331,1331,1331,1331,1312,1331,1331,1331,1331,1331,1331,1331,1331,1331,1331,1331,1331,1331,1331,1331,1331,1331,1331,1331,1331,1331,1331,1331,1331,1312,1331,1331,1312,1331,1331,1312,1331,1331,1331,1331,1312,1331,1331,1331,1331,1331,1331
1259,1259,1259,1259,1259,1259,1259,1259,1259,1259,1259,1259,1259,1259,1259,1259,1259,1259,1259,1259,1259,1259,1259,1259,1259,1259,1259,1259,1259,1259,1259,1259,1259,1259,1259,1259,1259,1259,1259,1259,1259,1259,1259,1259,1259,1259,1259,1259,1259,1259
1331,1331,1331,1331,1331,1331,1331,1331,1331,1331,1331,1331,1331,1331,1331,1331,1331,1331,1331,1331,1331,1331,1331,1331,1331,1331,1331,1331,1331,1331,1331,1331,1331,1500,1331,1331,1331,1331,1331,1331,1331,1331,1331,1331,1331,1331,1331,1331,1331,1331
1259,1259,1259,1259,1259,1259,1259,1259,1259,1259,1259,1259,1259,1259,1259,1259,1259,1259,1259,1259,1259,1259,1259,1259,1259,1259,1259,1259,1259,1259,1259,1259,1259,1259,1259,1259,1259,1259,1259,1259,1259,1259,1259,1259,1259,1259,1259,1259,1259,1259
1331,1331,1331,1331,1331,1331,1331,1331,1331,1877,1331,1331,1331,1331,1331,1331,1331,1331,1331,1331,1331,1331,1331,1331,1331,1331,1331,1331,1331,1331,1331,1331,1331,1331,1331,1331,1331,1331,1331,1331,1331,1331,1331,1331,1331,1331,1331,1331,1331,1331
1259,1259,1259,1259,1259,1259,1259,1259,1259,1259,1259,1259,1259,1259,1259,1259,1259,1259,1259,1259,1259,1259,1259,1259,1259,1259,1259,1259,1259,1259,1259,1259,1259,1259,1259,1259,1259,1259,1259,1259,1259,1259,1259,1259,1259,1259,1259,1259,1259,1259
1331,1331,1331,1331,1331,1331,1331,1331,1314,1331,1331,1331,1331,1331,1331,1331,1331,1331,1319,1331,1314,1331,1331,1331,1331,1331,1331,1331,1331,1331,1319,1331,1331,1319,1314,1331,1331,1331,1331,1319,1331,1319,1331,1314,1331,1331,1331,1331,1331,1331
1259,1259,1259,1259,1259,1259,1259,1259,1259,1259,1259,1259,1259,1259,1259,1259,1259,1259,1259,1259,1259,1259,1259,1259,1259,1259,1259,1259,1259,1259,1259,1259,1259,1259,1259,1259,1259,1259,1259,1259,1259,1259,1259,1259,1259,1259,1259,1259,1259,1259
1331,1331,1331,1331,1331,1331,1331,1331,1331,1331,1331,1331,1331,1331,1331,1331,1331,1331,1331,1331,1331,1331,1331,1331,1331,1331,1331,1331,1331,1331,1331,1331,1331,1331,1331,1331,1331,1331,1331,1331,1331,1331,1331,1331,1331,1331,1331,1331,1331,1331
1259,1259,1259,1257,1257,1259,1259,1259,1259,1259,1259,1259,1259,1914,1259,1259,1259,1259,1259,1259,1259,1259,1259,1259,1259,1259,1259,1259,1259,1259,1259,1259,1259,1259,1259,1259,1259,1259,1259,1259,1259,1259,1259,1259,1259,1259,1257,1259,1259,1259
1331,1331,1331,1331,1331,1331,1331,1331,1331,1331,1331,1331,1331,1331,1331,1331,1331,1331,1331,1331,1331,1331,1331,1331,1331,1331,1331,1331,1331,1331,1331,1331,1331,1331,1331,1331,1331,1331,1331,1331,1331,1331,1331,1331,1331,1331,1331,1331,1331,1331
1259,1259,1259,1259,1259,1259,1259,1259,1259,1259,1259,1259,1259,1259,1259,1259,1259,1259,1259,1259,1259,1259,1259,1259,1259,1259,1259,1259,1259,1259,1259,1259,1259,1259,1259,1259,1259,1259,1259,1259,1259,1259,1259,1259,1259,1259,1259,1259,1259,1259
1331,1331,1331,1331,1331,1331,1331,1331,1331,1331,1331,1331,1331,1331,1331,1331,1331,1331,1331,1331,1331,1331,1331,1331,1331,1331,1331,1331,1331,1331,1331,1331,1331,1331,1331,1331,1331,1331,1331,1331,1331,1331,1331,1331,1331,1331,1331,1331,1331,1331
1259,1259,1259,1259,1259,1259,1259,1259,1259,1259,1259,1259,1259,1259,1259,1259,1259,1259,1259,1259,1259,1259,1259,1259,1259,1259,1259,1259,1259,1259,1259,1259,1259,1259,1259,1259,1259,1259,1259,1259,1259,1259,1259,1259,1259,1259,1259,1259,1259,1259
1331,1331,1331,1331,1331,1331,1331,1331,1331,1331,1331,1331,1331,1331,1331,1331,1331,1331,1331,1331,1331,1331,1331,1331,1331,1331,1331,1331,1331,1331,1331,1331,1331,1331,1331,1331,1331,1331,1331,1331,1331,1331,1331,1331,1331,1331,1331,1331,1331,1331
1259,1259,1259,1259,1259,1259,1259,1259,1259,1259,1259,1259,1259,1259,1259,1259,1259,1259,1259,1259,1259,1259,1259,1259,1259,1259,1259,1259,1259,1259,1259,1259,1259,1259,1259,1259,1259,1259,1259,1259,1259,1259,1259,1259,1259,1259,1259,1259,1259,1259
1331,1331,1331,1331,1331,1331,1331,1331,1331,1331,1331,1331,1331,1331,1331,1331,1331,1331,1331,1331,1331,1582,1331,1331,1331,1331,1331,1331,1331,1331,1331,1331,1331,1331,1331,1331,1331,1331,1331,1331,1331,1331,1331,1331,1331,1331,1331,1331,1331,1331
1259,1259,1259,1259,1259,1259,1259,1259,1259,1259,1259,1259,1259,1259,1259,1259,1259,1259,1259,1259,1259,1259,1259,1259,1259,1259,1259,1259,1259,1259,1259,1259,1259,1259,1259,1259,1259,1259,1259,1259,1259,1259,1259,1259,1259,1259,1259,1259,1259,1259
1331,1331,1331,1331,1331,1331,1331,1331,1331,1331,1331,1331,1331,1331,1331,1331,1331,1331,1331,1331,1331,1331,1331,1331,1331,1331,1331,1331,1331,1331,1331,1331,1331,1331,1331,1331,1331,1331,1331,1331,1331,1331,1331,1331,1331,1331,1331,1331,1331,1331
1259,1259,1259,1259,1259,1259,1259,1259,1259,1259,1259,1259,1259,1259,1259,1259,1259,1259,1259,1259,1259,1259,1259,1259,1259,1259,1259,1259,1259,1259,1259,1259,1259,1259,1259,1259,1259,1259,1259,1259,1259,1259,1259,1259,1259,1259,1259,1259,1259,1259
1290,1331,1331,1331,1331,1331,1331,1331,1331,1331,1331,1331,1331,1331,1331,1331,1331,1331,1331,1331,1331,1331,1331,1331,1331,1331,1331,1331,1290,1331,1331,1331,1331,1331,1331,1331,1331,1331,1331,1331,1331,1331,1331,1331,1331,1331,1331,1331,1331,1331
1259,1259,1259,1259,1259,1259,1259,1259,1259,1259,1259,1259,1259,1259,1259,1259,1259,1259,1259,1259,1259,1259,1259,1259,1259,1259,1259,1259,1259,1259,1259,1259,1259,1259,1259,1259,1259,1259,1259,1259,1259,1259,1259,1259,1259,1259,1259,1259,1259,1259
1331,1331,1331,1331,1331,1331,1331,1331,1331,1331,1331,1331,1331,1331,1331,1331,1331,1331,1331,1331,1331,1331,1331,1331,1331,1331,1331,1331,1331,1331,1331,1331,1331,1331,1331,1331,1331,1331,1331,1331,1331,1331,1331,1331,1331,1331,1331,1331,1331,1331
1627,1259,1259,1259,1259,1259,1259,1259,1259,1259,1259,1259,1259,1259,1259,1259,1259,1259,1259,1259,1259,1259,1259,1259,1259,1259,1259,1259,1259,1259,1259,1259,1259,1259,1259,1259,1259,1259,1259,1259,1259,1259,1259,1259,1259,1259,1259,1259,1259,1259
1331,1331,1331,1331,1331,1331,1331,1331,1331,1331,1331,1331,1331,1331,1331,1331,1331,1331,1331,1331,1331,1331,1331,1331,1331,1331,1331,1331,1331,1331,1331,1628,1331,1331,1331,1331,1331,1331,1331,1331,1331,1331,1331,1331,1331,1331,1331,1331,1331,1331
1259,1259,1259,1259,1259,1259,1259,1259,1259,1259,1259,1259,1259,1259,1240,1259,1259,1259,1259,1259,1240,1259,1259,1259,1259,1259,1259,1240,1259,1259,1259,1259,1259,1259,1259,1259,1240,1259,1240,1259,1259,1259,1259,1240,1259,1259,1259,1259,1259,1259
1331,1331,1331,1331,1331,1331,1331,1331,1331,1331,1331,1331,1331,1331,1331,1331,1331,1331,1331,1331,1331,1331,1331,1331,1331,1331,1331,1331,1331,1331,1331,1331,1331,1331,1331,1331,1331,1331,1331,1331,1331,1331,1331,1331,1331,1331,1331,1331,1331,1331
1259,1259,1259,1259,1259,1259,1259,1259,1259,1259,1259,1259,1259,1259,1259,1259,1259,1259,1259,1259,1259,1259,1259,1259,1259,1259,1259,1259,1259,1259,1259,1259,1259,1259,1259,1259,1259,1259,1259,1259,1259,1259,1259,1259,1259,1259,1259,1259,1259,1259
1331,1331,1331,1331,1331,1331,1331,1331,1331,1331,1331,1331,1331,1331,1331,1331,1331,1331,1331,1331,1331,1331,1331,1331,1331,1331,1331,1331,1331,1331,1331,1331,1331,1331,1331,1331,1331,1331,1331,1331,1331,1331,1331,1331,1331,1331,1331,1331,1331,1331
1259,1259,1259,1259,1259,1259,1259,1259,1259,1259,1259,1259,1259,1259,1259,1259,1259,1259,1259,1259,1259,1259,1259,1259,1259,1259,1259,1259,1259,1259,1259,1259,1259,1259,1259,1259,1259,1259,1259,1259,1259,1259,1259,1259,1259,1259,1259,1259,1259,1259
1331,1331,1331,1331,1331,1331,1331,1331,1331,1331,1331,1331,1331,1331,1331,1331,1331,1331,1331,1331,1331,1331,1331,1331,1331,1331,1331,1331,1331,1331,1331,1331,1331,1331,1331,1331,1331,1331,1331,1331,1331,1331,1331,1331,1331,1331,1331,1331,1331,1331
1259,1259,1259,1259,1259,1259,1259,1259,1259,1259,1259,1259,1259,1259,1259,1259,1259,1259,1259,1259,1259,1259,1259,1259,1259,1259,1259,1259,1259,1259,1259,1259,1259,1259,1259,1259,1259,1259,1259,1259,1259,1259,1259,1259,1259,1259,1259,1259,1259,1259
1331,1331,1331,1331,1331,1331,1331,1331,1331,1331,1331,1331,1331,1331,1331,1331,1331,1331,1331,1331,1331,1331,1331,1331,1331,1331,1331,1331,1331,1331,1331,1331,1331,1331,1331,1331,1331,1331,1331,1331,1331,1331,1331,1331,1331,1331,1331,1331,1331,1331
1259,1259,1259,1259,1259,1259,1259,1259,1259,1259,1259,1259,1259,1259,1259,1259,1259,1259,1259,1259,1259,1259,1259,1259,1259,1259,1259,1259,1259,1259,1259,1259,1259,1259,1259,1259,1259,1259,1259,1259,1259,1259,1259,1259,1259,1259,1259,1259,1259,1259
1331,1331,1331,1331,1331,1331,1331,1331,1331,1331,1331,1331,1331,1331,1331,1097,1331,1331,1331,1331,1331,1331,1331,1331,1331,1331,1331,1331,1331,1331,1331,1331,1331,1331,1331,1331,1331,1331,1331,1331,1331,1331,1331,1331,1331,1331,1097,1331,1097,1331
1259,1259,1259,1259,1259,1259,1259,1259,1259,1259,1259,1259,1259,1259,1259,1259,1259,1259,1259,1259,1259,1259,1259,1259,1259,1259,1259,1259,1259,1259,1259,1259,1259,1259,1259,1259,1259,1259,1259,1259,1259,1259,1259,1259,1259,1259,1259,1259,1259,1259
1331,1331,1331,1331,1331,1331,1331,1331,1331,1331,1331,1331,1331,1483,1331,1331,1331,1331,1331,1331,1331,1331,1331,1331,1331,1331,1331,1331,1331,1331,1331,1331,1331,1331,1331,1331,1331,1331,1331,1331,1331,1331,1331,1331,1331,1331,1331,1331,1331,1331
1259,1259,1259,1259,1259,1259,1259,1259,1259,1259,1259,1259,1259,1259,1259,1259,1259,1259,1259,1259,1259,1259,1259,1259,1259,1259,1259,1259,1784,1259,1259,1259,1259,1259,1259,1259,1259,1259,1259,1259,1259,1259,1259,1259,1259,1259,1259,1259,1259,1259
1331,1331,1331,1807,1331,1331,1331,1331,1331,1331,1331,1331,1331,1291,1331,1331,1331,1331,1331,1331,1331,1331,1331,1331,1331,1331,1331,1331,1331,1331,1331,1331,1291,1331,1331,1331,1331,1331,1331,1331,1331,1331,1331,1331,1331,1331,1331,1331,1331,1331
1259,1259,1259,1259,1259,1259,1259,1259,1259,1259,1259,1259,1259,1259,1259,1259,1259,1259,1259,1259,1259,1259,1259,1259,1259,1259,1259,1259,1259,1259,1259,1259,1259,1259,1259,1259,1259,1259,1259,1259,1259,1259,1259,1259,1259,1259,1259,1259,1259,1259
1331,1331,1331,1331,1331,1331,1331,1331,1331,1331,1331,1331,1331,1331,1331,1331,1331,1652,1331,1331,1331,1331,1331,1331,1331,1331,1331,1331,1331,1331,1331,1331,1331,1331,1331,1331,1331,1331,1331,1331,1331,1331,1331,1331,1331,1331,1331,1331,1331,1331
1259,1259,1259,1259,1259,1259,1259,1259,1259,1259,1259,1259,1259,1259,1259,1259,1259,1259,1259,1259,1259,1259,1259,1259,1259,1259,1259,1259,1259,1259,1259,1259,1259,1259,1259,1259,1259,1259,1259,1259,1259,1259,1259,1259,1259,1259,1259,1259,1259,1259
1331,1331,1331,1331,1331,1331,1331,1331,1331,1331,1331,1331,1331,1331,1331,1331,1331,1331,1331,1331,1331,1331,1331,1331,1331,1331,1331,1331,1331,1331,1331,1331,1331,1331,1331,1331,1331,1331,1331,1331,1331,1331,1331,1331,1331,1331,1331,1331,1331,1331
1259,1259,1259,1259,1259,1259,1259,1259,1259,1259,1259,1259,1259,1259,1259,1259,1259,1259,1259,1259,1259,1259,1259,1259,1259,1259,1259,1259,1259,1259,1259,1259,1259,1259,1259,1259,1259,1259,1259,1259,1259,1259,1259,1259,1259,1259,1259,1259,1259,1259
1331,1331,1331,1331,1331,1331,1331,1331,1331,1331,1331,1331,1331,1331,1331,1331,1331,1331,1331,1331,1331,1331,1331,1331,1331,1331,1331,1331,1331,1331,1331,1331,1331,1331,1331,1331,1331,1331,1331,1331,1331,1331,1331,1331,1331,1331,1331,1331,1331,1331
1259,1259,1259,1259,1259,1259,1259,1259,1259,1259,1259,1259,1259,1259,1259,1259,1259,1259,1259,1259,1259,1259,1259,1259,1259,1259,1259,1259,1259,1259,1259,1259,1259,1259,1259,1259,1259,1259,1259,1259,1643,1259,1259,1259,1259,1259,1259,1259,1259,1259
1331,1331,1331,1331,1331,1331,1331,1331,1331,1331,1331,1331,1331,1331,1331,1331,1331,1331,1331,1331,1331,1331,1331,1331,1331,1331,1331,1331,1331,1331,1331,1331,1331,1331,1331,1331,1331,1331,1331,1331,1331,1331,1331,1331,1331,1331,1331,1331,1331,1331
1259,1259,1259,1259,1259,1259,1259,1259,1259,1259,1259,1259,1259,1259,1259,1259,1259,1259,1259,1259,1259,1259,1259,1259,1259,1259,1259,1259,1259,1259,1259,1259,1259,1259,1259,1259,1259,1259,1259,1259,1259,1259,1259,1259,1259,1259,1259,1259,1259,1259
1331,1331,1331,1331,1331,1331,1331,1331,1331,1331,1331,1331,1331,1331,1331,1331,1331,1331,1331,1331,1331,1331,1331,1331,1331,1331,1331,1331,1331,1331,1331,1331,1331,1331,1331,1331,1331,1331,1331,1331,1331,1331,1331,1331,1331,1331,1331,1331,1331,1331
