2504,2699,2604,2258,2504,2656,2292,2604,2504,2552,2258,2292,2504,2258,2404,2656,2404,2699,2555,2552,2655,2656,2504,2258,2258,2258,2258,2552,2504,2292,2404,2655,2702,2404,2559,2699,2559,2552,2404,2555,2604,2292,2504,2504,2258,2699,2258,2404,2552,2504
2272,2254,2361,2254,2209,2210,2209,2272,2208,2417,2208,2210,2209,2209,2260,2210,2208,2209,2208,2209,2254,2208,2212,2405,2212,2260,2212,2260,2405,2208,2471,2210,2210,2254,2209,2208,2471,2254,2458,2260,2260,2210,2208,2208,2254,2210,2208,2358,2210,2272
2090,2090,2163,2090,2254,2208,2096,2162,1818,2090,2162,2109,2090,2162,1818,2159,2333,2077,2090,2254,2096,2162,1818,2254,2090,2096,2090,2163,2162,1818,2090,2109,2090,1818,2168,2077,2096,2077,2109,2162,2285,2257,2305,1818,1818,2159,2162,2109,1818,2259
1871,1871,1998,2096,1968,1929,2080,2159,1998,2080,2080,1871,2096,1962,2011,2011,2108,1871,1998,1998,1871,2039,2011,1929,1929,2039,2157,2163,1871,1929,1962,1968,1927,1998,2080,1929,2011,1871,2039,2011,1962,1927,1998,1929,1968,1929,1968,1927,2039,1871
1865,1846,1846,1859,1859,1917,1846,1980,1859,1917,1980,1980,1846,1980,1980,1846,1859,1865,1980,1869,1859,2075,1982,1980,1865,1962,1980,1917,1962,1980,1859,1859,1869,1865,1859,1846,1859,1859,1859,2170,1869,1865,1917,1980,1846,1859,1917,1865,1846,1859
1772,1812,1772,1929,1867,1812,1845,1868,1867,1772,1845,1910,1931,1812,1772,1867,1929,1867,1845,1772,1867,1812,1910,1867,1812,1868,1929,1867,1929,1926,1867,1772,1910,1868,1812,1929,1772,1772,1929,1929,1929,1812,1910,1929,1867,1812,1931,1845,1929,1868
1759,1964,1966,1912,1911,1759,1818,1912,1912,1818,1766,1766,1949,1968,1911,1959,1885,1968,1980,1909,1814,1818,1914,1958,1958,1885,1966,1759,1759,1759,1759,1914,1759,1909,1816,1816,1816,1816,1818,1818,1766,1766,1911,1885,1759,1885,1814,1766,1964,1814
1768,1855,1665,1719,1719,1719,1855,1803,1855,1855,1855,1768,1803,1815,1665,2021,1768,1855,1665,1719,1768,1719,1855,1665,1855,1855,1739,1665,1855,1964,1739,1855,1719,1855,1855,1768,1739,1855,1803,1855,1855,1815,1768,1719,1739,1665,1803,1855,1855,1719
1612,1756,1759,1759,1717,1759,1756,1649,1756,1759,1673,1673,1759,1673,1756,1612,1712,1759,1612,1673,1612,1759,1612,1612,1759,1673,1612,1673,1717,1756,1717,1649,1673,1673,1759,1756,1612,1673,1717,1712,1612,1717,1612,1712,1717,1759,1612,1759,1612,1717
1734,1766,1628,1758,1815,1855,1627,1816,1766,1727,1855,1812,1671,1816,1812,1627,1758,1777,1816,1758,1758,1855,1671,1777,1758,1766,1758,1627,1766,1628,1772,1816,1815,1758,1812,1815,1628,1671,1628,1734,1628,1628,1734,1628,1816,1777,1812,1727,1628,1758
1649,1649,1662,1615,1649,1759,1759,1864,1759,1763,1662,1649,1764,1759,1615,1759,1615,1811,1615,1662,1649,1667,1680,1764,1662,1680,1615,1764,1667,1680,1680,1871,1615,1759,1662,1759,1662,1662,1615,1764,1759,1759,1775,1871,1662,1759,1763,1775,1667,1764
1761,1711,1667,1607,1664,1607,1766,1607,1664,1667,1607,1589,1667,1763,1667,1667,1607,1766,1762,1589,1763,1844,1664,1667,1813,1667,1716,1678,1664,1589,1607,1667,1667,1711,1589,1762,1763,1763,1664,1711,1664,1667,1664,1844,1763,1678,1589,1716,1667,1667
1548,1615,1667,1615,1667,1667,1667,1548,1666,1667,1548,1666,1666,1666,1548,1548,1710,1548,1667,1667,1716,1548,1666,1666,1548,1627,1667,1615,1667,1667,1667,1667,1627,1713,1548,1615,1667,1667,1667,1666,1615,1667,1615,1667,1548,1627,1666,1667,1667,1666
1526,1526,1616,1667,1617,1579,1667,1617,1667,1567,1667,1526,1667,1616,1667,1567,1667,1667,1617,1619,1526,1616,1526,1667,1667,1667,1526,1617,1667,1667,1619,1567,1567,1616,1647,1567,1619,1647,1647,1526,1667,1667,1579,1619,1526,1619,1567,1669,1667,1579
1619,1575,1565,1667,1700,1667,1643,1667,1667,1642,1667,1575,1619,1667,1619,1667,1667,1667,1565,1667,1565,1667,1667,1667,1619,1642,1642,1643,1667,1619,1565,1667,1619,1667,1643,1642,1643,1565,1575,1575,1667,1565,1667,1575,1667,1667,1667,1667,1642,1667
1622,1479,1622,1667,1667,1487,1667,1667,1667,1479,1622,1667,1660,1660,1487,1479,1667,1667,1487,1667,1526,1479,1526,1660,1667,1660,1487,1479,1667,1479,1487,1667,1622,1667,1660,1479,1667,1667,1667,1487,1667,1667,1667,1479,1487,1667,1526,1479,1479,1622
1667,1300,1623,1530,1667,1667,1519,1667,1667,1649,1519,1519,1530,1623,1667,1667,1530,1666,1667,1300,1666,1623,1667,1519,1667,1623,1664,1667,1667,1666,1649,1623,1649,1530,1664,1519,1667,1673,1530,1667,1530,1649,1300,1667,1519,1519,1519,1300,1300,1667
1667,1344,1637,1638,1622,1611,1629,1695,1667,1629,1638,1638,1637,1638,1667,1629,1344,1622,1622,1611,1667,1524,1524,1629,1667,1622,1611,1629,1622,1524,1344,1611,1622,1667,1637,1667,1629,1622,1637,1638,1667,1638,1344,1622,1524,1611,1667,1629,1667,1622
1530,1577,1577,1667,1667,1667,1667,1577,1599,1620,1667,1620,1337,1599,1667,1667,1530,1599,1577,1530,1599,1662,1667,1337,1662,1599,1710,1667,1530,1667,1667,1599,1667,1337,1733,1667,1627,1337,1667,1627,1667,1620,1662,1577,1620,1599,1627,1530,1620,1620
1535,1545,1667,1667,1447,1583,1242,1432,1432,1535,1432,1667,1667,1667,1620,1667,1620,1535,1620,1583,1667,1242,1432,1432,1463,1242,1535,1535,1447,1545,1545,1242,1545,1667,1545,1630,1630,1447,1620,1667,1242,1432,1630,1667,1432,1432,1545,1447,1242,1535
1498,1498,1493,1667,1342,1498,1667,1434,1667,1667,1498,1667,1342,1667,1534,1434,1667,1493,1534,1805,1498,1667,1539,1636,1434,1650,1650,1534,1667,1342,1342,1650,1539,1650,1434,1667,1342,1493,1667,1667,1498,1493,1342,1434,1636,1667,1668,1539,1434,1539
1446,1667,1446,1545,1642,1623,1623,1327,1327,1327,1667,1446,1667,1623,1667,1535,1667,1446,1446,1667,1642,1327,1667,1327,1667,1327,1545,1327,1645,1667,1349,1667,1545,1667,1623,1349,1645,1327,1645,1446,1327,1349,1327,1349,1545,1667,1535,1714,1349,1327
1444,1566,1629,1444,1629,1187,1667,1566,1444,1520,1187,1520,1187,1444,1566,1477,1424,1424,1520,1667,1477,1444,1530,1187,1187,1667,1444,1187,1477,1566,1566,1629,1520,1520,1444,1187,1187,1424,1477,1689,1444,1187,1667,1477,1424,1444,1667,1667,1477,1187
1580,1425,1619,1667,1667,1664,1536,1425,1667,1619,1618,1536,1536,1425,1282,1425,1519,1536,1282,1661,1704,1704,1519,1704,1580,1282,1425,1619,1282,1667,1425,1661,1429,1429,1618,1429,1667,1282,1667,1425,1661,1429,1536,1664,1619,1536,1580,1519,1519,1282
1667,1618,1435,1613,1187,1540,1613,1187,1613,1435,1187,1231,1613,1613,1376,1613,1187,1187,1467,1540,1187,1187,1187,1467,1187,1187,1613,1187,1618,1187,1376,1597,1597,1376,1231,1287,1187,1483,1187,1467,1435,1287,1376,1602,1187,1187,1376,1597,1287,1231
1331,1282,1184,1282,1282,1282,1282,1282,1282,1282,1286,1184,1331,1282,1242,1521,1242,1282,1282,1184,1242,1286,1282,1282,1282,1282,1282,1282,1282,1282,1421,1184,1282,1282,1550,1282,1282,1184,1282,1282,1521,1282,1282,1282,1282,1282,1282,1282,1610,1286
1376,1325,1286,1286,1387,1226,1387,1376,1327,1286,1279,1429,1462,1442,1571,1226,1433,1279,1286,1286,1462,1226,1462,1325,1286,1526,1325,1226,1467,1286,1279,1387,1286,1286,1286,1286,1433,1279,1286,1325,1279,1286,1286,1291,1442,1226,1226,1226,1482,1387
1462,1580,1432,1375,1375,1375,1287,1421,1385,1385,1580,1404,1421,1404,1528,1421,1432,1387,1462,1387,1421,1287,1375,1527,1385,1580,1432,1387,1529,1421,1287,1529,1404,1385,1528,1404,1404,1580,1375,1387,1385,1528,1430,1421,1404,1529,1432,1375,1477,1532
1279,1279,1534,1279,1208,1427,1481,1279,1279,1327,1279,1279,1579,1279,1208,1481,1208,1327,1350,1279,1526,1208,1208,1208,1327,1208,1524,1279,1481,1279,1208,1279,1579,1327,1427,1427,1350,1534,1480,1568,1480,1350,1279,1279,1279,1279,1480,1208,1279,1657
1510,1252,1242,1340,1405,1532,1438,1252,1459,1405,1457,1331,1252,1405,1252,1252,1331,1340,1532,1340,1242,1242,1405,1331,1510,1438,1459,1340,1331,1480,1459,1331,1480,1242,1252,1242,1438,1242,1242,1331,1480,1528,1513,1331,1242,1528,1252,1532,1242,1242
1297,1327,1474,1297,1471,1327,1327,1483,1300,1327,1474,1529,1297,1492,1471,1327,1474,1300,1327,1619,1300,1300,1327,1428,1327,1428,1300,1522,1327,1300,1474,1297,1297,1428,1387,1327,1297,1300,1297,1297,1327,1327,1327,1471,1300,1428,1471,1428,1388,1327
1311,1420,1293,1300,1311,1437,1293,1437,1353,1300,1311,1353,1300,1402,1500,1311,1311,1300,1293,1293,1472,1293,1402,1472,1402,1300,1300,1293,1300,1361,1353,1300,1311,1361,1353,1500,1361,1311,1361,1500,1353,1500,1311,1300,1353,1401,1401,1293,1402,1500
1266,1266,1280,1338,1291,1423,1323,1266,1280,1226,1338,1280,1266,1226,1226,1323,1226,1408,1280,1291,1474,1291,1323,1226,1523,1423,1414,1280,1266,1408,1226,1280,1266,1478,1266,1291,1323,1280,1408,1280,1226,1266,1338,1226,1280,1423,1541,1423,1474,1266
1500,1500,1132,1359,1307,1225,1359,1359,1500,1552,1132,1460,1132,1132,1132,1289,1289,1132,1225,1225,1293,1279,1225,1307,1225,1560,1359,1380,1225,1380,1132,1225,1371,1500,1225,1307,1500,1515,1132,1132,1225,1460,1460,1289,1132,1293,1279,1132,1517,1518
1341,1156,1156,1226,1156,1226,1374,1502,1502,1369,1363,1334,1233,1233,1226,1387,1156,1329,1341,1156,1334,1233,1226,1266,1233,1233,1226,1508,1387,1156,1474,1374,1416,1419,1233,1363,1329,1156,1226,1382,1226,1526,1226,1363,1526,1374,1474,1334,1156,1334
1329,1314,1053,1234,1234,1234,1340,1053,1223,1448,1239,1448,1053,1225,1225,1329,1225,1223,1225,1223,1448,1500,1053,1223,1225,1239,1500,1223,1314,1053,1053,1239,1500,1500,1239,1314,1340,1225,1223,1340,1239,1314,1234,1225,1314,1540,1225,1053,1448,1223
1133,1330,1341,1133,1332,1361,1323,1133,1330,1226,1341,1332,1474,1133,1330,1226,1133,1219,1133,1421,1079,1341,1079,1341,1133,1341,1325,1079,1219,1341,1133,1341,1133,1226,1079,1341,1079,1341,1219,1325,1502,1323,1133,1474,1219,1328,1219,1341,1502,1341
1224,1136,1391,1136,1391,1223,1391,1223,1223,1223,1417,1224,1223,1172,1324,1136,1228,1223,1136,1327,1334,1228,1391,1172,1430,1324,1223,1223,1324,1223,1223,1223,1393,1334,1391,1172,1224,1430,1172,1430,1172,1223,1136,1391,1223,1391,1391,1224,1334,1223
1085,1070,1070,1085,1133,1004,1070,1219,1070,1133,1219,1004,1004,1133,1070,1225,1004,1004,1004,1070,1133,1133,1219,1219,1133,1219,1004,1004,1004,1219,1085,1219,1219,1133,1004,1369,1219,1085,1133,1070,1085,1070,1004,1133,1133,1004,1136,1279,1133,1004
1234,1042,1152,1391,1374,1323,1152,1374,1323,1391,1391,1374,1347,1152,1391,1152,1430,1430,1177,1391,1391,1347,1430,1152,1152,1234,1177,1345,1345,1323,1234,1374,1042,1374,1345,1391,1042,1391,1323,1391,1177,1323,1374,1152,1042,1345,1347,1177,1234,1042
1281,1219,1219,1219,1133,1373,1219,1488,1133,1248,1219,1133,1133,1219,1269,1133,1219,1219,1133,1557,1219,1219,1219,1133,1133,1219,1219,1133,1133,1219,1233,1133,1219,1133,1219,1219,1281,1219,1133,1133,1547,1133,1219,1133,1133,1219,1219,1133,1219,1133
1334,1137,1391,1391,1137,1391,1342,1137,1323,1391,1391,1391,1332,1334,1332,1323,1137,1356,1391,1323,1325,1364,1137,1356,1391,1325,1323,1391,1364,1391,1334,1364,1323,1323,1391,1391,1356,1391,1356,1342,1323,1334,1391,1323,1391,1334,1332,1137,1391,1137
1219,1272,1219,1219,1136,1136,1219,1136,1219,1219,1136,1219,1272,1180,1219,1219,1139,1219,1219,1219,1219,1219,1139,1136,1219,1219,1274,1180,1219,1219,1139,1219,1136,1139,1219,1219,1219,1219,1219,1136,1219,1180,1136,1219,1219,1136,1136,1219,1139,1219
1130,1247,1331,1130,1331,1130,1391,1130,1391,1196,1391,1247,1131,1153,1130,1270,1153,1247,1131,1391,1364,1391,1331,1247,1153,1130,1316,1247,1131,1247,1131,1391,1196,1196,1130,1130,1331,1247,1131,1196,1351,1130,1331,1130,1270,1391,1131,1316,1316,1270
1219,1199,1219,1041,1219,1219,1219,1041,1219,1219,1459,1041,1041,1199,1219,1139,1219,1199,1139,1219,1219,1139,1199,1041,1219,1247,1219,1219,1219,1219,1199,1139,1219,1219,1199,1311,1219,1041,1219,1199,1219,1041,1219,1242,1219,1199,1247,1219,1219,1311
1064,1131,1222,1232,1064,1040,1040,1130,1238,1382,1247,1130,1222,1148,1130,1131,1130,1319,1238,1354,1232,1238,1391,1064,1213,1040,1131,1131,1238,1238,1148,1130,1131,1391,1064,1214,1064,1391,1247,1131,1247,1130,1064,1391,1131,1064,1130,1040,1222,1040
1135,939,1212,974,1212,941,941,1048,1219,1311,1311,1247,1135,1060,1212,941,1246,1219,1247,1219,1135,1048,1135,1048,1246,1060,1212,941,941,1060,1048,939,1048,939,974,1219,1219,939,1219,974,939,1219,939,1219,1247,939,1311,941,1246,974
1329,1046,940,1130,1130,1329,1046,1233,1247,951,1130,1247,951,1130,1130,1247,1130,1130,1130,1145,1130,1130,1130,1130,1130,1247,951,951,1233,1329,1388,940,951,1046,1329,1247,951,1130,1130,1130,1427,1329,1130,1145,1130,951,1329,1233,1130,1130
974,974,974,974,882,974,882,974,882,974,1043,974,1222,974,974,974,1247,974,974,1222,974,882,974,974,974,1043,1247,1247,974,974,974,974,974,974,1311,974,974,1311,1232,1311,974,974,974,974,974,974,974,974,882,882
1185,1130,1008,1130,1329,1008,1008,1329,1130,1202,948,1324,1130,1329,1185,948,1329,1247,1008,948,1130,1247,1130,1008,1322,1185,1247,1247,1247,948,1185,1202,1275,1247,1008,1130,948,1247,1247,948,1130,948,1202,1130,1329,1329,1329,1130,1008,1185
1247,1247,969,974,974,974,994,974,1247,974,974,974,974,1247,974,974,974,994,974,974,969,969,974,994,974,974,994,974,974,1240,994,974,974,1311,969,974,974,994,974,974,974,974,969,969,974,1311,974,974,994,974
1139,1143,1090,1130,1143,756,1090,1247,1130,1143,1329,1247,1145,1090,1186,1139,1329,1130,1243,1194,1139,1139,1090,1145,1145,1090,1130,756,1090,1277,1186,1329,1143,1247,756,1143,1139,1090,1090,1143,756,756,1090,1139,1143,1186,1130,1194,1194,1247
974,1247,1257,974,1128,998,974,974,1269,1247,1311,1310,1247,998,998,974,998,974,1128,974,974,1247,1311,974,1247,1311,1247,1269,1128,974,974,974,1128,974,1128,974,1128,1247,1247,974,1247,1257,974,1247,1247,974,974,974,1373,974
1247,1130,1215,1130,1130,1243,1243,1247,1130,1006,1130,1130,1130,1130,1247,1323,1130,1215,1006,1247,1006,1130,1130,1130,1130,1247,1197,1247,1130,1247,1247,1122,1247,1130,1247,1247,1197,1130,1130,1130,1284,1130,1215,1215,1215,1130,1130,1122,1247,1243
1247,1247,938,1247,1247,1309,974,1247,1211,1247,938,1211,1247,974,1247,1247,938,1247,1211,974,938,1247,1194,974,1247,1211,1194,1247,1247,938,1194,938,1194,1247,1247,938,938,1247,1309,1247,938,1299,1247,974,974,974,1247,1211,938,1247
1247,1247,1060,1247,1247,1247,1247,1247,1247,1247,1247,1011,1247,1247,1234,1060,1247,1247,1247,1247,1247,1011,1247,1247,1011,1247,1247,1234,1011,1247,1247,1247,1060,1247,1247,1247,1247,1247,1247,1247,1247,1011,1234,1011,1247,1247,1011,1247,1247,1060
1247,1247,1247,1191,1247,1191,1247,1191,1191,1247,1247,1247,1247,1247,1247,1247,1247,1191,1247,1247,1247,1247,1247,1247,1247,1247,1247,1247,1247,1247,1247,1247,1247,1247,1247,1247,1363,1247,1191,1247,1247,1247,1247,1247,1247,1247,1247,1247,1247,1247
1060,1134,1132,1247,1132,1060,1247,1247,1247,1060,1170,1134,1060,1247,1247,1132,1247,1247,1060,1197,1060,1060,1182,1134,1182,1247,1060,1132,1247,1247,1247,1247,1197,1247,1197,1197,1060,1060,1247,1182,1060,1060,1060,1182,1170,1182,1247,1247,1247,1060
1247,1173,955,1092,1247,1173,1056,1092,1226,955,1173,1221,1221,955,1247,1092,1247,1247,1174,1056,1056,1056,1092,1092,1173,1247,1056,1226,1221,955,1224,1174,1092,1221,1247,1247,1056,1056,1226,1092,1221,1092,955,1247,1056,1173,1247,1224,1247,1247
1247,1247,1059,1158,1247,1247,1166,1166,1128,1247,1247,1059,1176,1242,1247,1348,1158,1166,1158,1247,1059,1128,1247,1158,1247,1247,1059,1158,1176,1158,1247,1158,1334,1158,1247,1247,1128,1247,1348,1247,1176,1247,1247,1247,1256,1176,1176,1128,1247,1247
1224,1224,1247,1247,1247,1224,1224,1247,1247,1247,1247,1224,1224,1244,1224,1224,1247,1247,1247,1247,1048,1048,1224,1247,1247,1224,1224,1224,1247,1247,1247,1048,1247,1048,1048,1247,1244,1048,1244,1247,1247,1247,1244,1048,1048,1247,1247,1244,1247,1247
1247,1247,1247,1046,1247,1046,1247,1247,1247,1247,1046,1247,1247,1247,1247,1247,1247,1247,1247,1247,1046,1247,1046,1247,1046,1046,1046,1247,1247,1247,1247,1046,1046,1247,1046,1247,1247,1247,1046,1247,1247,1247,1247,1247,1247,1046,1247,1046,1247,1247
1131,1247,1202,1247,1247,1131,1043,1188,1043,1043,1188,1247,1247,1179,1043,1247,1131,1247,1179,1247,1179,1179,1247,1043,1179,1043,1247,1247,1247,1043,1247,1247,1247,1247,1195,1179,1195,1195,1188,1247,1043,1043,1247,1202,1247,1131,1195,1195,1247,1247
1171,1163,1229,1171,1045,1163,1163,1247,1163,1229,1163,1163,952,1171,1206,952,1206,1171,1247,1247,1163,1247,1229,1247,1045,1247,1247,952,1247,952,1247,1247,1045,952,1206,1247,1247,1247,1247,1247,1163,952,1206,1247,1247,1247,1045,952,1171,1247
1161,1161,1182,1146,1247,1193,1146,1244,1240,1247,1146,890,890,1233,1247,890,890,890,1146,1161,1161,1247,890,1247,1244,1244,1146,1247,1247,1233,1146,1161,1244,1247,1233,1247,1247,1247,1193,1134,1182,1134,1193,1182,1240,1233,890,1233,1240,890
1094,1205,1223,991,1189,1434,1247,1484,1247,1247,1223,1247,1247,1205,1247,1205,1314,1094,1205,1247,1205,1460,1247,1247,1094,1247,1247,991,1094,1189,1223,1247,1247,1094,991,991,1094,1189,1289,991,991,991,1094,1189,1247,991,1094,1189,1189,991
989,989,1247,890,890,1193,1247,1247,1407,989,1247,890,1247,1247,989,1235,1073,1247,1247,989,1247,1247,1013,1146,1073,1247,989,989,890,1247,1013,1247,1247,1247,1193,1146,1013,1247,1235,1247,1146,1146,1146,1247,1247,1013,1247,1247,890,890
1208,1054,1247,1247,991,1235,1054,1247,1054,1164,1247,991,1208,1247,1208,1054,1247,1208,1235,1054,1268,1208,991,1247,1235,1247,991,1208,1208,1054,1208,1208,1054,1208,1235,1247,1247,1235,991,1247,1247,1235,1235,991,1235,1247,1247,991,1247,1054
1193,1161,1136,1095,983,976,976,1182,1136,1198,1208,1095,1161,1198,1208,1095,1198,1136,1161,976,1182,1198,1208,1208,1115,1115,983,1198,976,1208,1208,1115,976,1208,983,976,1208,1115,1115,1208,1182,1161,1115,1198,976,1161,1208,983,1095,1161
1070,1129,1127,1208,1179,1070,1208,1179,1208,1070,1208,1208,1208,1129,1341,1341,1341,1208,1070,1208,1070,1070,1341,1208,1208,1179,1179,1179,1208,1208,1129,1208,1208,1127,1129,1127,1208,1208,1208,1299,1299,1290,1299,1208,1070,1208,1179,1179,1070,1208
1147,976,976,976,976,1208,1208,1208,976,1174,976,976,945,976,1068,1208,976,1208,976,976,976,976,945,976,976,1208,976,976,945,976,1208,1208,1208,976,976,976,1208,945,1068,1208,976,1068,945,1208,945,976,976,976,976,1208
857,848,1208,1208,1325,1156,959,848,848,857,848,1040,1208,1145,1208,1208,1208,1208,848,857,848,1040,1208,959,1207,959,1145,1040,1208,1208,1208,1208,1208,1156,1145,1208,1156,857,1208,1207,959,1156,1208,1040,959,857,959,959,1341,1040
844,1144,1208,1208,1167,1208,1167,945,1208,974,939,1144,974,844,974,945,974,976,1144,1144,976,844,1144,1208,1144,1208,974,1144,945,1144,1144,844,844,1167,1208,1208,1144,844,976,1208,844,1208,1349,1208,844,939,1208,1208,939,939
1208,1175,1208,848,1208,1208,1208,1175,1208,1162,1208,1196,1175,848,1196,1208,1196,1162,1175,1208,1162,848,1162,1208,1208,1162,1162,1208,1208,1208,1196,1208,1208,1196,848,848,1175,848,1208,848,1175,1208,1196,848,848,1196,1208,1208,1208,1162
1083,1208,1208,1083,1208,1083,1092,1208,1083,1199,1199,1208,1199,1208,1208,1208,1092,1208,1208,1092,1208,1208,1083,1092,1208,1083,1208,1208,1092,1092,1208,1092,1208,1208,1208,1092,1208,1092,1208,1199,1092,1208,1208,1208,1083,1092,1208,1199,1208,1199
1208,1208,1208,1198,1198,1093,1198,1208,1208,1117,1093,1208,1093,1208,901,1093,1208,1208,1208,1198,1093,1208,901,1198,1093,1208,901,1117,1208,901,1208,1208,1198,1208,901,1093,1208,1208,1208,1208,1093,1117,901,1093,901,1198,1198,1117,1117,1198
1126,1079,1198,1208,1198,1208,1386,1079,1208,1208,1198,1208,1126,1208,1208,1208,1079,1198,1198,1126,1208,1208,1079,1079,1079,1126,1198,1208,1126,1208,1208,1208,1079,1208,1208,1079,1208,1208,1208,1079,1079,1208,1079,1386,1208,1208,1208,1079,1208,1198
1208,1116,1208,1208,1208,1208,901,901,1126,1208,1208,1208,901,1208,1208,1208,1208,1208,1208,1208,901,901,901,901,1002,1208,1208,1002,1208,1116,1116,1208,1208,1208,1208,1208,901,901,901,901,1208,1208,901,1208,1208,1116,1208,901,1208,1126
1208,870,1208,1198,1208,1208,1184,870,1208,870,1063,1208,1208,1198,1208,1208,1063,1208,1208,1208,870,1208,870,1208,1208,870,1063,1208,1208,801,1063,1208,1063,1184,1208,870,1141,801,1141,870,801,1063,1208,1208,801,870,801,801,1208,1198
955,1064,1071,1064,1208,1071,1132,1132,1064,1208,1208,1132,1071,1208,1064,1071,1208,1064,959,955,1071,1208,1208,1132,1208,959,1071,1208,959,1106,1208,1132,1106,955,955,1064,1064,1071,1071,955,955,1208,1208,1132,1208,1132,1071,1064,955,1197
1208,879,1208,1208,1208,1208,1094,1208,1192,1208,946,1208,946,1208,879,1208,946,1208,1208,879,879,1208,1236,1208,1094,879,1208,879,1208,1192,946,1208,1448,1094,1208,946,1192,1208,1208,1208,1094,1208,1094,879,1208,946,1094,1208,1208,946
1078,1047,1146,1047,1199,1097,1047,1078,1208,1097,1047,1208,1208,1047,1208,1199,1047,1208,1047,1199,1208,1097,1208,1047,1208,1097,1208,1208,1047,1199,1097,1047,1199,1208,1078,1208,1208,1208,1208,1208,1208,1208,1047,1047,1208,1047,1199,1208,1047,1208
1143,1057,1208,1208,1208,1208,1057,1208,1057,1208,1208,1147,1208,1147,1147,1208,1057,1208,1208,1208,1057,1208,1143,1208,1208,1208,1208,1057,1208,1208,1208,1208,1208,1057,1208,1057,1147,1208,1147,1147,1057,1057,1147,1208,1208,1208,1208,1057,1208,1208
980,980,1154,980,989,1154,1208,1208,1154,1208,1154,1208,863,1208,1154,1208,1195,1195,1208,1208,1208,1195,1208,1208,1208,980,863,980,1195,1208,863,1208,1208,1208,1195,1208,863,1154,1195,1208,1208,863,1195,1208,1208,1154,989,1208,1208,1195
1195,1195,1195,1208,1208,1195,1195,1195,1195,1208,1100,978,1195,1195,1208,1195,1208,1208,978,1100,1208,1195,1208,1208,1195,1195,1208,1195,1195,1195,1195,1208,1100,978,1195,1195,1195,1100,1208,978,1195,1195,978,1208,1195,1100,1208,1195,978,1195
1049,998,1049,1195,1167,1154,1167,1167,1178,1195,1195,1178,998,1167,1154,1178,998,1049,1195,1178,1195,1195,1195,1195,1195,998,1195,1178,1178,1049,964,1154,964,1049,1049,1049,964,1195,1167,998,1195,1195,998,1154,1195,998,1195,1049,964,1195
1070,1070,1195,1100,1100,1195,1100,1195,1070,1070,1195,1195,1195,1195,1195,1136,1136,1195,1100,1195,1070,1136,1195,1100,1195,1195,1136,1195,1195,1136,1195,1195,1195,1195,1195,1136,1070,1195,1195,1070,1136,1195,1195,1136,1195,1070,1136,1070,1100,1195
1195,1195,1195,1195,1195,1195,1195,1195,1160,1195,1195,1116,1195,1195,1195,1116,1195,1195,1195,1195,1195,1195,1195,1195,1195,1195,1160,1195,1116,1195,1195,1195,1195,1195,1195,1195,1195,1195,1195,1195,1208,1195,1195,1116,1160,1195,1195,1160,1195,1116
1195,1195,1195,1069,1195,1069,1195,1195,1195,1195,1195,1195,1069,1195,1195,1069,1069,1195,1069,1195,1195,1069,1195,1195,1195,1069,1069,1195,1195,1195,1069,1195,1195,1195,1195,1195,1069,1195,1195,1195,1195,1195,1195,1069,1195,1195,1195,1195,1195,1069
1195,1118,1195,1195,1127,1195,1036,1195,1118,1195,1195,1067,1195,1036,1118,1195,1195,1127,1118,1036,1195,1195,1176,1067,1118,1195,1036,1195,1036,1195,1137,1036,1118,1118,1118,1118,1036,1118,1127,1195,1195,1195,1036,1127,1036,1118,1195,1195,1127,1118
1195,1159,1195,1195,1195,1195,1195,1159,1195,1195,1195,1195,848,1195,1195,1195,1195,848,1281,848,1195,1195,1195,1159,848,1195,1195,1195,1195,1195,1195,1195,848,1195,1195,1195,848,1195,1195,848,1195,1195,1195,1195,1159,1159,1195,848,1195,1195
1195,1195,1195,1042,1042,1195,1195,1195,1195,1195,1195,1195,1195,1195,1042,1195,1195,1195,1195,1195,1195,1042,957,1195,1195,1195,957,1195,1195,1195,1195,1195,1195,1042,1195,1195,1195,1195,1195,1195,1195,1042,1042,1195,957,957,1195,1195,1195,1195
1195,1068,1191,1195,1195,1195,1068,1139,1139,1068,1068,1068,1191,1195,1139,1137,1068,1195,1195,1139,1195,1195,1191,1195,1068,1137,1195,1068,1195,1195,1195,1195,1068,1068,1191,1068,1191,1195,1137,1195,1195,1195,1068,1068,1139,1195,1139,1139,1195,1195
1195,1120,1195,1168,1195,1195,1195,1195,1120,1195,1195,1120,1120,1120,1346,1195,1195,1195,1195,1195,1195,1195,1195,1195,1195,1195,1195,1195,1195,1195,1195,1120,1195,1168,1195,1195,1195,1195,1195,1195,1120,1195,1195,1334,1168,1120,1195,1195,1195,1195
1195,1141,1195,1195,1141,1147,1141,1195,1195,1141,1147,1195,1147,1147,1147,1141,1195,1195,1141,1147,1141,1147,1195,1141,1195,1141,1195,1195,1195,1195,1141,1195,1193,1195,1141,1195,1193,1195,1195,1195,1147,1195,1195,1195,1141,1195,1195,1141,1141,1195
1029,1195,1195,1195,966,1195,1195,1024,1148,1195,1029,1024,1148,1195,1195,1195,1029,1029,966,1195,1195,1195,1195,1195,1024,978,1024,1195,1195,1029,978,1195,966,966,1195,1195,1195,1195,1024,1195,1195,1195,978,1195,1195,978,1029,1195,966,1195
1195,1195,1195,1195,1195,1195,1195,1186,1186,1195,1195,1195,1195,1195,1195,1195,1186,1195,1195,1195,1195,1195,1195,1195,1195,1195,1195,1195,1195,1195,1195,1186,1195,1195,1195,1306,1195,1195,1195,1195,1195,1195,1195,1195,1186,1195,1195,1195,1195,1195
1195,1145,1195,1081,1088,1088,1145,1195,1195,1088,1133,1086,1086,1195,1060,1133,1195,1060,1145,1088,1145,1145,1133,1195,1088,1088,1195,1086,1195,1086,1195,1144,1081,1133,1145,1088,1081,1086,1086,1195,1195,1195,1081,1088,1081,1145,1195,1195,1088,1060
1195,1039,1195,1041,1195,1195,1195,1041,1195,1041,1041,1041,1195,1195,1195,1195,1039,1195,1039,1081,1195,1195,1039,1195,1081,1039,1081,1195,1195,1299,1195,1039,1162,1041,1195,1081,1081,1195,1039,1039,1195,1081,1081,1041,1039,1162,1041,1162,1041,1195
1195,1195,1195,1195,1195,1195,1195,1195,1195,1195,1195,1195,1195,964,1195,1195,964,1195,1195,1195,1195,1195,1195,1195,1195,1195,1195,1195,1195,1195,964,1195,964,1195,1195,1195,1195,964,1195,964,1195,1278,1195,1195,1195,1195,1195,964,1195,1195
1195,1195,1195,1070,1195,1195,1173,1195,1192,1195,1195,1195,1192,1192,1195,1195,1195,1192,1195,1070,1173,1173,1195,1195,1195,1192,1070,1192,1195,1173,1173,1195,1070,1195,1195,1195,1070,1070,1195,1195,1070,1195,1173,1195,1195,1195,1195,1195,1070,1070
1151,1116,1151,1116,1116,1149,1116,1142,1142,1195,1195,1195,1195,1195,1195,1195,1195,1195,1149,1142,1149,1195,1195,1195,1195,1116,1195,1195,1149,1195,1142,996,1142,1195,1195,1195,1142,1116,1116,1116,1195,1116,1195,1195,996,1195,1195,1195,1195,1151
1195,1195,1195,1195,1195,1195,1113,1195,1195,1043,1195,1043,1195,1195,1043,1195,1195,1195,1087,1195,1087,1043,1195,1113,1043,1195,1195,1087,1113,1087,1195,1195,1195,1195,1195,1087,1087,1043,1195,1087,1195,1195,1195,1195,1195,1113,1043,1195,1087,1195
1188,1195,1195,1195,1195,1195,1195,1195,1123,1195,1195,1188,1195,1195,1195,1195,1195,1195,1195,1195,1195,1195,1123,1195,1195,1195,1188,1195,1195,1188,1195,1195,1195,1188,1195,1195,1195,1195,1195,1195,1195,1195,1195,1195,1195,1195,1195,1195,1195,1195
1195,1195,1180,1195,1167,1167,1195,1195,1195,1195,1167,1195,1195,1195,1195,1180,1195,1195,1167,1195,1167,1195,1167,1195,1195,1167,1195,1195,1195,1195,1167,1195,1195,1195,1195,1167,1195,1195,1195,1195,1195,1195,1195,1180,1195,1195,1195,1195,1195,1195
1195,1195,1195,1154,1187,1195,1193,1193,1195,1154,1195,1195,1154,1195,1195,1195,1195,1195,1195,1187,1195,1195,1193,1195,1195,1195,1154,1195,1153,1195,1195,1195,1195,1195,1154,1195,1153,1195,1154,1154,1153,1195,1154,1153,1154,1193,1153,1195,1153,1195
1195,1186,1160,1186,1195,1195,1147,1195,1147,1195,1195,1195,1195,1195,1195,1195,1186,1195,1160,1160,1195,1160,1160,1195,1195,1195,1195,1160,1195,1147,1195,1195,1186,1195,1160,1195,1160,1195,1186,1186,1195,1195,1195,1195,1186,1195,1195,1195,1195,1195
1143,1195,1195,1195,1189,1195,1147,1189,1147,1195,1195,1147,1195,1195,1195,1189,1143,1189,1195,1195,1195,1195,1195,1147,1195,1195,1195,1195,1195,1195,1147,1189,1143,1143,1143,1195,1195,1143,1143,1195,1143,1195,1143,1147,1147,1143,1195,1143,1195,1189
1195,1195,1195,1195,1195,1195,1195,1195,1195,1195,1195,1195,1137,1137,1195,1195,1195,1195,1195,1195,1195,1137,1195,1195,1195,1195,1195,1195,1195,1195,1137,1195,1195,1195,1195,1195,1137,1195,1195,1195,1195,1195,1195,1195,1195,1137,1195,1195,1195,1195
1195,1195,1195,1195,1195,1195,1195,1195,1195,1195,1195,1195,1195,1195,1195,1195,1195,1195,1195,1195,1195,1195,1195,1195,1195,1195,1195,1195,1195,1195,1195,1195,1195,1195,1195,1195,1195,1195,1195,1195,1195,1195,1195,1195,1195,1195,1195,1195,1195,1195
1195,1195,1106,1195,1195,1195,1195,1096,1195,1195,1195,1106,1195,1106,1096,1195,1096,1195,1195,1195,1195,1136,1195,1195,1136,1195,1195,1106,1195,1136,1136,1195,1106,1195,1195,1096,1096,1195,1195,1096,1195,1136,1096,1195,1195,1195,1096,1096,1195,1096
1171,1195,1195,1065,1195,987,987,987,1017,1168,1307,987,1168,1168,1195,1195,1017,1195,1017,1171,987,1195,1195,1195,1171,1195,1195,1195,1195,1195,1171,1065,1017,1017,1017,987,987,1195,1168,1195,1168,987,1065,1195,987,1195,1017,1168,987,1017
1195,1210,1210,1195,1195,1096,1195,1195,1195,1142,1195,1195,1096,1195,1059,1195,1059,1195,1145,1195,1195,1195,1059,1096,1195,1195,1142,1195,1059,1142,1145,1195,1195,1195,1195,1195,1195,1096,1195,1195,1142,1195,1096,1059,1145,1059,1195,1195,1059,1195
1017,1195,1017,1165,1195,1017,956,950,1125,1195,956,1195,1125,1195,1140,1195,950,1125,1165,1195,1140,1165,1165,1195,1017,1195,1195,950,1060,1140,1195,1060,950,1165,1017,1060,1195,1140,956,1125,1165,956,1017,1165,1140,1195,1017,1017,1017,1017
1147,1165,1165,1159,866,874,1145,954,1165,866,1165,1145,1234,866,1165,954,954,1165,866,874,1195,866,1147,1159,1165,1165,874,1165,866,874,1159,1159,1147,1145,954,1145,1159,866,1159,874,1145,954,1195,1165,866,866,874,1159,1195,874
955,1201,1162,1048,838,1165,1165,1048,1044,1165,955,1165,1162,1165,1165,1165,1044,1070,1044,1048,1044,1044,1044,1048,1165,1165,1165,1044,1044,1048,838,838,1048,955,1044,1165,1165,955,1044,1165,1165,1048,838,838,1162,1048,838,1165,955,1048
1158,1158,962,962,1165,1314,1158,1165,1165,1165,1165,1165,1350,962,962,962,1158,1165,1165,962,1165,1165,1165,1165,962,1165,1158,1165,1165,1165,1165,1165,1326,1165,962,1165,1165,1165,1165,1165,962,1158,1158,1165,1158,1165,962,962,1158,962
1126,1165,1165,1165,1165,1165,1165,1165,1165,1126,1165,1165,1126,1165,1165,1165,1165,1126,1165,1165,1165,1165,1165,1165,1191,1126,1126,1165,1165,1165,1165,1165,1165,1165,1165,1165,1165,1165,1165,1165,1165,1165,1165,1165,1165,1165,1165,1165,1165,1165
1046,1046,1165,1091,1165,1046,1064,1165,1064,1165,1165,1165,1165,994,1064,1046,1165,1088,1165,1088,994,994,1046,1091,1165,994,1046,1165,994,1064,1165,994,1165,1165,1088,1165,1165,1165,1091,994,1165,1088,994,1064,1091,1091,1165,1091,1165,1091
1012,1012,1138,1165,1138,1012,1165,1165,1012,1138,904,1165,1165,1165,904,904,904,1141,1136,1165,1165,1142,1165,1012,1165,1165,1165,904,1138,1142,904,1165,1142,1165,1165,904,1012,1141,1165,1138,1136,1165,904,1165,1165,1138,1165,1165,1012,1136
1056,1019,1019,1165,1323,1019,1165,1165,1165,1165,1165,1165,1019,1056,1165,1165,1056,1165,1165,1165,1165,1165,1165,1165,1165,1165,1165,1165,1019,1056,1165,1165,1019,1019,1165,1165,1019,1056,1165,1056,1165,1165,1056,1165,1056,1056,1284,1165,1165,1165
1142,1114,1142,1114,1142,777,1165,777,1114,1165,1165,1165,1142,1018,1165,1018,1165,1100,1165,1165,777,1165,777,1018,1114,1165,1100,1142,1114,777,1165,1142,1165,1165,1100,1165,777,1100,1114,1165,1165,1100,777,1018,1165,1165,1114,1018,1142,777
1165,772,1165,1165,1165,1109,772,1165,1165,772,772,772,1165,1165,1165,772,1109,1165,1165,1165,1165,1165,1165,1165,1165,1165,1165,1165,1072,1109,1165,1165,1165,1165,1165,1165,1165,1109,1165,1165,1109,1072,1165,772,1165,1165,1165,1165,1165,772
1065,1031,1151,1165,1031,1047,1031,1165,1165,1058,1047,1151,1151,865,1031,1031,1165,1047,865,865,1151,1031,865,1165,1065,1165,865,865,865,1058,1047,1065,1165,1047,865,1031,1165,1031,865,1047,1151,1047,1031,865,1047,1165,1031,1031,1031,1058
1165,1165,952,1165,1165,1165,1165,1165,1165,870,870,1165,870,1165,1298,1052,1165,952,1052,870,1165,1165,1165,1052,870,1165,1165,952,1165,1165,1165,1113,1298,870,1113,1052,1113,1052,1258,1052,1052,1165,1165,1165,1165,1388,870,1165,1165,1291
1165,1095,1095,1140,1095,1018,1165,1031,1031,1018,1031,1095,1058,1018,1018,1165,1031,1037,1031,1037,1165,1018,1095,1031,1037,1058,1031,1164,1165,1018,1031,1018,1031,1145,1165,1165,1058,1095,1031,1165,1037,1037,1018,1095,1037,1095,1165,1058,1031,1018
1165,1030,925,1165,925,1165,1165,1165,940,1030,925,1165,1298,1030,1294,1165,925,1030,1165,940,1030,925,925,1165,1285,925,1165,1165,1141,940,1165,1165,940,1165,940,1030,1165,1298,1165,1165,1294,1165,1030,925,925,1165,1165,925,940,1165
975,1165,1165,915,915,1165,1165,1031,1136,1031,975,915,1165,915,915,915,1165,1031,1165,1165,975,1031,975,1031,1076,915,1165,1031,915,1165,1031,915,915,975,1076,1165,915,1165,1136,915,1165,1076,1165,1031,1076,1031,975,915,1136,1165
1014,814,1157,1165,1165,1165,1165,1157,1014,814,814,1014,814,1157,814,1157,1165,1165,1157,1165,1165,1165,1165,1165,1014,1165,1165,1298,1165,1165,1165,1157,1157,1165,814,1165,1165,814,814,1157,814,1014,1165,1165,814,1438,1165,1165,1165,814
1165,1063,1052,1165,1165,1059,1052,1059,1102,1129,1052,1165,819,1132,1165,1031,1165,819,1031,1152,1059,1102,819,1031,1052,1059,1052,1165,1165,1165,1063,1063,1165,1152,1059,1165,1132,1165,1165,819,1132,1063,1132,1031,819,1052,1165,819,819,1059
1165,870,870,1165,1165,1165,1165,914,921,870,914,914,857,1103,1165,921,1165,926,926,1165,926,870,914,857,921,914,857,914,926,926,857,914,870,857,914,1165,914,1165,1165,926,1165,921,1165,1165,1165,926,926,857,870,857
1107,1107,1122,968,864,1107,864,1107,1145,1054,864,1107,1107,1107,1054,1165,1054,1107,864,1107,864,968,1107,1054,1107,1340,968,864,1107,1054,1107,1122,968,864,1165,1165,1165,1107,1107,1165,1165,1107,1107,1107,1165,864,1107,1165,864,1107
870,870,870,870,870,870,870,870,870,870,870,870,870,870,870,870,870,870,870,870,870,870,870,870,870,870,870,870,1034,870,870,870,870,870,870,870,870,870,870,870,870,870,870,870,870,870,870,870,870,870
1052,995,995,995,876,1107,876,876,1052,1071,876,1107,876,912,1107,876,1107,995,876,1107,876,995,1107,1107,1107,1107,1107,1052,912,1071,912,1052,912,912,912,995,1107,1107,1107,876,912,1107,1107,876,995,1052,1107,1107,1052,1107
870,870,870,870,870,870,870,870,870,870,870,870,870,870,870,870,870,870,870,873,870,870,870,870,870,870,870,870,870,1326,870,870,870,870,870,870,870,870,870,1326,870,870,870,955,870,1238,870,870,870,870
1107,1107,1107,995,1107,1048,995,833,762,833,762,1107,995,762,1107,1048,995,762,1107,1107,762,762,1065,762,1048,1107,995,762,1082,1107,995,1107,762,833,995,762,833,1082,995,995,1048,1107,762,1107,1107,1048,995,1082,1107,1107
870,870,1086,870,870,746,870,870,870,870,870,746,870,870,870,870,1284,870,870,870,870,870,870,870,746,870,746,870,746,870,870,870,870,746,870,870,746,870,870,870,870,870,746,870,746,870,746,746,870,870
922,922,796,1107,1107,1107,1107,832,974,1107,934,934,1107,832,1107,1107,1107,922,1107,796,832,796,974,832,974,922,1107,1107,1107,934,922,796,1107,1107,1107,934,934,922,832,934,1107,1107,796,1107,922,1107,974,796,1107,981
870,870,870,870,870,870,870,870,722,870,870,722,870,722,870,870,722,870,870,870,870,870,870,870,920,870,870,722,870,722,870,722,870,870,870,722,870,870,870,870,870,870,722,722,870,722,722,870,870,722
1107,1008,1008,1101,941,1107,1107,1107,874,874,941,1101,1107,1101,1107,1107,1107,1107,941,1107,1107,1008,1107,1107,1008,1101,874,1107,1008,1101,1107,1101,1008,941,874,1107,874,1107,1107,1008,1107,941,874,1107,1008,1101,874,1101,1008,1107
870,870,870,870,865,870,870,870,865,870,870,870,870,865,870,870,865,870,870,870,870,870,870,870,870,870,865,870,870,870,870,870,870,870,865,865,870,870,865,870,870,870,870,865,870,870,870,870,870,870
937,1018,929,950,1107,1107,1038,1107,937,937,929,1107,1107,1107,1107,1107,1107,1038,929,929,937,1107,1107,1107,1018,1107,1107,1107,1107,1107,1018,1107,1107,1107,929,937,937,929,950,1018,1107,950,937,950,1018,950,1107,1107,1107,1107
870,870,870,870,870,870,870,870,870,870,870,870,870,870,870,870,870,870,870,870,870,870,870,870,870,870,870,870,870,870,870,870,870,870,870,870,870,870,870,870,870,870,870,870,870,870,870,870,870,870
1107,1107,1107,1107,937,1107,790,790,1107,1107,785,1107,785,1107,1107,937,1107,785,1107,790,937,790,1107,937,1107,1107,1098,790,1107,1107,1107,1107,1107,1098,1107,1107,1107,1107,1107,1107,1107,790,785,1107,1107,1098,1107,937,1107,790
720,870,870,748,720,748,870,720,870,748,870,748,720,748,870,870,748,870,870,870,870,870,720,870,748,870,720,720,748,720,870,870,748,720,870,870,870,870,870,870,748,870,720,870,870,870,870,870,870,870
1076,1107,1107,1107,985,1107,762,973,1107,1076,1107,1107,1107,925,1076,1107,1107,1107,1107,973,1107,985,760,1107,985,1107,1076,1107,1107,925,1076,1107,1107,925,925,1107,925,762,973,1107,1076,760,1107,985,973,973,925,1076,760,760
870,870,870,870,870,870,870,870,870,870,870,870,870,870,870,1069,870,870,870,870,870,870,870,870,870,870,870,870,870,870,870,870,870,870,870,870,870,870,870,870,870,870,870,870,870,870,870,870,870,870
1073,1073,1107,1107,1107,1107,1107,1107,1073,1107,1107,1073,1107,1107,1107,1107,1073,1107,1107,1107,1107,1073,1107,1107,1073,1107,1107,1107,1107,1107,1107,1107,1107,1107,1107,1107,1073,1107,1107,1107,1107,1107,1107,1073,1107,1107,1073,1107,1107,1107
870,870,870,870,870,870,870,870,870,870,824,824,862,870,870,862,870,870,870,862,870,862,870,870,870,862,870,870,870,870,870,862,870,870,870,870,824,824,870,870,870,824,870,824,824,824,870,870,870,870
846,1107,1008,1028,1008,1037,1008,1083,1022,1022,1107,1008,1083,1083,846,1037,1005,1008,1022,1083,846,1107,1107,1107,1022,1107,1005,1083,1083,1037,846,846,846,846,846,1022,1022,1083,846,1107,1083,1022,1083,1005,846,1005,846,1107,846,846
862,862,862,862,870,862,862,862,862,862,862,862,862,862,862,862,862,870,1270,862,862,870,870,862,870,862,862,862,862,862,862,1195,862,1076,862,862,862,870,862,862,862,862,870,862,862,862,862,862,862,862
963,932,1081,909,909,909,1083,848,1081,1083,1081,909,1069,1083,1083,1083,1083,1019,1083,848,1083,1019,1019,1081,909,1083,1083,848,932,963,1083,963,848,1083,963,848,909,848,1081,1019,1083,1083,1069,1083,848,1083,1019,909,1083,1019
862,862,862,862,862,862,862,862,862,862,862,862,862,862,862,862,862,862,862,862,862,862,862,862,862,862,862,862,862,862,862,862,862,862,862,862,862,862,1113,1401,862,862,862,862,862,862,862,862,862,862
1083,1083,1083,1083,1083,1081,1083,1083,928,1083,1083,929,928,1083,1083,928,1083,1083,1083,927,1083,1083,847,927,1083,928,929,1083,1083,1083,1083,1083,929,927,928,1083,1081,1083,1083,928,1083,927,1083,928,1083,927,928,1083,927,927
862,862,862,862,862,862,862,862,862,862,862,862,862,862,862,862,862,862,862,862,862,862,862,862,862,862,862,862,862,862,862,862,862,862,862,862,862,862,862,862,862,862,862,862,862,862,862,862,862,862
1083,1001,1053,1083,1001,1001,1083,1083,1083,769,1053,1083,1053,1083,769,1053,1001,1083,1083,769,1083,1083,769,1083,1083,1083,1083,1083,769,1001,1083,1083,1053,769,1083,769,1001,1053,1083,1083,1001,1083,1083,769,1083,1083,1083,1053,1083,1083
862,862,862,862,862,862,862,862,862,862,862,862,862,862,862,862,862,862,862,862,862,862,862,862,862,862,862,862,862,862,862,862,862,862,862,862,862,862,862,862,862,862,1298,862,862,862,862,862,862,862
1037,1083,1083,1083,1035,1035,1083,1083,1083,1083,1037,1083,1083,1083,1083,1037,1083,1037,1083,1083,1083,1083,1083,1083,1083,1083,1083,1083,1037,1037,1083,1083,1083,1083,1083,1083,1037,1083,1083,1083,1083,1083,1083,1037,1035,1083,1083,1083,1083,1037
862,862,789,862,862,862,862,862,862,862,862,862,862,862,862,862,862,862,862,862,862,862,789,862,862,789,862,862,862,862,862,789,789,862,862,789,862,862,862,862,862,862,862,862,862,862,862,789,862,862
938,1083,717,836,836,1073,938,836,1013,1083,1013,1083,1073,836,938,836,1083,717,1073,1013,1083,938,717,1013,1083,1083,1073,1083,1083,717,836,1083,1073,1073,836,1013,1073,1073,717,717,717,717,938,1073,1083,1083,938,717,717,1013
862,862,862,862,862,862,1302,862,1529,862,862,862,862,862,862,862,862,862,862,1388,862,862,862,862,862,862,862,862,862,1453,862,862,862,862,862,862,862,862,1503,862,862,862,862,862,862,862,862,862,862,1388
836,836,1083,1083,1083,836,836,836,1083,1083,717,1073,717,717,836,1083,717,1083,1073,1083,1083,836,1083,1013,1083,1083,1073,1083,1083,1083,1083,717,1013,1083,1083,717,717,1073,836,836,1013,836,1083,1083,1073,1083,717,836,717,1083
862,862,843,862,843,862,862,862,862,862,862,862,843,862,862,862,862,739,862,862,862,862,739,862,862,843,862,739,862,862,862,843,862,862,862,862,862,862,862,862,862,862,843,739,862,843,862,862,862,862
1083,1083,1083,784,1083,1083,1083,1083,784,784,1083,1083,1083,1083,1083,1083,1083,1083,1072,1083,1083,1083,1083,1083,1083,1083,1083,1031,1072,1083,1083,1083,784,1083,1083,1031,1072,1083,1083,1072,1072,1072,1083,1083,784,1031,1083,1072,1083,1083
862,862,862,862,802,802,862,862,862,862,862,835,862,862,862,862,862,862,862,862,862,862,862,862,862,862,862,862,835,802,862,862,862,862,835,862,862,862,835,862,862,862,802,862,862,862,802,802,862,862
1028,1018,1018,1028,1026,1083,1050,1083,1083,1028,1028,1083,1018,1083,1083,1018,1018,1018,1028,1083,1028,1050,1083,1083,1083,1083,1026,1018,1026,1083,1083,1083,1018,1083,1083,1028,1083,1083,1028,1026,1050,1083,1083,1028,1083,1028,1083,1026,1083,1050
862,862,862,862,862,862,862,1355,862,862,862,862,862,862,862,862,862,862,862,862,862,862,862,862,862,862,862,862,862,862,862,862,862,862,862,862,862,862,862,862,862,862,862,862,862,862,862,862,862,862
1083,1083,1083,917,1083,1013,1083,1013,1083,1083,1083,917,938,1013,1083,1083,1083,1083,1083,938,938,1013,917,1083,1013,938,1083,938,1083,938,917,1083,1013,938,1083,917,938,917,938,1083,938,1083,1083,1083,1083,938,1083,1013,938,1083
862,862,862,862,862,862,862,862,862,862,862,862,862,862,862,862,862,935,862,862,862,862,862,862,862,862,862,862,862,862,862,862,862,862,862,862,862,862,862,862,862,862,862,862,862,862,862,862,862,862
929,1083,1083,1083,928,1083,928,929,1083,928,1083,928,928,929,929,927,929,972,972,972,1083,927,929,1083,927,1083,1083,1083,929,1083,1083,927,927,927,929,929,929,1083,1083,927,1083,929,1083,1083,1083,927,1083,929,928,1083
862,822,862,862,862,862,862,862,822,862,862,862,862,822,862,862,1065,862,862,862,862,862,862,862,862,862,862,862,862,862,862,862,862,862,862,862,862,822,822,862,822,862,862,862,862,862,862,862,862,862
856,1083,1083,856,756,756,756,1083,856,856,1083,856,1083,1083,1083,1083,1083,920,1083,1083,1083,1083,756,1083,1083,1083,1083,1083,1083,856,756,1083,1083,1083,1083,920,756,1083,856,1083,756,1083,1083,1083,856,1083,920,856,1083,856
862,862,862,862,862,862,862,862,862,862,862,862,862,862,862,862,862,862,862,862,862,862,862,862,862,862,862,862,862,862,862,862,862,862,862,862,862,862,862,862,862,862,862,862,862,862,862,862,862,862
830,1083,1083,1083,1083,1083,841,841,830,830,841,1083,1083,1083,1083,841,1083,841,1083,830,1083,1083,1083,1083,1083,1083,1083,1083,1083,830,1083,1083,1083,1083,1083,972,1083,830,830,1083,1083,972,1083,830,1083,841,1083,1083,1083,1083
862,862,862,862,862,862,862,862,862,862,862,862,862,862,862,862,862,862,862,862,862,862,862,862,862,862,862,862,862,862,862,862,862,862,862,862,862,862,862,862,862,862,862,862,862,862,862,862,862,862
1083,1078,747,1083,1078,1083,1078,1083,1083,1083,1083,747,1083,1083,1083,1083,1083,1083,1083,747,1083,1083,1083,1078,1083,747,1083,1083,1078,1078,747,1083,1083,1078,1083,1078,1083,1083,1083,1078,1083,1083,747,1078,1083,1083,1078,1083,1078,1083
862,862,862,862,862,862,862,862,862,862,862,862,862,862,862,862,862,862,862,862,862,862,862,862,862,862,862,862,862,862,862,862,862,862,862,862,862,862,862,862,862,862,862,862,862,862,862,862,862,862
1083,1083,1083,1083,1083,1083,1083,843,1083,998,843,1083,1083,843,1083,1083,1083,1083,998,1083,1083,1083,843,1083,1083,998,998,1083,1083,1083,998,1083,1083,1083,1083,1083,1083,998,1083,1083,1083,1083,1083,998,1083,1083,1083,1083,998,1083
862,862,862,862,862,862,862,862,862,862,862,862,862,862,862,862,862,862,862,862,862,862,862,862,862,862,862,862,862,862,862,862,862,862,862,862,862,862,862,862,862,862,862,862,862,862,862,862,862,862
1083,1083,880,1083,1083,1083,880,880,1083,1083,1083,1083,1083,1083,880,1083,1083,1083,1083,1083,880,1083,1083,1083,1083,1083,1083,1083,880,1083,880,1083,1083,1083,1083,1083,880,1083,1083,880,1083,1083,1083,1083,1083,1083,1083,1083,1083,1083
862,862,855,862,862,855,855,862,855,855,862,855,862,862,862,862,862,862,862,862,862,862,862,855,862,862,862,862,862,862,862,855,862,862,862,862,862,862,862,862,862,862,862,855,862,862,862,862,862,855
1083,1083,1083,1083,1083,1083,1083,812,1083,1083,812,812,812,1083,993,1083,1083,1083,1083,812,1083,1083,812,812,812,812,1083,1083,812,1083,1083,812,1083,812,1083,993,1083,993,1083,993,812,993,1083,1083,1083,1083,1083,1083,1083,1083
862,862,816,862,862,862,862,862,816,862,862,862,862,862,862,862,862,862,862,816,862,862,862,816,862,862,862,862,816,862,862,862,816,862,862,862,862,862,862,862,862,862,862,862,816,862,862,862,862,862
900,1083,1083,1083,845,1083,900,1083,1083,788,1083,845,1083,900,845,1083,1031,845,788,1083,845,1083,788,1083,1083,900,1083,1083,1083,1083,1083,1083,1083,1083,788,900,900,845,1083,1083,1031,1083,1083,788,845,788,1083,1083,1083,788
862,862,862,862,862,862,862,862,862,862,862,862,862,862,862,862,862,862,862,862,862,862,862,862,862,862,862,862,862,862,862,862,862,862,862,862,862,862,862,862,862,862,862,862,862,862,862,862,862,862
1068,825,1083,825,1068,1083,1083,1083,1068,1068,1043,1083,1083,1068,1068,1083,1083,1083,1068,1083,825,1083,1043,1083,1083,1068,825,1083,1083,1068,1068,1083,1083,1068,1043,1083,1083,1083,1083,825,1083,1083,825,1083,825,1083,1043,825,1083,1068
862,862,862,862,862,862,862,862,862,862,862,862,862,1096,862,862,862,862,862,862,862,862,862,862,862,862,862,862,862,862,862,862,862,862,862,862,862,862,862,862,862,862,862,862,862,862,862,862,862,862
996,1068,1083,1083,1083,1083,1083,1083,1083,1083,996,1083,1083,996,996,1068,1068,1009,1009,1083,1083,1083,996,1083,996,996,1083,1083,996,1009,1083,1083,1083,1083,996,1083,1083,996,996,1083,996,1009,1083,1009,1083,1083,1083,1083,1083,1083
862,862,862,862,862,862,862,862,862,862,862,862,862,862,862,862,862,862,862,862,862,862,862,862,862,862,862,862,862,862,862,862,862,862,862,862,862,862,862,862,862,862,862,862,862,862,862,862,862,862
1083,936,936,936,1083,1083,1020,1083,1083,1020,1083,936,1083,1083,936,936,1083,1007,1083,1083,1083,1007,1083,936,1020,1083,1083,1083,1007,1083,1007,1020,1083,1083,1083,1083,1020,1007,1020,1083,1083,1083,1083,1083,936,1083,1083,1083,1083,1083
862,862,862,862,862,862,862,862,862,862,862,862,862,862,862,862,862,862,862,862,862,862,862,862,862,862,862,862,862,862,862,862,862,862,862,862,862,862,862,862,862,862,862,862,862,862,862,862,862,862
1019,1083,1083,1083,1083,982,1083,1083,1083,1008,982,1083,982,1008,1019,982,982,982,1083,1083,982,1008,1083,1083,1008,1083,1008,1083,1083,982,1083,1083,982,1008,982,1008,1083,1019,1019,1083,1008,1019,1083,1083,1008,1083,1083,1083,1083,982
862,862,862,862,862,862,862,862,862,862,862,862,862,862,862,862,862,862,862,862,862,862,862,862,862,862,862,862,862,862,862,862,862,862,862,862,862,862,862,862,862,862,862,862,862,862,862,862,862,862
994,1083,1083,1083,1083,1083,1083,1083,1083,994,1083,1083,994,1083,1083,994,937,1083,1083,1083,1083,1083,1083,1083,1083,1083,1083,1083,994,1083,1083,1083,937,1083,1083,1083,1083,937,1083,1083,1083,1083,1083,1083,1083,1083,1083,1083,1083,937
862,862,781,862,862,862,862,862,862,862,862,862,862,862,862,781,862,862,862,781,781,862,781,862,862,781,862,862,862,862,862,862,862,862,862,862,781,862,862,862,862,781,862,862,862,862,862,862,862,862
847,978,995,1083,1083,847,847,995,1083,847,847,847,978,1016,978,1083,995,1016,1016,978,978,1083,1016,847,995,1083,1083,1083,1083,1083,1083,1083,978,1083,978,995,1083,847,1083,1083,1083,1083,1083,1016,1083,1083,1016,1083,847,995
862,862,862,862,862,862,862,862,862,862,862,862,862,862,862,862,862,862,862,862,862,1141,862,862,862,862,862,862,862,862,862,862,1029,862,862,862,862,862,862,862,862,862,862,862,862,862,862,862,862,862
1083,1083,928,1006,926,1083,926,1083,1083,1006,926,928,1083,1083,928,928,1083,926,1083,1083,1083,1083,1083,928,926,1083,1083,928,1083,1083,1083,1083,1083,1006,926,1083,1083,1006,926,1083,1083,926,1083,1006,1083,1006,1083,1006,926,926
862,862,862,734,862,862,734,862,761,862,862,862,761,862,862,862,862,862,862,862,862,862,862,761,862,862,734,734,734,862,862,862,862,862,862,734,862,862,862,1015,862,862,734,862,862,862,862,761,862,862
1083,786,1083,1032,900,1083,1083,878,1083,1083,900,1083,903,1055,1083,1055,786,1083,1083,1083,1055,786,900,786,786,903,900,786,1055,903,1083,1083,903,900,903,878,786,1083,1083,786,1055,1083,1083,900,903,786,1032,903,900,900
1177,862,862,862,862,862,862,862,862,862,862,816,862,862,862,862,862,862,862,862,862,862,862,816,862,816,1251,862,862,862,862,816,862,816,862,862,862,862,862,862,1251,862,816,862,862,862,862,862,862,862
1083,1032,1083,854,1032,1083,1083,854,851,1032,1083,1032,1032,851,851,1083,1083,854,1083,851,854,854,1083,851,1083,851,851,1032,1083,1083,851,1083,851,1083,1083,1083,1083,851,851,854,1032,1083,854,1032,1083,1032,1032,1083,1032,1083
862,862,862,862,862,862,862,862,862,862,862,862,862,862,862,862,862,862,862,862,862,862,862,862,862,862,862,862,862,862,862,862,862,862,862,862,862,862,993,862,862,862,862,862,862,862,862,862,862,862
1083,1083,1083,1083,1083,988,1083,1083,1083,1083,1083,1083,1083,1083,988,988,988,1083,1083,1083,1083,1083,1083,1083,1083,988,1083,1083,988,1083,1083,1083,1083,1083,1083,1083,1083,1083,1083,1083,1083,1083,1083,1083,1083,1083,1083,988,1083,1083
862,862,862,862,862,862,862,862,862,862,862,862,862,862,862,862,862,862,862,862,862,862,862,862,862,862,862,862,862,862,862,862,862,862,862,862,862,862,862,862,862,862,862,862,862,862,862,862,862,862
1083,1083,1083,1083,1069,1083,1083,1083,1083,1083,1083,1069,1083,1083,958,1083,1083,1083,1083,1083,1083,1083,958,1083,1069,1083,1083,1083,1083,1083,1083,1083,1083,1083,1083,958,1083,1083,1069,1083,1083,1069,1083,1083,1083,958,1083,1083,1083,1083
816,862,816,862,836,836,816,816,816,862,862,862,862,862,836,862,862,862,862,862,862,862,862,816,862,836,816,862,816,862,862,862,862,862,862,862,862,816,836,862,862,862,862,816,862,836,862,862,862,862
943,1083,1083,943,878,1083,1083,1083,1056,1083,912,912,878,1083,1083,1083,943,1083,1083,1056,878,1083,1083,1083,1083,1083,1083,878,943,912,943,1083,878,912,1083,1056,878,1083,1083,1083,1083,1083,878,1083,1083,1083,943,1083,1083,943
862,862,862,862,862,862,862,862,862,862,862,862,862,862,862,862,862,862,862,862,862,862,862,862,862,862,862,862,862,862,862,862,862,862,862,862,862,862,862,862,862,862,862,862,862,862,862,862,862,862
1083,1083,1083,1083,1083,1083,1083,1083,1083,1083,1083,1083,1083,1083,1083,1083,1083,1083,1083,1083,1083,1083,1083,1083,1083,1083,1083,1083,1083,1083,1083,1083,1083,1083,1083,1083,1083,1083,1083,1083,1083,1083,1083,1083,1083,1083,1083,1083,1083,1083
862,862,862,862,862,862,862,862,862,862,862,862,862,862,862,862,862,862,862,862,862,862,862,862,862,862,862,862,862,862,862,862,862,862,862,862,862,862,862,862,862,862,862,862,862,862,862,862,862,862
1083,1083,1083,931,1083,902,902,902,1083,931,1083,902,1083,1083,902,1083,1083,1083,1083,1083,931,1083,1083,1083,1083,902,1083,1083,1083,1083,902,931,902,1083,1083,902,1083,1083,1083,1083,1083,1083,902,1083,902,1083,1083,1083,1083,902
862,862,862,862,862,862,862,862,862,862,862,862,862,862,862,862,862,862,862,862,862,862,862,862,862,862,862,862,862,862,862,862,862,862,862,862,862,862,862,862,862,862,862,862,862,862,862,862,862,862
1083,1079,1016,1083,1083,1083,1083,1083,1083,1083,1083,1083,1083,1083,1083,1083,1083,1060,1083,1079,1083,1083,1060,1083,1016,1016,1016,1083,1083,1083,1079,1060,1016,1083,1083,1079,1083,1060,1083,1079,1083,1079,1083,1016,1083,1083,1083,1083,1083,1079
862,862,862,862,862,862,862,862,862,862,862,862,862,862,862,862,862,862,862,862,862,862,862,862,862,862,862,862,862,862,862,862,862,862,862,862,862,862,862,862,862,862,862,862,862,862,862,862,862,862
1083,1063,1083,1063,1083,1029,1083,1083,1083,1063,1083,1063,1083,1063,904,1063,1083,1063,1083,1083,1083,1029,1063,1083,1083,1083,1083,1029,1083,1029,1083,1083,1083,1083,1083,1083,1083,1063,1029,1029,1083,1029,1029,1063,904,1083,1029,1083,1083,904
862,862,832,862,832,862,862,862,862,862,862,700,862,862,862,862,700,862,862,700,862,862,862,700,832,862,862,862,862,862,862,862,862,862,862,832,862,862,862,862,832,862,862,862,700,862,862,700,862,862
887,1083,1083,1083,1083,1083,1083,799,887,1074,1083,1083,1083,1083,1074,887,1083,799,1083,1083,1074,887,1083,1083,799,1083,1083,799,775,775,1083,799,775,1083,1083,1074,775,1083,887,887,1083,1083,1083,775,1083,1074,1083,1083,1074,799
812,786,862,862,862,862,862,862,862,812,812,862,862,862,862,786,862,812,862,862,786,862,862,862,812,862,862,786,862,812,862,862,862,862,862,812,862,862,812,862,786,812,786,862,862,862,862,862,786,862
1083,1083,1048,830,1083,1046,1083,1047,1047,1083,830,1083,830,1083,1048,1083,1047,1025,1083,1047,1083,1047,830,1083,1083,830,1083,1046,1083,1083,1047,1083,1083,1083,879,830,1083,1083,879,1046,1083,1083,1047,1046,1083,830,879,1083,1083,830
862,862,862,862,862,862,862,862,862,862,862,862,862,862,862,862,862,862,862,862,862,862,862,862,862,862,862,862,862,862,862,862,862,862,862,862,862,1174,862,862,862,862,862,862,862,862,862,862,862,862
1083,1083,1083,823,1083,1083,1083,1083,1083,1083,846,1083,1083,1083,1083,823,1083,823,846,823,1083,1083,823,1083,1083,1083,1083,1083,1083,1083,1083,1083,823,1083,1083,846,823,1083,1083,823,1083,823,1083,1083,1083,846,1083,1083,1083,1083
862,862,818,862,850,862,850,818,850,862,862,862,850,818,862,862,862,862,862,862,862,862,862,862,850,862,862,850,862,850,850,850,862,862,850,862,862,862,862,850,818,862,862,818,850,862,862,862,850,818
1083,1083,1083,1083,955,928,928,1083,942,942,1083,1083,928,955,959,1083,1083,942,1083,1083,959,1083,1083,1083,1083,959,928,1083,1083,1083,1083,942,955,955,1083,1083,1083,1083,1083,1083,1083,1083,942,942,1083,942,942,942,955,1083
862,862,862,862,862,862,862,862,862,862,862,862,862,862,862,800,862,862,862,862,862,800,800,800,862,862,862,862,862,862,862,862,862,862,862,862,862,800,862,862,862,862,862,862,862,862,862,862,862,862
1030,801,1030,1062,1030,1030,1083,1083,1083,939,1083,801,1063,1083,1083,1083,1083,1083,1083,1062,1083,939,1083,1030,1083,1062,801,1063,1062,801,1083,801,939,1030,1083,1063,1083,1083,801,801,1083,1083,1030,801,1083,801,1083,1083,1062,1063
862,862,862,862,703,862,703,862,862,862,862,862,862,862,703,862,703,862,862,862,862,862,862,862,862,862,862,862,703,862,862,862,862,862,703,703,862,703,862,862,862,862,862,862,862,862,862,862,862,862
1055,1055,986,1083,1083,986,1083,1055,1083,1055,986,1055,1083,1083,1083,1083,1083,1083,1083,1083,1083,916,916,1083,916,1083,986,1083,1083,1083,1083,986,1083,1083,1083,916,1083,1083,1083,916,916,916,1083,1083,1055,916,997,1083,1083,1083
862,862,862,862,862,862,862,862,862,862,862,862,862,862,862,862,862,862,862,862,862,862,862,862,862,862,862,862,862,862,862,862,862,862,862,862,862,862,862,862,862,862,862,862,862,862,862,862,862,862
1083,1083,1083,931,1083,959,1083,1083,1083,1083,928,928,1063,959,1063,1063,928,928,928,928,1083,1083,1063,1083,1083,1083,959,1083,1083,928,931,959,1083,959,1083,1083,1083,1083,1063,1083,928,1083,1083,931,1063,931,1083,959,928,1083
862,862,862,862,862,862,862,862,862,862,862,862,862,862,862,862,862,862,862,862,862,862,862,862,862,862,862,862,862,862,862,862,862,862,862,862,862,862,862,862,862,862,862,862,862,862,862,862,862,862
1083,946,745,1083,1083,1083,745,745,946,1083,946,1083,929,745,1016,929,852,852,852,1083,1083,852,852,1083,745,946,745,1083,1083,745,1016,1083,1083,1016,1083,1083,929,1083,946,1083,852,1083,745,852,1083,929,852,1083,1083,852
862,1140,862,862,848,862,862,848,862,862,848,862,779,862,862,848,779,862,862,862,779,862,779,862,862,862,862,862,862,862,848,862,862,862,848,862,848,848,862,862,779,862,862,779,862,862,862,862,862,862
953,1083,1083,1083,745,1083,1083,1083,953,1083,745,1083,1083,1083,1070,1083,1083,1070,1083,1083,1070,745,1083,1083,1083,745,1070,1083,1083,953,1083,1083,1083,1083,745,1083,1083,1083,745,745,1083,1083,1083,953,745,1083,953,1083,1083,1070
862,862,862,862,862,862,862,862,862,862,862,862,862,862,776,862,862,862,776,862,862,862,862,862,862,862,862,862,776,862,862,776,776,862,776,862,776,862,862,862,862,862,862,862,776,862,862,862,862,862
977,977,1083,939,1083,1083,939,939,818,965,977,1083,1083,977,1083,977,965,939,1083,977,818,1083,939,1083,965,977,939,818,1083,965,1083,818,1083,939,818,1083,939,1083,1083,1083,1083,1083,939,1083,1083,818,1083,1083,818,818
862,862,862,862,1300,862,862,862,862,862,862,862,862,862,862,862,862,862,862,862,862,862,862,862,862,862,862,862,862,862,862,862,862,1297,862,862,862,862,862,862,862,862,862,862,862,862,862,862,862,862
1083,873,873,1075,873,873,1075,981,974,873,1083,1083,1075,1083,1083,1075,1083,1083,974,836,836,873,836,1083,836,1083,836,836,1083,1083,974,981,981,873,981,1075,981,981,1075,1083,974,981,1083,836,836,1083,836,1083,1083,1083
862,862,862,862,862,862,862,862,862,862,862,862,862,862,862,862,862,862,862,862,862,862,862,862,862,862,862,862,862,862,862,862,862,862,862,862,862,862,862,862,862,862,862,862,862,862,862,862,862,862
945,875,1083,1083,1083,1083,945,1083,1083,1083,1083,1083,1083,1083,875,1083,1083,1083,1083,1083,875,875,1083,945,1083,945,1083,1083,1083,1083,1083,1083,1083,1083,945,1083,1083,875,1083,1083,1083,875,1083,1083,1083,945,1083,1083,1083,1083
862,742,862,742,742,862,862,862,742,862,862,862,862,862,862,862,742,742,862,862,862,862,862,742,862,862,862,862,742,862,862,862,862,862,862,862,862,862,862,862,862,862,862,862,862,862,862,862,742,862
813,1083,1083,1083,1083,813,1083,1083,1083,1083,1083,1083,1083,1083,1083,813,1083,813,813,1083,1083,813,1083,813,1083,1083,1083,1083,1083,1083,1083,1083,1083,1083,1083,1083,1083,1083,1083,1083,1083,1083,813,1083,1083,813,1083,813,1083,1083
862,862,862,862,862,862,862,862,862,862,862,862,862,862,862,862,862,862,862,862,862,862,862,862,862,862,862,862,862,862,862,862,862,862,862,862,862,862,862,862,862,862,862,862,862,862,862,862,862,862
1083,937,1083,1083,1083,1083,1083,1083,1083,937,1083,1083,1083,854,1083,1083,1083,937,1083,937,854,1083,1083,854,960,1083,1083,854,1083,1083,1083,960,960,1083,1083,1083,1083,854,1083,1083,1083,1083,1083,1083,1083,1083,1083,854,854,854
862,862,862,862,862,862,862,862,862,862,862,862,862,862,862,862,862,862,862,862,862,1153,862,862,862,862,862,862,862,862,862,862,862,862,862,862,862,862,862,862,862,862,862,862,862,862,862,862,862,862
1083,956,1083,956,964,1083,1083,956,1083,1083,1083,1083,964,964,956,1083,1083,964,1083,1083,1083,1083,1083,956,1083,1083,1083,1083,956,956,1083,1062,1083,1083,1083,1083,1083,1083,1083,1083,1083,964,964,1083,964,956,1083,1083,956,1083
862,862,862,862,862,862,862,862,862,862,862,862,862,862,862,862,862,862,862,862,862,862,862,862,862,862,862,862,862,862,862,862,862,862,862,862,862,862,862,862,862,862,862,862,862,862,862,862,862,862
1083,1083,924,1083,732,732,977,1083,1083,1083,1083,924,1083,1083,1083,924,1083,1083,1083,1083,732,1083,924,1083,1083,1083,1083,1083,732,1083,1083,977,924,924,977,1083,1083,1083,1083,1083,1083,1083,1083,977,924,977,1083,732,977,732
862,862,862,862,862,862,862,862,766,862,766,862,862,862,862,862,862,862,862,862,862,766,862,862,862,766,862,766,862,862,862,862,862,862,766,862,862,862,862,862,862,766,862,862,862,862,862,862,766,862
1083,1012,1039,953,1083,1012,1083,953,1083,1083,1067,953,1083,1039,953,1012,1083,1039,953,1083,1083,1067,1083,1012,1083,1083,1083,1083,953,1012,1083,1067,953,1067,1012,1067,1083,1083,1083,953,1083,1083,1083,1083,1039,1083,1083,1083,1083,1067
862,862,862,862,862,862,862,862,862,862,862,862,862,862,862,862,862,862,862,1290,862,862,862,862,862,862,862,862,862,862,862,862,862,862,862,862,862,862,862,862,862,862,862,862,862,862,862,862,862,862
1083,876,1083,1083,1039,949,1039,958,1083,1083,958,958,949,1039,958,1083,876,1083,1083,949,1083,1070,1083,876,1083,958,876,1083,1083,1070,1039,949,1083,1083,949,1083,958,1083,1083,1039,958,1083,1039,958,958,1070,1070,876,1070,1083
862,862,1011,862,862,862,862,862,862,862,862,862,862,862,862,862,862,862,862,862,862,862,862,862,862,862,862,862,862,862,862,862,862,862,862,862,862,862,862,862,862,862,862,862,862,862,862,862,862,862
1083,1083,1083,1083,1083,1083,983,1083,1083,1083,1083,1083,1083,1083,983,1083,1083,1083,983,1083,1083,965,983,1083,1083,1083,983,1083,1083,1083,1083,1083,983,983,965,1083,1083,1083,1083,1083,965,965,1083,1083,1083,1083,1083,1083,1083,1083
862,862,862,862,862,862,862,862,862,862,862,862,862,862,862,862,862,862,862,862,862,862,862,862,862,862,862,862,862,862,862,862,862,862,862,862,862,862,862,862,862,862,862,862,862,862,862,862,862,862
1083,1083,1083,1083,1083,1079,1083,1083,1083,1083,1083,1083,1083,1083,1083,1079,1083,1083,1083,1083,1083,1079,1083,1079,1083,1083,1083,1083,1083,1079,1083,1083,1083,1079,1083,1083,1083,1083,1079,1083,1083,1083,1083,1083,1083,1083,1083,1083,1083,1083
862,848,862,862,862,862,862,862,862,862,862,862,848,862,848,862,862,862,862,862,862,846,862,862,862,862,862,862,862,862,846,848,846,862,862,862,846,862,862,862,862,848,862,862,862,862,862,846,848,862
791,1083,1083,1083,1083,1083,791,1083,1083,1083,1083,1083,1083,1083,1083,1083,1083,1083,1083,1083,1083,1083,1083,1083,1083,791,791,1083,1083,1083,1083,1083,1083,1083,1083,1083,1083,1083,1083,1083,1083,791,1083,1083,1083,1083,1083,791,1083,1083
862,862,862,862,862,862,862,862,862,862,862,862,794,862,862,862,862,862,862,862,794,794,862,862,862,862,794,794,794,794,862,862,862,862,862,794,862,862,862,794,862,862,862,862,862,862,862,794,862,794
1083,1083,969,941,969,942,1083,942,942,1083,1083,1083,969,1083,1083,976,942,976,1083,1083,976,1083,976,969,941,969,942,1083,1083,942,1083,1083,1083,1083,1083,976,1083,969,969,1083,1083,941,1083,1083,969,941,942,1083,942,942
862,862,862,862,862,862,862,862,862,862,862,862,862,862,862,862,862,862,862,862,862,862,862,862,862,862,862,862,862,862,862,862,862,862,862,862,862,862,862,862,862,862,862,862,862,862,862,862,862,862
864,1083,1083,1083,1083,838,1083,864,1083,1083,838,838,838,1083,838,1083,1083,1083,1083,1083,864,1083,1083,1083,838,1083,838,1083,1083,864,1083,1083,1083,1083,1083,1021,1083,1083,1083,1083,1083,1083,1083,1021,1083,1021,864,838,1083,1083
862,862,862,862,862,862,862,862,862,862,862,862,862,862,862,862,862,862,862,862,862,862,862,862,862,862,862,862,862,862,862,862,862,862,862,862,862,862,862,862,862,862,862,862,862,862,862,862,862,862
1083,1069,1083,730,1083,846,1083,1083,1083,730,1083,1083,846,1083,846,846,1083,1083,730,846,1083,1083,730,730,1083,1083,730,1083,730,1083,1083,1083,1083,846,1083,1083,1069,846,1083,1083,1083,1083,730,730,1083,1083,1069,1083,1069,1069
806,862,862,862,862,862,862,862,862,862,862,806,862,862,862,862,862,862,862,862,862,862,862,862,862,862,806,862,806,862,862,862,862,862,862,806,862,862,862,862,862,862,862,862,862,862,862,862,862,862
1083,1083,1083,1083,1083,1083,1083,1083,1083,1083,1083,1083,1083,1083,1083,1083,1083,1083,1083,1083,1083,1083,1083,1083,1083,1083,1083,1083,1083,1083,1083,1083,1083,1083,1083,1083,1083,1083,1083,1083,1083,1083,1083,1083,1083,1083,1083,1083,1083,1083
862,862,862,862,862,862,862,862,862,862,862,828,862,862,862,862,862,862,862,862,862,862,862,862,862,862,828,862,862,862,828,862,862,862,862,862,862,862,862,862,862,862,828,862,828,862,862,862,862,862
1083,1083,920,863,935,1083,935,1083,1083,1083,1083,863,920,920,1083,1083,901,1083,920,935,1083,1083,935,1083,935,901,935,901,1083,1083,863,901,1083,1083,1083,901,1083,1083,1083,1083,901,920,863,1083,901,901,863,1083,1083,1083
862,862,862,862,862,862,862,862,862,862,862,862,862,862,720,862,862,862,862,720,720,862,862,862,720,862,862,862,862,862,720,862,862,1147,862,862,862,862,862,862,862,862,862,720,1086,862,862,720,862,862
1083,1083,1083,1083,1083,1083,1083,1083,1083,1083,1083,1083,1083,1083,1032,1083,1032,1083,1083,1083,863,1083,1083,863,1032,1083,1032,1032,1083,863,1083,1083,1083,1083,863,1083,1083,1083,1083,1083,1083,1032,863,1083,1083,1083,1083,1083,1083,1083
862,862,862,862,862,862,862,862,862,862,862,862,862,862,862,862,862,862,862,862,862,862,862,862,862,862,862,862,862,862,862,862,862,862,862,862,862,862,862,862,862,862,862,862,862,862,862,862,862,862
1083,1083,1083,1083,1083,1083,1083,1083,1083,1083,1083,1083,1083,1083,1083,1083,1083,1083,1083,1083,1083,1083,1083,1083,1083,1083,1083,1083,1083,1083,1083,1083,1083,1083,1083,1083,1083,1083,1083,1083,1083,1083,1083,1083,1083,1083,1083,1083,1083,1083
862,862,862,862,862,862,862,862,862,862,862,862,862,862,862,862,862,862,862,862,862,862,862,862,862,862,862,862,862,862,862,862,862,862,862,862,862,862,862,862,862,862,862,862,862,862,862,862,862,862
881,881,881,881,943,1083,1007,1083,1007,1083,1083,1063,875,1083,1007,768,881,1083,1007,943,1007,875,881,943,1083,768,948,1083,1083,875,875,875,768,1083,768,1083,881,1083,948,1007,875,768,1083,1083,1083,943,768,875,875,768
862,1085,862,862,862,862,862,862,862,862,852,862,862,862,862,862,1478,862,862,862,862,862,862,862,862,862,862,862,862,862,862,862,862,862,862,862,862,862,862,1183,862,862,862,862,862,852,862,862,862,852
1083,1068,920,1083,1083,1083,1068,875,1068,1083,1083,875,1083,1007,1083,1083,875,1083,1083,1083,1083,1007,920,875,1083,1083,920,1068,875,920,920,1068,1083,920,1083,875,1083,920,875,1083,875,875,1083,1083,1083,1083,1083,1083,1083,1083
862,862,862,862,862,862,862,862,862,862,862,862,862,862,862,862,862,862,862,862,862,862,862,862,862,862,862,862,862,862,862,862,862,862,862,862,862,862,862,862,862,862,862,862,862,862,862,862,862,862
817,1083,817,1082,1083,817,1083,1083,1083,817,1083,1083,973,1083,817,1083,1083,1083,973,1083,817,1083,1083,817,1083,1083,817,1082,817,973,1083,1083,1083,1082,1083,1083,1083,1083,973,973,817,1083,1083,973,1083,1083,1083,1083,973,1083
862,862,862,862,862,862,862,862,834,862,862,862,862,862,862,862,834,862,862,862,862,862,862,862,862,862,1092,862,834,834,862,862,862,834,862,862,862,862,862,862,862,862,862,862,862,862,834,862,862,834
1083,1083,1083,1050,1083,941,1083,1083,1083,941,941,1050,941,978,1083,978,941,978,1083,1083,1083,1050,978,1083,978,941,978,1083,941,1083,1083,1083,941,1050,1083,1050,941,941,1083,1083,978,1083,978,941,1083,1083,978,1083,941,1050
840,862,862,840,862,862,862,862,862,862,840,862,862,862,862,862,862,862,862,862,862,840,862,862,840,862,862,862,862,840,862,862,862,840,840,862,862,862,862,862,862,862,862,862,862,862,862,862,840,862
832,926,832,1083,958,1083,1083,976,958,976,1083,1083,1083,976,832,1083,976,976,1083,1083,1083,976,832,1083,1083,976,1083,958,1083,1059,976,958,958,1059,1059,1083,976,1083,1083,1083,1083,832,958,958,832,926,1083,958,832,832
862,862,1410,862,862,862,862,862,862,862,862,862,862,862,862,862,862,862,862,862,862,862,862,862,862,862,862,862,862,862,862,862,862,862,862,862,862,862,862,862,1339,862,862,862,862,862,862,862,862,1339
819,1036,819,734,1021,978,1021,1083,958,1083,1083,958,819,734,1083,796,819,734,796,1083,958,734,1083,1083,734,734,1083,1083,1083,1021,734,796,796,1083,978,819,1083,1083,958,1083,734,1083,1083,1083,734,1083,734,819,1083,1083
862,862,862,862,862,862,862,862,862,862,862,862,862,862,862,862,862,862,862,862,862,1383,862,862,862,862,862,862,862,862,862,862,862,862,862,862,862,862,862,862,862,1288,862,862,862,862,862,862,862,862
934,917,934,934,1083,924,978,734,917,934,1083,1083,924,820,1083,820,917,1083,924,917,734,1083,917,1083,734,1083,917,734,734,934,1083,734,734,924,734,1083,1083,1035,934,934,734,820,734,820,1035,1035,1083,924,820,734
862,862,862,862,862,862,862,862,862,862,862,862,862,862,862,862,862,862,862,862,862,862,862,862,862,862,862,862,862,862,862,928,862,862,862,928,862,862,862,862,862,862,862,928,862,862,862,862,862,862
1083,1083,903,1083,1083,798,1083,1083,1083,1083,1016,1083,1083,1083,1083,1083,1072,1016,798,1083,903,798,1016,903,1083,1083,903,903,1083,798,1072,798,1083,903,1083,798,1083,903,1072,1083,1072,1083,1083,1016,1083,1083,1083,1016,1083,798
862,862,862,862,862,786,786,862,862,862,862,786,862,862,862,862,862,786,862,862,862,862,862,862,862,862,862,786,862,862,862,862,862,862,862,862,862,862,862,862,862,862,862,862,786,862,862,786,862,862
1083,1083,1083,806,1083,1083,1083,806,1083,1083,806,938,1083,1083,1083,1083,1083,1083,1083,806,1083,938,1083,806,806,938,1083,1083,1083,1083,1083,1083,1083,1083,1083,806,1083,1083,1083,806,1083,1083,1083,1083,1083,1083,1083,1083,1083,1083
862,862,862,862,862,862,862,862,862,862,862,862,862,862,862,862,862,862,862,862,862,862,862,862,862,862,862,862,862,862,862,862,862,862,862,862,862,862,862,862,862,862,862,862,862,862,862,862,862,862
1083,1083,1083,1083,1083,1083,1056,1083,1083,1083,1083,1083,1083,1083,1083,1083,1056,1083,1083,1083,1083,1083,1083,1083,1056,1083,1083,1083,1083,1056,1056,1083,1083,1083,1083,1083,1083,1083,1083,1083,1083,1056,1083,1083,1083,1083,1083,1083,1083,1083
827,862,862,862,862,862,862,862,862,862,862,862,862,862,862,862,862,862,862,862,827,862,862,862,862,862,862,862,827,862,862,862,827,862,862,827,862,862,862,827,862,862,862,827,862,862,862,862,862,827
1083,1083,1083,1083,1083,788,1083,1083,1083,1083,1083,1083,1083,1083,1083,1083,1083,1083,1083,1083,788,788,1083,1083,788,1083,1083,1083,1083,1083,1083,1083,788,1083,1083,1083,1083,788,1083,788,788,1083,1083,1083,1083,1083,788,1083,1083,788
862,862,862,862,862,862,862,862,862,862,862,747,862,862,862,808,808,808,747,862,862,862,862,862,862,862,747,862,862,862,862,862,862,862,862,862,862,862,862,808,862,862,808,808,862,808,862,747,862,862
1083,1083,1017,1017,930,1083,1083,1083,1083,1083,1083,1017,1017,1083,1083,1083,1083,930,1083,1083,1083,1083,1083,1083,1083,930,1083,1083,1083,1083,930,1083,1083,1083,1017,1083,1083,1083,930,930,1083,1083,1083,1083,1083,930,1083,1017,1083,1083
862,862,862,862,862,862,862,862,862,862,862,862,862,862,862,862,862,862,862,862,862,862,862,862,862,862,862,862,862,862,862,862,862,862,862,862,862,862,862,862,862,862,862,862,862,862,862,862,862,862
1083,1083,1083,1083,997,1083,1083,1083,1083,1083,1083,1083,1083,1083,997,1083,1083,1083,1083,997,1083,1083,1083,1083,1083,1083,1083,997,1083,1083,1083,1083,1083,1083,1083,1083,1083,1083,997,1083,1083,1083,1083,1083,997,1083,1083,1083,997,1083
862,862,862,862,862,862,862,862,862,862,862,862,862,862,862,862,862,862,862,862,862,862,862,862,862,862,862,862,862,862,859,862,862,862,862,862,862,862,862,859,859,862,862,862,862,862,862,862,862,859
923,923,1017,923,1083,1083,1083,1083,1083,923,1017,923,923,1083,973,1083,973,1017,1083,1083,1083,1083,1083,1017,1083,973,1083,1083,1083,923,973,1083,1083,923,1083,1083,1083,973,1017,923,973,923,1083,1083,973,1083,1083,1083,973,973
862,862,862,862,862,862,862,862,862,862,862,862,862,862,862,862,862,862,862,862,862,862,862,862,862,862,862,862,862,862,862,862,862,862,862,862,862,862,862,862,862,862,862,862,862,862,862,862,862,862
905,1083,1083,1083,1083,1065,1063,905,1083,1083,905,1083,1063,1065,905,1083,1083,1063,905,1083,1083,1083,1083,1063,1083,1083,1065,1083,905,905,1065,1083,905,1083,1083,905,1063,905,1083,1065,1083,1083,1063,905,1083,905,1083,1065,1065,1083
862,862,862,862,862,862,862,862,862,862,862,862,862,862,862,862,862,862,862,862,862,862,862,862,862,862,862,862,862,862,862,862,862,862,862,862,862,862,862,862,862,862,862,862,862,862,862,862,862,862
1083,1006,1083,1083,1083,1070,1083,1083,1083,1006,1083,1083,1083,1083,1083,1006,1083,1083,1006,1083,1083,1006,1006,1070,1083,1006,1083,1083,1083,1070,1070,1083,1070,1083,1070,1083,1083,1006,1083,1006,1083,1083,1083,1083,1006,1083,1083,1083,1070,1083
794,862,862,862,862,862,794,862,862,862,862,794,862,862,862,862,862,862,862,794,862,862,862,862,862,862,862,862,794,862,862,862,862,862,862,862,794,794,862,862,794,862,794,862,862,862,794,862,862,862
1064,896,896,1064,896,1083,896,896,896,1063,1083,1083,1083,1083,1048,1048,896,1083,1063,1083,1083,1048,1083,1083,1083,1083,1048,1083,1083,1048,1083,1048,1083,1083,1083,1083,1083,1063,1083,1083,1083,1048,1083,1064,1083,1083,1083,1083,896,896
862,862,862,862,862,862,862,862,862,862,862,862,862,862,862,862,862,862,862,862,862,862,862,862,862,862,862,862,862,862,862,862,862,862,862,862,862,862,862,862,862,862,862,862,862,862,862,862,862,862
1083,1083,1083,1083,844,875,1064,766,1083,766,1083,844,1083,1083,875,875,1064,1083,875,1083,1064,1083,875,1083,1083,844,1083,844,1083,1083,1083,1083,1083,844,766,1083,766,1083,1083,844,766,844,766,1083,875,1083,844,766,1083,1083
862,862,862,756,862,862,862,862,862,862,862,862,862,756,862,756,862,862,862,862,862,862,862,862,862,862,862,756,862,756,862,862,756,756,862,756,756,756,862,862,862,862,756,862,862,862,862,862,862,862
941,959,1083,941,1083,1071,941,1046,931,931,931,931,1071,1083,1083,1083,1083,1083,1083,1071,1071,1083,1083,1083,1083,1083,1046,1083,959,1046,1083,1083,1083,1083,1055,931,1055,1071,941,931,1055,1083,1083,1083,931,959,1083,941,1083,931
862,862,862,862,838,862,862,862,862,862,862,862,862,862,862,862,862,862,838,862,862,862,862,862,914,862,862,862,862,862,838,862,862,862,838,862,838,862,862,862,862,862,862,838,862,862,838,862,862,862
1083,836,1083,1083,1083,836,1069,1069,1069,1069,1083,1083,1083,1069,1083,1083,869,1083,1083,1083,1083,1083,1083,1083,1083,1069,869,1083,1083,1083,869,1083,1083,1069,1083,869,1083,869,1083,1083,1083,836,1069,1083,836,1083,1083,1083,1083,836
830,830,862,862,862,862,862,862,862,862,862,862,862,862,738,862,862,862,862,862,862,862,862,862,862,862,862,862,862,862,862,862,738,738,738,830,862,862,862,862,862,830,862,738,830,862,862,830,830,830
1083,1083,985,850,1083,1083,1083,927,1083,1083,1083,1083,1083,1083,1083,1083,927,850,985,1083,1083,985,1083,850,850,1083,850,1083,850,985,1083,1083,850,1083,985,850,1083,1083,927,850,1083,1083,1083,1083,985,1083,1083,1083,1083,1083
862,862,862,862,862,862,862,862,862,862,862,862,862,862,862,862,862,862,862,862,862,862,862,862,862,862,862,862,862,862,862,862,862,862,862,862,862,862,862,862,862,862,862,862,862,862,862,862,862,862
1083,1083,1083,1083,1058,1083,1083,1058,816,1083,816,1058,1083,1058,1083,1083,1083,1083,816,1083,1083,1083,1083,883,1083,1058,1083,816,1058,1083,1083,1083,1083,1083,1083,816,816,816,1083,1083,1083,1083,1058,816,1083,1083,816,1083,1083,1058
862,862,862,862,862,862,862,862,739,729,739,862,862,729,729,862,862,862,862,862,862,862,862,862,862,862,739,862,739,862,862,862,862,862,862,862,739,862,862,729,862,729,862,739,862,739,862,729,862,862
1035,1083,1083,943,1083,793,1083,911,914,1083,1083,1083,793,1083,914,793,1083,1035,911,1083,1083,1083,793,911,1035,793,911,1083,1083,943,914,1083,911,1083,793,911,914,793,793,1083,793,1083,1083,1083,793,1083,914,914,1083,943
862,862,862,862,862,862,862,862,862,862,862,862,862,862,862,862,862,1255,862,862,862,862,862,1478,862,862,862,1136,862,862,862,862,862,862,862,862,862,862,862,862,862,862,862,862,862,862,862,862,862,862
1083,886,886,960,872,831,1083,831,953,1083,831,886,849,1083,831,831,1083,960,953,872,1083,1083,849,872,953,1083,1083,960,886,953,872,886,911,831,953,872,1083,886,960,872,872,1083,1083,1083,849,831,953,886,1083,1083
753,862,862,862,753,862,862,862,862,862,862,862,753,753,753,862,862,1034,862,753,753,862,862,862,862,862,862,862,862,862,862,862,862,753,862,862,862,862,1082,862,862,862,862,862,753,753,862,862,862,862
1083,1083,1083,1083,786,1083,830,830,1083,1083,878,1083,1083,1083,1083,878,830,1083,1083,1083,1083,1083,1083,1083,830,830,878,1083,1083,1083,830,786,1083,1083,1083,786,1083,830,878,1083,1083,878,786,1083,1083,830,878,1083,830,878
862,862,762,762,855,862,862,855,862,762,855,862,762,862,855,855,862,855,862,855,862,855,862,862,862,855,762,862,862,862,862,855,862,855,762,855,762,862,862,862,855,855,762,862,862,862,855,862,855,862
1008,1008,1083,1083,1083,1083,1008,1083,1083,1083,1062,1008,1008,1083,1083,1083,845,1008,1083,1083,1083,1083,1008,1008,1008,845,1083,1083,1083,845,1008,1083,1083,1083,1083,1083,1008,1083,1083,1146,1083,1008,1083,1008,1083,1062,1083,1146,1083,1083
829,855,862,862,855,862,862,862,862,862,862,862,862,862,855,862,829,829,829,862,855,862,855,862,862,862,855,862,829,862,862,855,862,862,862,862,862,829,862,855,862,862,862,862,862,855,862,862,862,862
1083,1083,1083,1051,1069,1083,1069,1083,1069,1069,1083,1069,1069,1083,1051,1069,1083,1083,1051,1069,1083,1083,1083,1083,1083,1051,1083,1083,1083,1051,1083,1083,1069,1083,1083,1051,1083,1083,1083,1083,1083,1083,1083,1083,1083,1083,1051,1083,1083,1083
862,862,862,862,862,862,862,862,862,862,862,862,862,862,862,862,862,862,862,862,862,862,862,862,862,862,862,862,862,862,862,862,862,862,862,862,862,862,862,862,862,862,862,862,862,862,862,862,862,862
1083,1083,1083,1083,1083,896,1063,1083,1063,1063,902,1022,1063,902,902,946,1083,1083,902,1083,1083,946,1083,1083,1063,1063,1083,946,902,946,1083,1083,1063,1083,1083,1083,946,902,1083,1083,1083,1063,1083,1083,896,946,1083,1083,896,946
862,862,862,862,862,862,862,862,862,862,862,862,862,952,862,862,862,862,862,862,862,862,862,862,862,862,862,862,862,862,862,862,862,862,862,862,862,862,862,862,862,862,862,862,862,862,862,862,862,862
1083,1083,859,859,1083,1083,890,859,1083,1083,890,1083,1083,1083,1083,1083,890,859,1036,1083,1083,1083,1083,1083,859,1083,1083,890,1083,1036,1083,1083,1083,1083,1083,890,859,1083,1083,890,890,1083,890,859,1083,1083,1083,1036,1083,1083
862,771,862,862,862,771,862,771,862,862,862,862,862,771,862,862,862,862,771,862,862,862,862,771,862,862,862,862,771,771,862,862,862,862,862,862,862,862,862,862,771,862,862,862,862,862,862,862,862,862
1083,1083,1083,1069,1069,1083,842,777,1083,1083,1083,1083,842,835,1026,1083,842,835,1083,1069,1083,777,1026,1083,1083,1083,1083,777,835,1083,777,835,1026,842,777,842,1026,1026,1083,835,1083,835,1083,1069,1083,1026,777,842,835,1069
862,862,862,862,862,862,1136,862,862,862,862,862,862,862,862,862,862,745,862,862,862,862,862,862,862,745,862,862,862,862,862,862,862,745,862,862,862,745,862,862,862,745,862,862,862,862,862,862,745,862
1083,1083,1083,1083,1083,1083,1083,1083,1083,1083,1083,1083,1083,1083,1083,1083,861,1083,1083,1083,861,1083,1083,1083,1083,861,1083,1083,1083,1083,1083,1083,1083,861,1083,861,1083,1083,1083,1083,1083,861,1083,1083,861,861,861,1083,1083,861
862,862,862,862,862,862,765,862,765,862,862,862,862,862,862,862,862,862,862,862,862,862,862,765,862,862,862,765,862,862,862,862,862,862,765,862,862,862,862,862,862,862,862,862,862,862,765,862,862,765
1083,1083,797,1083,797,1083,1073,797,1083,797,1083,797,940,1073,1083,1083,1083,1073,1073,797,1083,1083,1073,1073,1083,1083,1083,940,1073,940,1083,1083,940,940,985,1083,797,1083,1083,1083,1083,985,940,985,1083,985,985,985,1083,1083
862,862,862,862,862,862,862,862,862,862,862,862,862,862,862,862,862,862,862,862,862,862,862,862,862,862,862,862,862,862,862,862,862,862,862,862,862,862,862,862,862,862,862,862,862,862,862,862,862,1134
1083,1083,1083,1083,1083,1083,1083,824,1083,924,824,1083,1083,1083,1083,924,1083,1083,1083,824,1083,824,824,1083,1083,925,1083,824,1083,1083,1083,1083,1083,1083,924,1083,1083,1083,1083,1083,1083,924,1083,824,1083,1083,1083,1083,824,824
862,862,862,862,862,862,862,862,862,862,862,862,862,862,862,862,862,862,862,862,862,862,862,862,862,862,862,862,862,862,862,862,862,862,862,862,862,862,862,862,862,862,862,862,862,862,862,862,862,862
1083,1083,1017,1083,1083,1083,1083,1004,1083,1083,1083,1083,1083,1083,1004,1083,1017,1083,1083,1083,1083,1004,1083,1083,1083,1004,1083,1083,1017,1017,1083,1017,1083,1083,1083,1004,1017,1017,1083,1004,1083,1083,1083,1083,1083,1083,1083,1083,1017,1083
862,844,862,839,862,862,862,862,839,839,862,862,844,862,862,839,839,862,862,862,862,862,862,862,862,862,839,839,839,862,862,862,839,862,862,862,862,862,839,862,862,862,839,862,844,862,839,839,862,839
963,1008,1083,1083,984,984,854,963,1065,854,854,1083,1083,984,1083,963,1083,1083,1008,1065,963,1065,963,1083,963,1083,1065,984,1083,1083,1008,1008,1083,1083,1083,1083,1083,1083,1083,1065,1008,963,1008,984,1083,1083,984,1083,984,854
814,862,862,862,862,862,862,862,862,862,862,862,814,862,862,862,862,862,862,862,862,862,862,814,862,862,862,862,862,862,862,862,814,862,862,814,862,862,862,862,862,862,862,862,862,862,862,862,862,862
758,1083,758,1083,1083,1083,1083,1083,1083,1083,1083,758,1083,884,1083,758,1083,915,1083,960,960,1083,960,1083,915,1083,1083,1083,1083,1083,758,758,1083,1083,1083,758,758,1083,1083,915,1083,921,960,758,758,758,758,758,960,960
862,862,862,862,862,862,862,862,811,811,862,862,862,811,862,862,862,862,862,862,862,862,811,862,862,862,862,811,862,862,862,862,862,862,862,862,811,811,862,862,811,862,862,862,862,811,862,862,862,862
1083,1083,922,922,1083,1083,1083,974,922,1083,974,922,1083,922,1083,1083,974,1015,1083,1083,1015,1083,922,1083,1083,1083,1083,922,1015,1015,974,1083,1083,1015,974,922,1083,1083,1015,1083,1083,1083,1015,1083,1083,1015,974,1083,1083,922
862,862,862,862,862,862,862,862,862,862,862,862,862,862,862,862,862,862,862,862,862,862,862,862,862,862,862,862,862,862,862,862,862,862,862,862,862,862,862,862,862,862,862,862,862,862,862,862,862,862
834,1083,975,1083,1083,1083,1083,1083,1083,1083,850,1083,1034,975,850,834,1083,834,1083,1034,1083,975,1083,1083,1083,975,834,834,1083,1083,834,975,1083,1083,834,1083,1034,834,1083,1083,1083,834,975,834,834,1083,1083,1083,1083,1083
862,862,862,862,862,862,862,862,862,862,862,862,862,862,862,862,862,862,862,862,862,862,862,862,862,862,862,862,862,862,862,862,862,862,862,862,862,862,862,862,862,862,862,862,862,862,862,862,862,862
1083,1083,1083,1083,1083,1007,1052,1083,1052,1083,1007,1022,1083,1083,1083,1007,1083,1052,1083,1007,1007,1083,1083,1083,1083,1083,1022,1022,1007,1022,1083,1052,1083,1083,1083,1083,1022,1083,1083,1083,1083,1083,1083,1083,1083,1007,1083,1083,1052,1007
862,862,862,862,862,862,862,862,862,862,805,805,862,862,862,862,805,862,862,862,862,862,862,862,862,862,862,862,862,862,862,862,862,862,862,862,862,862,862,862,862,862,862,862,805,862,862,862,862,862
1083,730,730,734,1083,730,1083,734,1083,730,1083,764,730,1083,734,764,764,730,1083,962,734,730,734,1083,730,1083,962,1083,734,1083,734,730,1083,1083,1083,1083,1083,764,734,1083,730,734,962,1083,730,1083,1083,730,1083,1083
862,862,862,862,862,862,862,862,862,862,862,862,862,862,862,862,862,862,862,862,862,862,862,862,862,862,862,862,862,862,1016,862,862,862,862,862,862,862,862,862,862,862,862,862,862,862,862,862,862,862
925,1083,944,1083,1083,1083,1083,1083,944,1083,1083,944,1083,944,1083,944,925,1083,1083,1083,1083,944,1083,925,1083,944,1083,1083,925,1083,1083,1083,1083,944,1083,1083,1083,1083,1083,1083,925,1083,944,1083,1083,1083,1083,1083,1083,1083
862,862,862,862,862,862,862,862,862,862,862,862,862,862,862,862,862,862,862,862,862,862,862,862,862,862,862,862,862,862,862,862,862,862,862,862,862,862,862,862,862,862,862,862,862,862,862,862,862,862
818,953,1083,1073,818,1083,1052,953,1083,1083,953,818,1083,818,1083,1083,1082,1064,953,1083,1083,818,953,1073,1052,953,1064,1083,1052,818,818,1082,953,1083,1064,1083,1083,1052,1052,1083,818,1083,1083,818,1083,1073,953,1083,953,818
862,862,862,862,862,862,862,862,862,862,862,862,862,862,862,862,862,862,862,862,862,862,862,862,862,862,862,862,862,862,862,862,862,862,862,862,862,862,862,862,862,862,862,862,862,862,862,862,862,862
1083,1083,1083,1083,776,1083,1083,1083,776,936,1083,1083,776,1083,936,879,1083,1083,1083,1083,936,1083,1083,776,1083,1083,1083,1083,776,1083,1083,1083,936,776,1083,1083,1083,879,776,1083,1083,1083,1083,879,1083,1083,1083,776,936,936
862,862,862,744,862,744,744,862,862,744,862,862,862,862,862,862,862,862,862,862,862,862,862,862,862,862,744,744,862,862,862,862,862,862,862,862,862,862,862,862,862,862,862,862,862,744,862,862,862,862
1083,1083,1083,1083,1022,1083,1083,1083,1083,1083,1083,1083,1083,1083,1083,1083,1083,1083,1083,1083,1083,1083,1083,1083,1083,1083,1083,1083,1083,1083,1022,1083,1083,1083,1083,1083,1083,1083,1083,1022,1083,1083,1083,1022,1083,1083,1083,1022,1083,1022
862,862,694,862,862,862,694,862,694,862,694,862,862,862,694,862,694,694,862,862,862,862,694,862,862,862,862,694,862,862,862,862,862,862,694,862,862,862,862,694,862,862,862,862,862,862,862,862,862,862
1083,1083,1083,1083,1083,1083,1083,1083,1083,1083,1083,1083,1083,1083,1083,1083,1083,1083,1083,1083,1083,1083,1083,1083,1083,1083,1083,1083,1083,1083,1083,1083,1083,1083,1083,1083,1083,1083,1083,1083,1083,1083,1083,1083,1083,1083,1083,1083,1083,1083
862,862,862,862,862,862,862,862,781,781,862,862,862,862,862,862,781,862,862,862,862,862,862,862,862,781,862,862,781,862,862,862,862,862,862,862,862,781,862,862,781,781,781,862,862,862,862,862,862,862
997,679,679,1039,826,1039,679,1039,1039,1039,1027,1083,1027,1039,1027,1039,679,1039,1039,1039,679,1039,1039,1039,1039,1027,1039,1039,997,1039,1039,826,1039,1039,1027,679,826,679,1039,997,1039,679,1039,1039,1039,997,1027,1083,997,1083
781,781,781,781,781,718,781,781,718,781,781,781,781,781,781,781,781,781,781,781,781,781,781,781,781,781,718,718,781,781,718,781,781,781,781,781,781,781,781,781,781,781,781,718,781,718,718,718,781,781
1039,1039,1039,1039,1008,1039,1039,1039,1008,1039,1008,1039,934,1039,1008,1039,1039,1008,1039,903,1039,1039,1039,903,903,1039,1039,1039,1039,1039,1039,903,1039,1039,903,1039,1008,1039,1039,1039,1039,1008,903,1039,1039,1039,934,1008,1039,903
781,726,781,781,781,781,781,781,781,726,781,726,781,781,726,781,781,781,781,781,781,781,726,781,781,726,781,781,781,781,781,781,781,781,781,781,781,781,781,781,781,781,726,781,781,781,781,781,781,781
1039,1039,1007,896,1039,1007,965,896,896,1039,1039,1039,1039,1039,1039,1039,1039,965,1039,896,920,1039,1039,1039,1039,1039,1039,896,1039,896,1039,1039,1039,1007,1039,920,1039,1039,965,1039,1039,896,1007,1039,896,965,1007,1039,1039,920
781,781,781,781,781,781,781,781,781,781,781,781,781,781,781,781,781,781,781,781,781,781,781,781,781,781,781,781,781,781,781,781,781,781,781,781,781,781,781,781,781,781,781,781,781,781,781,781,781,781
903,1039,968,742,1039,1039,1039,727,1039,727,793,1039,968,793,1039,793,1015,742,1039,1015,742,1039,727,1039,793,1039,1015,1039,1015,903,742,742,1039,1039,727,1039,1039,793,1039,1039,1039,1039,727,742,968,727,1039,1039,903,1039
781,781,681,781,773,781,773,781,781,781,781,781,781,781,781,781,681,681,773,781,781,781,781,773,681,781,781,781,781,781,781,781,781,781,681,781,781,681,781,781,781,781,781,781,681,781,773,781,781,781
1039,1039,769,1039,1039,1039,1039,1039,1039,1039,1039,1039,1039,1039,1039,1039,1039,769,1039,1039,1039,1039,1039,1039,1039,1039,1039,1039,1039,1039,1039,1039,1039,1039,1039,1039,1039,1039,1039,1039,1039,1039,1039,769,1039,1039,1039,1039,1039,1039
781,781,781,781,781,781,781,781,781,781,781,781,757,781,781,781,781,757,757,781,781,781,781,781,781,781,781,781,781,781,781,781,781,781,781,781,781,781,781,757,757,781,781,781,781,781,781,781,781,781
727,1039,1039,1039,1039,1039,1039,939,1039,1039,1039,1039,777,777,727,1039,777,1039,939,1039,1039,692,1039,692,1039,1039,1039,1039,1039,692,1039,727,939,692,939,692,777,1039,1039,727,939,727,939,1039,727,1039,1039,1039,727,939
781,781,781,781,781,781,781,781,781,781,781,781,781,781,781,781,781,781,781,781,781,781,781,781,781,781,781,781,781,781,781,781,781,781,781,781,781,781,781,781,781,781,781,781,781,781,781,781,781,781
1039,857,1039,1039,1039,1039,1039,1039,857,948,1039,1039,857,948,1039,1039,1039,1039,1039,857,1039,857,948,1039,1039,857,948,1039,1039,948,857,1039,1039,857,1039,1039,1039,857,1039,857,1039,1039,1039,1039,948,1039,1039,1039,1039,1039
781,781,781,781,777,713,713,781,777,781,713,713,781,777,781,777,781,781,713,781,777,777,781,777,781,781,781,781,781,713,777,713,781,781,781,781,781,781,781,781,781,713,781,781,777,781,781,713,781,781
1039,1039,1039,1039,1039,1039,1039,1039,1039,1039,1039,1039,1039,1039,1039,1039,1039,1039,1039,1039,1039,1039,1039,814,1039,1039,1039,1039,1039,814,814,1039,1039,814,1039,814,1039,814,1039,1039,1039,1039,1039,1039,814,1039,1039,1039,1039,1039
781,781,781,781,781,781,781,781,781,781,781,781,781,781,781,781,781,781,781,781,781,781,781,781,781,781,781,781,781,781,781,781,781,781,781,781,781,781,781,781,781,781,781,781,781,781,781,781,781,781
1039,850,847,847,811,1006,1039,1039,1039,889,728,811,732,811,811,811,732,1039,732,1039,1039,847,850,850,1039,732,732,728,732,1039,728,728,1039,1039,850,850,847,1039,732,1039,1039,847,728,1039,728,728,732,850,850,1039
781,781,781,781,781,781,781,781,781,781,781,781,781,1324,781,781,781,781,781,781,781,781,781,781,781,781,781,781,781,781,781,781,781,781,781,781,1076,781,781,1263,781,781,781,781,781,781,781,781,781,781
819,867,861,646,861,1039,1039,1039,1039,861,1039,1039,1039,1039,867,1039,819,1039,861,819,646,819,867,867,867,1039,867,646,1039,1039,861,1039,819,1039,646,861,861,861,1009,1039,867,646,1009,861,867,1039,1009,646,1039,861
781,781,781,781,1140,750,781,781,781,781,781,781,781,781,750,781,750,750,781,781,781,781,1242,781,781,781,781,781,781,750,781,781,781,781,781,781,781,781,781,781,781,781,781,781,781,1140,781,750,750,781
1039,1039,1039,1039,1039,956,1039,956,1039,1039,855,1039,1039,1039,1039,1039,1039,1039,1039,1039,956,1039,1039,855,1039,1039,956,1039,1039,855,1039,1039,956,855,1039,1039,855,1039,855,855,1039,1039,1039,1039,1039,1039,1039,1039,1039,1039
781,781,781,781,781,781,781,781,781,781,781,781,781,781,781,781,781,781,781,781,781,781,781,781,781,781,781,781,781,781,781,781,781,781,781,781,781,781,781,781,781,781,781,781,781,781,781,781,781,781
1039,1039,1039,826,799,829,826,799,799,1026,1039,985,876,1012,799,826,1039,985,829,1012,826,1006,1039,1039,826,1039,1039,826,826,876,829,799,1039,829,829,1039,1039,826,799,799,1039,1006,1012,876,1026,1039,876,829,799,799
781,781,781,781,781,781,781,1012,781,781,781,781,781,781,781,781,781,781,781,841,781,781,781,781,781,781,781,781,781,781,781,781,781,781,781,781,781,781,781,1134,781,781,781,781,781,841,781,781,1247,781
868,1039,876,929,1039,877,887,876,1039,877,1039,868,1012,868,868,876,868,887,1012,1039,877,877,1012,876,876,876,1039,1039,1012,868,1039,868,1012,876,1039,1012,1039,877,887,1039,929,1039,1039,877,876,1039,1039,1012,1012,887
781,781,781,781,781,781,781,781,781,781,781,781,781,781,781,781,781,781,781,781,781,1012,781,781,781,781,1012,781,781,781,781,781,835,781,781,781,781,781,781,781,781,781,781,781,781,781,781,781,781,781
1012,1012,1012,1039,1012,1012,1008,1012,1039,1039,1039,1039,1008,1039,974,1020,974,1039,1008,1008,1039,1039,1020,1039,1039,1008,1012,1008,1039,1039,1008,974,1012,1012,1039,974,1039,1039,1008,1012,1039,1039,1020,1008,1020,1012,974,974,974,1039
781,781,781,781,781,781,781,781,781,781,781,781,781,781,781,781,781,781,781,781,781,781,781,781,781,781,781,781,781,781,781,781,781,781,781,781,781,781,781,781,781,781,781,781,781,781,781,781,781,781
1039,1039,818,1039,1039,832,979,1039,979,832,1039,832,1039,1039,1039,1039,1039,1039,832,1039,1039,1039,1039,818,818,979,1039,1039,1039,818,832,1039,1039,818,818,818,818,832,979,1039,1039,1039,1039,1039,818,1039,1039,1039,1039,979
781,781,723,723,674,781,781,781,781,781,674,781,781,781,781,781,723,781,781,723,781,781,674,674,781,781,781,781,781,723,781,781,781,674,781,781,781,781,781,781,781,781,723,781,781,781,781,723,781,781
1010,828,828,1039,899,1039,1039,1039,1010,1039,899,828,1034,1039,1039,1010,861,1010,1039,861,1010,1039,861,861,1039,828,1039,1039,861,1039,1039,899,828,1039,1010,1034,861,861,1039,899,1039,899,861,828,899,828,1039,1010,861,828
781,781,781,781,781,781,781,781,781,1313,781,1404,781,781,781,781,781,781,781,781,781,781,781,781,781,781,781,781,781,781,781,781,781,781,781,781,985,781,781,781,781,781,781,781,781,781,781,781,781,781
1022,1039,1039,1039,1022,1039,1039,1039,1022,1010,1039,1039,1039,710,710,710,1039,1039,1022,1039,1010,838,1039,1039,1010,838,1010,838,1039,1039,1010,1039,1039,1039,1039,1039,1039,710,710,1010,1039,710,710,1039,1039,1010,1010,1039,710,1039
781,781,781,781,781,781,781,781,781,781,781,781,781,781,781,781,781,781,781,781,781,781,781,781,781,781,781,781,781,781,781,781,781,781,781,781,781,781,781,781,781,781,781,781,781,781,781,781,781,781
1039,1039,1039,935,911,734,806,734,975,1039,1039,1025,806,734,1039,911,1039,1039,922,1039,935,935,975,911,953,922,1025,922,922,806,806,1039,911,806,911,1039,911,1039,1039,734,1025,1039,1025,1039,975,922,1039,734,922,734
781,781,781,781,781,781,781,781,781,781,781,781,781,781,1103,781,781,781,781,781,781,781,781,781,781,781,781,781,781,1269,781,781,781,781,781,781,781,781,781,781,781,781,781,781,781,781,781,781,781,1079
1039,834,869,1039,1039,1039,1039,834,929,929,956,953,1039,1039,953,930,1039,1039,1039,929,966,869,956,834,834,869,929,834,956,834,930,929,929,953,865,1039,929,865,869,834,869,930,929,1039,1039,1039,1039,1039,1039,834
