2402,2603,2402,2402,2699,2603,2649,2604,2604,2699,2649,2547,2402,2552,2699,2604,2551,2552,2699,2402,2552,2552,2699,2699,2402,2402,2402,2402,2699,2699,2699,2402,2402,2551,2552,2603,2552,2552,2699,2699,2604,2699,2699,2603,2699,2551,2699,2604,2551,2402
2302,2302,2400,2468,2302,2401,2406,2401,2468,2401,2453,2468,2401,2401,2302,2406,2468,2302,2411,2302,2468,2411,2302,2436,2406,2411,2325,2325,2459,2468,2406,2436,2436,2302,2401,2406,2401,2406,2468,2411,2302,2402,2468,2302,2468,2468,2468,2401,2325,2302
2204,2302,2204,2303,2303,2204,2059,2119,2302,2300,2300,2302,2059,2059,2119,2369,2303,2204,2119,2204,2300,2302,2304,2304,2348,2059,2059,2059,2204,2303,2300,2351,2300,2303,2119,2310,2059,2310,2303,2302,2059,2303,2303,2059,2300,2369,2204,2303,2302,2119
2003,2167,2173,2173,2167,2184,2157,2064,2157,2003,2170,2270,2184,2003,2153,1809,2170,2256,1809,2252,2003,2003,2184,2157,2003,2064,2107,2003,2064,2270,2064,2107,2064,2184,2184,2153,1809,2003,1809,2303,2107,2184,2153,2184,2247,2153,2270,2170,2157,2205
1715,2025,2159,1860,2025,2224,1715,2017,1984,2159,2025,1715,2025,1715,1984,2113,1984,2113,2004,2025,2017,1984,2171,2004,1984,2159,1715,1860,1984,2171,2025,2025,2025,2103,2017,2017,2017,2004,1860,2025,1715,2025,2159,1984,1984,1984,1715,2158,1860,2158
1760,1760,1809,1760,1760,1809,1809,1843,1809,1809,1809,1760,1809,1761,1809,1929,1761,1760,1809,1809,1809,1809,1760,2057,1761,1809,1761,1809,1809,1873,1760,1809,1809,1809,1760,1760,1809,1909,1761,1760,1760,1809,1809,1809,1809,1809,1810,1809,1809,1873
1692,1887,1621,1713,1809,1621,1713,1621,1661,1980,1661,1931,1761,1621,1713,1786,1761,1786,1661,1621,1786,1810,1661,1786,1661,1713,1809,1692,1761,1621,1761,1786,1661,1661,1914,1621,1692,1858,1621,1661,1713,1692,1810,1914,1980,1661,1761,1810,1621,1661
1690,1762,1754,1568,1716,1800,1780,1568,1780,1716,1716,1690,1716,1608,1464,1464,1760,1772,1780,1464,1780,1441,1780,1568,1772,1690,1441,1690,1608,1760,1690,1690,1568,1780,1772,1568,1441,1690,1608,1441,1464,1762,1762,1464,1608,1441,1716,1608,1760,1716
1496,1621,1633,1496,1633,1613,1772,1621,1621,1613,1621,1496,1496,1496,1621,1633,1621,1659,1621,1621,1621,1710,1496,1496,1621,1633,1621,1621,1613,1621,1621,1621,1621,1633,1496,1496,1496,1621,1621,1621,1613,1621,1621,1621,1613,1621,1772,1496,1621,1496
1464,1475,1690,1475,1464,1690,1464,1464,1709,1464,1464,1475,1667,1571,1650,1464,1464,1464,1464,1571,1650,1573,1464,1464,1571,1573,1464,1690,1650,1464,1464,1464,1464,1464,1464,1464,1464,1690,1573,1625,1464,1464,1464,1464,1666,1475,1464,1625,1573,1464
1456,1570,1633,1456,1561,1515,1633,1570,1633,1633,1633,1570,1418,1418,1570,1418,1633,1569,1456,1561,1456,1561,1633,1515,1418,1569,1633,1597,1570,1633,1597,1597,1418,1456,1633,1633,1515,1633,1569,1515,1633,1561,1456,1569,1561,1633,1456,1456,1418,1570
1416,1464,1445,1416,1416,1464,1464,1464,1464,1464,1416,1464,1464,1464,1464,1464,1416,1445,1464,1464,1416,1445,1462,1464,1416,1464,1464,1464,1464,1462,1462,1464,1416,1445,1464,1464,1464,1500,1462,1464,1464,1586,1464,1464,1464,1464,1445,1416,1464,1464
1610,1456,1476,1456,1562,1612,1562,1612,1610,1633,1607,1456,1614,1614,1633,1607,1612,1607,1476,1562,1562,1610,1456,1607,1614,1612,1456,1612,1709,1633,1562,1614,1633,1614,1607,1610,1610,1476,1610,1456,1633,1633,1476,1476,1476,1607,1562,1456,1610,1476
1464,1464,1500,1500,1334,1464,1500,1464,1464,1500,1422,1334,1334,1464,1500,1464,1422,1464,1492,1334,1464,1492,1500,1673,1422,1422,1500,1464,1673,1500,1422,1422,1739,1464,1464,1464,1500,1464,1464,1464,1464,1464,1422,1464,1464,1500,1334,1500,1464,1500
1456,1429,1456,1456,1469,1456,1456,1456,1456,1456,1456,1456,1456,1429,1456,1456,1500,1456,1429,1456,1456,1456,1456,1610,1607,1429,1456,1456,1456,1456,1456,1456,1456,1429,1456,1456,1456,1456,1456,1456,1456,1456,1456,1429,1456,1456,1429,1456,1456,1456
1500,1500,1500,1500,1500,1500,1479,1500,1500,1500,1500,1500,1500,1500,1500,1500,1500,1500,1479,1500,1500,1500,1500,1500,1500,1500,1500,1500,1500,1500,1500,1316,1500,1479,1479,1316,1500,1500,1500,1500,1500,1479,1500,1500,1500,1500,1316,1500,1316,1316
1456,1456,1456,1317,1456,1456,1456,1456,1456,1389,1389,1456,1456,1317,1456,1317,1428,1317,1456,1317,1456,1389,1456,1456,1428,1456,1389,1456,1456,1456,1456,1456,1428,1456,1389,1456,1456,1456,1456,1317,1317,1317,1456,1456,1428,1428,1428,1389,1456,1317
1489,1472,1372,1500,1489,1372,1472,1372,1472,1372,1500,1500,1472,1489,1372,1500,1472,1472,1472,1472,1472,1372,1472,1489,1472,1472,1489,1489,1489,1500,1472,1372,1489,1500,1472,1472,1472,1472,1472,1472,1472,1472,1472,1472,1489,1489,1472,1500,1472,1372
1389,1314,1317,1389,1389,1317,1317,1259,1317,1317,1317,1314,1317,1389,1317,1317,1317,1317,1317,1317,1314,1317,1317,1317,1389,1317,1317,1317,1317,1317,1317,1389,1317,1317,1317,1317,1314,1389,1317,1317,1314,1314,1259,1317,1317,1317,1317,1317,1317,1317
1260,1377,1311,1311,1260,1311,1421,1472,1260,1442,1311,1311,1260,1442,1311,1260,1311,1311,1377,1377,1472,1311,1377,1311,1472,1472,1260,1311,1442,1421,1311,1489,1411,1377,1489,1442,1472,1472,1472,1377,1421,1489,1472,1472,1489,1311,1472,1311,1472,1377
1389,1259,1207,1259,1207,1259,1259,1317,1259,1389,1259,1207,1259,1259,1207,1317,1317,1127,1259,1127,1317,1389,1259,1317,1259,1259,1127,1259,1259,1127,1127,1207,1317,1207,1389,1275,1207,1259,1317,1259,1127,1207,1207,1259,1275,1127,1389,1207,1259,1275
1369,1328,1323,1380,1412,1380,1369,1323,1228,1323,1228,1412,1228,1228,1202,1202,1202,1202,1380,1228,1228,1369,1228,1328,1323,1412,1380,1380,1369,1380,1323,1380,1328,1369,1380,1228,1369,1380,1380,1380,1369,1412,1380,1380,1380,1202,1380,1228,1323,1323
1127,1207,1207,1127,1127,1207,1127,1127,1207,1207,1207,1207,1127,1127,1207,1207,1207,1127,1207,1207,1207,1127,1127,1207,1207,1500,1207,1207,1127,1127,1207,1207,1127,1207,1207,1500,1207,1207,1127,1207,1207,1207,1127,1127,1127,1207,1466,1127,1207,1207
1221,1221,1380,1221,1221,1202,1202,1368,1202,1368,1221,1202,1380,1202,1263,1380,1380,1202,1263,1221,1202,1280,1380,1221,1202,1314,1221,1202,1368,1280,1221,1202,1368,1202,1202,1263,1368,1263,1380,1380,1263,1380,1380,1202,1380,1280,1380,1380,1368,1380
1207,1358,1207,1207,1207,1207,1207,1207,1207,1207,1207,1207,1358,1207,1207,1207,1207,1207,1207,1207,1207,1207,1207,1207,1400,1207,1207,1500,1207,1207,1207,1207,1207,1207,1312,1207,1207,1207,1207,1207,1207,1207,1207,1207,1207,1207,1207,1207,1207,1207
1221,1380,1212,1221,1202,1380,1380,1212,1380,1212,1380,1380,1380,1221,1212,1221,1380,1221,1202,1380,1202,1380,1380,1380,1380,1380,1380,1202,1264,1221,1202,1264,1380,1380,1264,1380,1202,1380,1380,1380,1380,1264,1380,1380,1202,1380,1202,1212,1212,1221
972,1207,1207,1207,1207,1207,1207,1207,1207,1207,1207,1207,972,1207,972,972,1207,1207,1207,1207,1207,1207,1207,972,1207,1207,972,1207,1207,1207,972,1207,1207,1207,1207,1207,1207,1207,1207,1207,1207,1207,1207,1207,972,972,1207,1207,972,1207
1380,1380,1380,1380,1380,1380,1263,1222,1380,1222,1380,1351,1380,1096,1380,1380,1263,1351,1186,1263,1351,1263,1096,1222,1186,1380,1380,1096,1380,1263,1380,1186,1263,1096,1096,1186,1096,1186,1096,1380,1096,1222,1222,1380,1096,1380,1380,1096,1263,1240
1191,1207,1191,1207,1207,1207,1207,1207,1207,1207,1207,1207,1207,1191,1207,1207,1191,1207,1207,1207,1207,1207,1207,1207,1191,1207,1191,1207,1207,1207,1207,1207,1191,1207,1207,1191,1207,1342,1207,1207,1207,1207,1207,1207,1207,1207,1207,1191,1207,1207
1096,1116,1027,1113,1027,1027,1214,1116,1116,1214,1096,1379,1372,1143,1185,1379,1379,1185,1185,1379,1143,1214,1115,1027,1372,1116,1113,1379,1027,1214,1143,1027,1113,1096,1143,1185,1116,1379,1379,1214,1027,1116,1380,1185,1380,1372,1380,1116,1116,1096
1191,1191,1191,1191,1191,1191,1191,1191,1266,1191,1207,1191,1165,1191,1191,1191,1191,1191,1191,1269,1165,1207,1388,1191,1191,1165,1191,1278,1207,1191,1191,1278,1165,1165,1165,1191,1191,1191,1191,1269,1191,1191,1165,1207,1278,1330,1165,1266,1165,1191
1097,1276,1097,1115,1268,1097,1097,1113,1115,1276,1115,1113,1271,1097,1116,1097,1271,1115,1115,1271,1097,1115,1116,1097,1362,1113,1115,1097,1113,1116,1116,1276,1116,1115,1116,1115,1332,1115,1115,1276,1379,1268,1332,1115,1097,1362,1097,1332,1115,1097
1269,1269,1167,1269,1269,1269,1269,1167,1269,1269,1191,1269,1269,1269,1269,1269,1269,1269,1269,1167,1269,1269,1269,1269,1269,1278,1269,1269,1269,1278,1278,1269,1191,1278,1269,1269,1191,1269,1191,1269,1191,1269,1191,1191,1269,1191,1330,1269,1269,1269
1115,1115,1115,1115,1115,1115,1115,1115,1115,1115,1115,1115,1115,1115,1115,1115,1115,1115,1115,1115,1115,1115,1115,1115,1113,1115,1115,1115,1115,1115,1113,1115,1115,1115,1115,1113,1115,1115,1115,1115,1115,1115,1115,1113,1115,1115,1115,1113,1113,1115
1269,1269,1151,1269,1269,1269,1269,1269,1269,1269,1151,1269,1269,1151,1269,1269,1269,1269,1269,1269,1151,1269,1151,1269,1269,1151,1269,1269,1269,1151,1269,1151,1269,1151,1151,1269,1269,1269,1269,1269,1269,1269,1269,1269,1151,1269,1269,1269,1269,1269
1115,1115,1115,1115,1115,1115,1115,1115,1115,1115,1115,1115,1115,1115,1115,1115,1115,1115,1115,1115,1115,1115,1115,1115,1115,1115,1115,1115,1115,1115,1115,1115,1115,1115,1115,1115,1115,1115,1115,1115,1115,1115,1115,1115,1115,1115,1115,1115,1115,1115
1069,1268,1269,1269,1268,1269,1269,1269,1269,1268,1269,1269,1269,1269,1269,1069,1269,1269,1269,1269,1268,1269,1269,1269,1269,1269,1269,1269,1268,1269,1268,1269,1069,1269,1269,1269,1268,1269,1269,1269,1269,1269,1269,1269,1269,1269,1269,1269,1269,1269
1115,1115,1115,1115,1115,1115,1115,1115,1115,1115,1115,1115,1115,1115,1115,1115,1115,1115,1115,1115,1115,1115,1115,1115,1115,1115,1115,1115,1115,1115,1115,1115,1115,1115,1115,1115,1115,1115,1115,1115,1115,1115,1115,1115,1115,1115,1115,1115,1115,1115
1269,1269,1269,1269,1269,1269,1269,1269,1269,1269,1269,1269,1269,1269,1269,1269,1269,1269,1269,1269,1269,1269,1269,1269,1269,1269,1269,1269,1269,1269,1269,1269,1269,1269,1269,1269,1269,1269,1269,1269,1269,1269,1269,1269,1269,1269,1269,1269,1269,1269
1115,1115,1115,1115,1115,1115,1115,1115,1115,1115,1115,1115,1115,1115,1115,1115,1115,1115,1115,1115,1115,1115,1115,1115,1115,1115,1115,1115,1115,1115,1115,1115,1115,1115,1115,1115,1115,1115,1115,1115,1115,1115,1115,1115,1115,1115,1115,1115,1115,1115
1269,1269,1269,1269,1269,1269,1269,1269,1269,1269,1269,1269,1269,1269,1269,1269,1269,1269,1212,1269,1269,1269,1269,1269,1269,1269,1269,1269,1269,1269,1269,1269,1269,1269,1269,1269,1269,1212,1269,1212,1269,1269,1212,1212,1269,1269,1269,1269,1269,1269
1115,1115,1115,1115,1115,1115,1115,1115,1115,1115,1115,1115,1115,1115,1115,1115,1115,1115,1115,1115,1115,1115,1115,1115,1115,1115,1115,1115,1115,1115,1115,1115,1115,1115,1115,1115,1115,1115,1115,1115,1115,1115,1115,1115,1115,1115,1115,1115,1115,1115
1269,1269,1269,1269,1269,1269,1269,1269,1269,1269,1269,1269,1269,1269,1269,1269,1269,1269,1269,1269,1269,1269,1269,1269,1269,1269,1269,1269,1269,1269,1269,1269,1269,1269,1269,1269,1269,1269,1269,1269,1269,1269,1269,1269,1269,1269,1269,1269,1269,1269
1115,1115,1115,1115,1115,1115,1115,1115,1115,1115,1115,1115,1115,1115,1115,1115,1115,1115,1115,1115,1115,1115,1115,1115,1115,1115,1115,1115,1115,1115,1115,1115,1115,1115,1115,1115,1115,1115,1115,1115,1115,1115,1115,1115,1115,1115,1115,1115,1115,1115
1269,1269,1269,1269,1166,1269,1269,1269,1166,1269,1269,1269,1166,1166,1269,1269,1269,1166,1269,1269,1166,1269,1269,1269,1269,1269,1269,1269,1269,1269,1269,1269,1269,1269,1269,1269,1166,1269,1269,1269,1269,1269,1269,1166,1269,1269,1269,1269,1269,1166
1115,1115,1115,1115,1115,1115,1115,1115,1115,1115,1115,1115,1115,1115,1115,1115,1115,1115,1115,1115,1115,1115,1115,1115,1115,1115,1115,1115,1115,1115,1115,1115,1115,1115,1115,1115,1115,1115,1115,1115,1115,1115,1115,1115,1115,1115,1115,1115,1115,1115
1065,1262,1269,1065,1269,1269,1173,1269,1269,1269,1065,1269,1269,1065,1269,1269,1269,1269,1173,1173,1262,1065,1262,1065,1065,1262,1173,1269,1269,1269,1269,1262,1262,1269,1269,1173,1065,1269,1269,1065,1173,1269,1262,1065,1269,1173,1173,1173,1269,1262
1115,1115,1115,1115,1115,1115,1115,1115,1115,1115,1115,1115,1115,1115,1115,1115,1115,1115,1115,1115,1115,1115,1115,1115,1115,1115,1115,1115,1115,1115,1115,1115,1115,1115,1115,1115,1214,1115,1115,1115,1115,1115,1115,1115,1115,1115,1115,1115,1115,1115
1269,1179,1179,1179,1269,1258,1258,1269,1269,1269,1269,1269,1269,1269,1269,1179,1258,1269,1179,1269,1261,1258,1269,1269,1269,1261,1269,1269,1261,1258,1179,1269,1269,1269,1269,1269,1179,1258,1269,1269,1179,1179,1269,1269,1269,1261,1258,1269,1261,1269
1115,1115,1115,1115,1115,1115,1115,1115,1115,1115,1115,1115,1115,1115,1115,1115,1115,1115,1115,1115,1115,1115,1115,1115,1115,1115,1115,1115,1115,1115,1115,1115,1115,1115,1115,1115,1115,1115,1115,1115,1115,1115,1115,1115,1115,1115,1115,1115,1115,1115
1118,1269,1269,1269,1269,1269,1269,1118,1269,1269,1269,1269,1269,1269,1269,1269,1269,1269,1269,1269,1269,1269,1118,1269,1269,1118,1269,1118,1269,1269,1118,1118,1269,1269,1269,1269,1269,1269,1118,1269,1269,1269,1118,1269,1269,1118,1269,1269,1269,1269
1115,1115,1115,1115,1115,1115,1115,1115,1115,1115,1115,1115,1115,1115,1115,1115,1115,1115,1115,1115,1115,1115,1115,1115,1115,1115,1115,1115,1115,1115,1115,1115,1115,1115,1115,1115,1115,1115,1115,1115,1115,1115,1115,1115,1115,1115,1115,1115,1115,1115
1154,1269,1269,1154,1269,1154,1269,1269,1269,1218,1269,1218,1269,1154,1269,1218,1269,1269,1269,1269,1218,1269,1154,1269,1269,1269,1269,1269,1269,1269,1269,1154,1269,1269,1154,1269,1269,1269,1218,1269,1269,1269,1269,1269,1269,1269,1154,1269,1269,1269
1115,1115,1115,1115,1115,1115,1115,1115,1115,1115,1115,1115,1115,1115,1115,1115,1115,1115,1115,1115,1115,1115,1115,1115,1115,1115,1115,1115,1115,1115,1115,1115,1115,1115,1115,1115,1115,1115,1115,1115,1115,1115,1115,1115,1115,1115,1115,1115,1115,1115
1269,1269,1266,1269,1269,1269,1269,1269,1269,1218,1269,1269,1269,1269,1269,1266,1269,1269,1269,1218,1266,1269,1269,1269,1269,1269,1269,1269,1266,1269,1269,1269,1269,1269,1269,1266,1266,1266,1218,1266,1269,1266,1269,1269,1269,1269,1269,1218,1218,1269
1115,1115,1115,1115,1115,1115,1115,1115,1115,1115,1115,1115,1115,1115,1115,1115,1115,1115,1115,1115,1115,1115,1115,1115,1115,1115,1115,1115,1115,1115,1115,1115,1115,1115,1115,1115,1115,1115,1115,1115,1115,1115,1115,1115,1115,1115,1115,1115,1115,1115
1269,1067,1269,1269,1269,1269,1269,1113,1269,1269,1269,1067,1113,1269,1269,1113,1269,1067,1269,1269,1269,1269,1269,1269,1269,1269,1269,1113,1269,1269,1269,1067,1067,1067,1113,1269,1269,1113,1067,1067,1269,1269,1113,1067,1113,1269,1269,1067,1113,1269
1115,1115,1115,1115,1115,1115,1115,1115,1115,1115,1115,1115,1115,1115,1115,1115,1115,1115,1115,1115,1115,1115,1115,1115,1115,1115,1115,1115,1115,1115,1115,1115,1115,1115,1115,1115,1115,1115,1115,1115,1115,1115,1115,1115,1115,1115,1115,1115,1115,1115
1264,1264,1269,1269,1068,1068,1269,1269,1269,1264,1269,1269,1068,1269,1269,1264,1264,1068,1269,1269,1269,1068,1269,1068,1269,1264,1269,1068,1269,1068,1269,1269,1269,1264,1269,1269,1269,1068,1269,1269,1269,1068,1269,1068,1269,1269,1269,1269,1269,1269
1115,1115,1115,1115,1115,1115,1115,1115,1115,1115,876,1115,1115,1115,1115,1115,1115,1115,876,1115,876,1115,876,1115,1115,1115,876,1115,1115,1115,1115,1115,1115,1115,1115,1115,1115,1115,876,1115,1115,876,1115,1115,1115,876,1115,1115,1115,876
1269,1269,1269,1236,1269,1269,1269,1269,1269,1236,1236,1236,994,1269,994,1269,1269,1236,1269,1269,1236,1269,1269,1269,1269,1269,1269,1269,1269,1236,1269,1269,1269,1269,1269,1269,994,1269,1236,1269,1269,1236,1269,1269,1269,994,994,1269,1236,1269
1115,1115,1115,1115,1115,1115,1115,1115,1115,1115,1115,1115,1115,1115,1115,1115,1115,1115,1115,1115,1115,1115,1115,1115,1115,1115,1115,1115,1115,1115,1115,1115,1115,1115,1115,1115,1115,1115,1115,1115,1115,1115,1115,1115,1115,1115,1115,1115,1115,1115
1269,1242,1205,1269,1269,1242,1269,1260,1205,1242,1205,1269,1269,1260,1269,1269,1260,1269,1269,1242,1269,1269,1269,1242,1242,1269,1269,1205,1269,1269,1205,1269,1269,1205,1269,1205,1242,1269,1242,1242,1269,1260,1205,1269,1269,1269,1205,1260,1260,1269
1115,1115,1115,1115,1014,1115,1115,1014,1115,1115,1115,1115,1115,1115,1014,1115,1115,1014,1115,1115,1115,1115,1115,1115,1115,1115,1014,1115,1115,1014,1115,1115,1115,1115,1115,1115,1115,1115,1115,1115,1115,1115,1115,1115,1115,1115,1115,1115,1115,1115
1253,1257,1257,1257,1257,1253,1269,1269,1253,1220,1253,1257,1269,1257,1269,1257,1269,1253,1257,1269,1257,1220,1257,1253,1257,1269,1220,1257,1257,1257,1269,1220,1269,1220,1257,1220,1220,1253,1253,1253,1269,1257,1257,1253,1257,1269,1257,1253,1269,1257
1115,1014,1014,1014,1014,1014,1014,1014,1014,1014,1014,1014,1014,1014,1014,1014,1014,1014,1014,1014,1014,1014,1014,1014,1014,1014,1014,1014,1014,1014,1014,1014,1014,1014,1014,1014,1014,1014,1014,1014,1014,1014,1014,1014,1014,1014,1115,1014,1014,1014
1257,1119,1257,1119,1257,1257,1257,1257,1257,1165,1257,1257,1257,1257,1165,1257,1257,1257,1119,1257,1119,1257,1257,1257,1257,1257,1257,1257,1119,1165,1257,1165,1257,1257,1165,1257,1257,1257,1257,1165,1257,1257,1257,1257,1165,1165,1257,1257,1257,1119
1014,1014,1014,1014,1014,1014,1014,1014,1014,1014,1014,1014,1014,1014,1014,1014,1014,1014,1014,1014,1014,1014,1014,1014,1014,1014,1014,1014,1014,1014,1014,1014,1014,1014,1014,1014,1014,1014,1014,1014,1014,1014,1014,1014,1014,1014,1014,1014,1014,1014
973,1257,1257,988,988,973,1257,1257,1257,1257,1257,1257,1257,1222,1257,1257,1257,1257,1257,1222,1257,1257,1222,1257,1257,1257,1257,1257,1257,1257,1257,988,1257,973,1222,1257,1257,1257,1257,1257,1257,973,988,973,1257,1257,1257,1257,1257,1222
1014,1014,1014,1014,1014,1014,1014,1014,1014,1014,1014,1014,1014,1014,1014,1014,1014,1014,1014,1014,1014,1014,1014,1014,1014,1014,1014,1014,1014,1014,1014,1014,1014,1014,1014,1014,1014,1014,1014,1014,1014,1014,1014,1014,1014,1014,1014,1014,1014,1014
1257,1257,1257,1257,1257,1257,1257,1257,1257,1257,1257,1257,1257,1257,1257,1257,1257,1257,1257,1257,1257,1257,1257,1257,1257,1257,1257,1257,1257,1257,1257,1257,1257,1257,1257,1257,1257,1257,1257,1257,1257,1257,1257,1257,1257,1257,1257,1257,1257,1257
1014,1014,1014,1014,1014,1014,1014,1014,1014,1014,1014,1014,1014,1014,1014,1014,1014,1014,1014,1014,1014,1014,1014,1014,1014,1014,1014,1014,1014,1014,1014,1014,1014,1014,1014,1014,1014,1014,1014,1014,1014,1014,1014,1014,1014,1014,1014,1014,1014,1014
1257,1214,1257,1257,1214,1257,1214,1173,1173,1214,1257,1257,1257,1257,1257,1257,1173,1257,1257,1173,1257,1173,1173,1257,1257,1257,1257,1173,1257,1257,1214,1214,1257,1214,1257,1257,1257,1257,1214,1257,1173,1257,1257,1257,1214,1257,1257,1173,1214,1214
1014,1014,1014,1014,1014,1014,1014,1014,1014,1014,1014,1014,1014,1014,1014,1014,1014,1014,1014,1014,1014,1014,1014,1014,1014,1014,1014,1014,1014,1014,1014,1014,1014,1014,1014,1014,1014,1014,1014,1014,1014,1014,1014,1014,1014,1014,1014,1014,1014,1014
1257,1245,1257,1257,1165,1257,1257,1165,1245,1257,1257,1257,1165,1245,1117,1245,1117,1257,1257,1257,1245,1257,1165,1257,1165,1257,1245,1257,1117,1165,1117,1257,1257,1257,1165,1257,1117,1257,1257,1257,1117,1257,1165,1257,1257,1257,1257,1257,1165,1245
1014,1014,1014,1014,1014,1014,1014,1014,1014,1014,1014,1014,1014,1014,1014,1014,1014,1014,1014,1014,1014,1014,1014,1014,1014,1014,1014,1014,1014,1014,1014,1014,1014,1014,1014,1014,1014,1014,1014,1014,1014,1014,1014,1014,1014,1014,1014,1014,1014,1014
1257,1257,1257,1257,1257,1257,1257,1175,1257,1209,1257,1257,1257,1257,1257,1257,1257,1257,1209,1257,1257,1257,1257,1257,1257,1257,1209,1175,1257,1209,1257,1175,1257,1257,1175,1257,1257,1257,1257,1257,1257,1257,1175,1257,1257,1257,1257,1175,1257,1257
1014,1014,1014,1014,1014,1014,1014,1014,1014,1014,1014,1014,1014,1014,1014,1014,1014,1014,1014,1014,1014,1014,1014,1014,1014,1014,1014,1014,1014,1014,1014,1014,1014,1014,1014,1014,1014,1014,1014,1014,1014,1014,1014,1014,1014,1014,1014,1014,1014,1014
1257,1257,1257,1139,1211,1257,1159,1211,1257,1093,1257,1139,1257,1139,1257,1093,1093,1093,1257,1257,1257,1093,1139,1257,1257,1257,1093,1159,1159,1257,1257,1093,1093,1253,1257,1159,1257,1211,1257,1257,1211,1159,1253,1211,1257,1139,1139,1257,1257,1211
1014,1014,1014,1014,1014,1014,1014,1014,1014,1014,1014,1014,1014,1014,1014,1014,1014,1014,1014,1014,1014,1014,1014,1014,1014,1014,1014,1014,1014,1014,1014,1014,1014,1014,1014,1014,1291,1014,1014,1014,1014,1014,1014,1014,1014,1014,1014,1014,1014,1014
1093,1257,1257,1018,1257,1257,1257,1257,1257,1257,1257,1018,1257,1093,1257,1018,1257,1257,1257,1257,1257,1257,1257,1257,1257,1093,1093,1018,1257,1018,1093,1257,1257,1018,1257,1093,1257,1093,1257,1018,1257,1018,1257,1093,1257,1257,1257,1257,1018,1093
1014,1014,1014,1014,1014,1014,1014,1014,1014,1014,1014,1014,1014,1014,1014,1014,1014,1014,1014,1014,1014,1014,1014,1014,1014,1014,1014,1014,1014,1014,1014,1014,1014,1014,1014,1014,1014,1014,1014,1014,1014,1014,1014,1014,1014,1014,1014,1014,1014,1014
1257,1222,1222,1015,1015,1014,1257,1257,1222,1222,1257,1257,1257,1257,1024,1257,1015,1014,1015,1014,1257,1222,1015,1014,1257,1015,1257,1257,1015,1015,1015,1024,1257,1257,1222,1257,1257,1257,1257,1024,1015,1014,1014,1257,1024,1222,1257,1257,1014,1014
1014,1014,1014,1014,1014,1014,1014,1014,1014,1014,1014,1014,1014,1014,1014,1014,1014,1014,1014,1014,1014,1014,1014,1014,1014,1014,1014,1014,1014,1014,1014,1014,1014,1311,1014,1014,1014,1014,1136,1014,1014,1014,1014,1014,1014,1014,1014,1014,1014,1014
1165,1257,1166,1166,1024,1257,1164,1113,1164,1162,1164,1257,1257,1257,1257,1024,1257,1257,1162,1172,1257,1113,1024,1257,1165,1164,1257,1257,1166,1024,1165,1113,1165,1165,1257,1257,1172,1113,1257,1162,1257,1164,1162,1166,1172,1257,1257,1024,1165,1113
1014,1014,1014,1014,1014,1014,1014,1014,1014,1014,1014,1014,1014,1014,1014,1014,1014,1014,1014,1014,1014,1014,1014,1014,1014,1014,1014,1014,1014,1014,1014,1014,1014,1014,1269,1014,1014,1014,1014,1014,1014,1014,1014,1014,1014,1014,1014,1014,1014,1014
1257,1257,1257,1257,1113,1257,1113,1257,1113,1257,1113,1113,1257,1113,1257,1257,1219,1257,1113,1257,1257,1257,1257,1113,1113,1219,1219,1257,1257,1219,1257,1113,1257,1257,1257,1219,1113,1113,1257,1257,1113,1257,1257,1113,1257,1113,1257,1257,1113,1257
1014,1014,1014,1014,1014,1014,1014,1014,1014,1014,1014,1014,1014,1014,1014,1014,1014,1014,1014,1014,1014,1014,1014,1014,1014,1014,1014,1014,1014,1014,1014,1014,1014,1014,1014,1014,1014,1014,1014,1014,1014,1014,1014,1014,1014,1014,1014,1014,1014,1014
1257,1216,1257,1257,1257,1257,1257,1257,1257,1257,1257,1257,1257,1113,1113,1167,1257,1257,1257,1167,1257,1113,1167,1167,1257,1257,1216,1257,1257,1257,1113,1257,1113,1167,1167,1257,1257,1113,1113,1257,1257,1167,1167,1113,1257,1257,1113,1113,1257,1257
1014,1014,1014,1014,1014,1014,1014,1014,1014,1014,1014,1014,1014,1014,1014,1014,1014,1014,1014,1014,1014,1014,1014,1014,1014,1014,1014,1014,1014,1014,1014,1014,1014,1014,1014,1014,1014,1014,1014,1014,1014,1014,1014,1014,1014,1014,1014,1014,1014,1014
1257,1257,1257,1257,1257,1257,1257,1257,1257,1257,1257,1118,1257,1257,1257,1257,1257,1257,1257,1257,1257,1257,1118,1118,1257,1257,1257,1219,1257,1257,1219,1257,1219,1257,1257,1118,1257,1257,1257,1257,1219,1257,1257,1257,1257,1257,1257,1257,1118,1257
1014,1014,1014,1014,1014,1014,1014,1014,1014,1014,1014,1014,1014,1014,1014,1014,1014,1014,1014,1014,1014,1014,1014,1014,1014,1014,1014,1014,1014,1014,1014,1014,1014,1014,1014,1014,1014,1014,1014,1014,1014,1014,1014,1014,1014,1014,1014,1014,1014,1014
1257,1257,1257,1257,1257,1257,1257,1257,1257,1180,1257,1257,1180,1180,1180,1257,1257,1257,1257,1214,1257,1257,1257,1257,1214,1257,1214,1257,1257,1257,1257,1257,1020,1020,1257,1257,1257,1180,1257,1257,1257,1257,1020,1257,1180,1257,1257,1257,1020,1180
1014,1014,1014,1014,1014,1014,1014,1014,1014,1014,1014,1014,1014,1014,1014,1014,1014,1014,1014,1014,1014,1014,1014,1014,1014,1014,1014,1014,1014,1014,1014,1014,1014,1014,1014,1014,1014,1014,1014,1014,1014,1014,1014,1014,1014,1014,1014,1014,1014,1014
1257,1165,1257,1257,1257,1165,1257,1257,1257,1257,1257,1257,1257,1165,1257,1257,1257,1257,1257,1257,1257,1165,1257,1165,1257,1257,1257,1257,1257,1257,1257,1257,1257,1257,1257,1257,1257,1257,1257,1257,1165,1257,1257,1257,1257,1257,1257,1257,1165,1257
1014,1014,1014,1014,1014,1014,1014,1014,1014,1014,1014,1014,1014,1014,1014,1014,1014,1014,1014,1014,1014,1014,1014,1014,1014,1014,1014,1014,1014,1014,1014,1014,1014,1014,1014,1014,1014,1014,1014,1014,1014,1014,1014,1014,1014,1014,1014,1014,1014,1014
1257,1257,1257,1100,969,969,1257,1100,1257,969,1232,1100,1100,1257,969,1257,1257,1257,1220,1220,1220,1100,1232,1257,1257,1100,969,1232,1257,1257,969,1232,1100,1257,1257,969,1257,1100,1257,969,1257,1257,1257,1257,1257,1257,1257,1257,1100,1220
1014,1014,1014,1014,1014,1014,1014,1014,1014,1014,1014,1014,1014,1014,1014,1014,1014,1014,1014,1014,1014,1014,1014,1014,1014,1014,1014,1014,1014,1014,1014,1014,1014,1014,1014,1014,1014,1014,1014,1014,1014,1014,1014,1014,1014,1014,1014,1014,1014,1014
1257,1257,1167,1257,1257,1257,1257,1257,1257,1211,1257,1257,1257,1257,1211,1211,1257,1211,1257,1257,1257,1257,1167,1257,1211,1167,1257,1211,1257,1257,1257,1257,1257,1211,1257,1167,1167,1257,1257,1257,1257,1257,1257,1257,1257,1257,1257,1257,1257,1167
1014,1014,1014,1014,1014,1014,1014,1014,1014,1014,1014,1014,1014,1014,1014,1014,1014,1014,1014,1014,1014,1014,1014,1014,1014,1014,1014,1014,1014,1014,1014,1014,1014,1014,1014,1014,1014,1014,1014,1014,1014,1014,1014,1014,1014,1014,1014,1014,1014,1014
1257,1257,1257,1257,1257,1257,1257,1257,1257,1257,1257,1257,1257,1257,1257,1257,1257,1257,1257,1257,1257,1257,1257,1257,1257,1257,1257,1257,1257,1257,1257,1257,1257,1257,1257,1257,1257,1257,1257,1257,1257,1257,1257,1257,1257,1257,1257,1257,1257,1257
1014,1014,1014,1014,1014,1014,1014,1014,1014,1014,1014,1014,1014,1014,1014,1014,1014,1014,1014,1014,1014,1014,1014,1014,1014,1014,1014,1014,1014,1014,1014,1014,1014,1014,1014,1014,1014,1014,1014,1014,1014,1014,1014,1014,1014,1014,1014,1014,1014,1014
1257,1123,1257,1123,1132,1257,1257,1257,1186,1132,1257,1257,1123,1257,1257,1186,1257,1186,1132,1257,1123,1123,1257,1186,1186,1257,1257,1257,1257,1257,1123,1123,1257,1257,1257,1132,1257,1123,1257,1132,1257,1257,1257,1257,1257,1186,1257,1132,1257,1257
1014,1014,1014,1014,1014,1014,1014,1014,1014,1014,1014,1014,1014,1014,1014,1014,1014,1014,1014,1014,1014,1014,1014,1014,1014,1014,1014,1014,1014,1014,1014,1014,1014,1014,1014,1014,1014,1014,1014,1014,1014,1014,1014,1014,1014,1014,1014,1014,1014,1324
1132,1257,1219,1132,1132,1257,1132,1209,1257,1257,1257,1219,1257,1257,1257,1257,1132,1257,1257,1257,1132,1132,1209,1132,1219,1219,1257,1257,1257,1209,1132,1209,1257,1219,1209,1257,1209,1257,1209,1257,1132,1132,1257,1132,1209,1257,1257,1257,1132,1257
1014,1014,1014,1014,1014,1014,1014,1014,1014,1014,1014,1014,1014,1014,1014,1014,1014,1014,1014,1014,1014,1014,1014,1014,1014,1014,1014,1014,1014,1014,1014,1014,1014,1014,1014,1014,1014,1014,1014,1014,1014,1014,1014,1014,1014,1014,1014,1014,1014,1014
1121,1121,1110,1257,1107,1217,1121,1257,1107,1257,1107,1257,1121,1257,1257,1257,1107,1121,1027,1107,1227,1027,1110,1027,1257,1121,1257,1121,1257,1257,1110,1107,1227,1257,1110,1027,1257,1257,1110,1257,1257,1217,1027,1227,1121,1027,1257,1110,1227,1121
1014,1014,1014,1014,1014,1014,1014,1014,1014,1014,1014,1014,1014,1014,1014,1014,1014,1014,1014,1014,1014,1066,1014,1014,1014,1014,1014,1014,1014,1014,1014,1014,1014,1014,1014,1014,1014,1014,1014,1014,1014,1014,1014,1014,1014,1014,1014,1014,1014,1334
1039,1257,1257,1257,1257,1257,1257,1114,1039,1039,1257,1257,1257,1257,1257,1257,1257,1257,1257,1114,1257,1257,1257,1039,1257,1257,1039,1257,1257,1257,1257,1114,1114,1039,1257,1039,1257,1257,1257,1257,1257,1257,1257,1257,1257,1039,1039,1257,1257,1257
1014,974,1014,1014,1014,1014,1014,1014,1014,1014,974,1014,1014,1014,1014,1014,1014,1014,1014,1014,1014,1014,1014,1014,1014,1014,1014,1014,1014,974,1014,1014,1014,1014,1014,1014,1014,1014,1014,1014,1014,1014,974,1014,1014,1014,974,1014,974,1014
1257,1257,1257,1257,1257,1257,1257,1257,1257,1257,1257,1257,1257,1257,1257,1257,1257,1257,1257,1257,1257,1257,1257,1257,1257,1257,1257,1257,1257,1257,1257,1257,1257,1257,1257,1257,1257,1257,1257,1257,1257,1257,1257,1257,1257,1257,1257,1257,1257,1257
1014,1014,1014,1014,1014,1014,1014,1014,1014,1014,1014,1014,1014,1014,1014,1014,1014,1014,1014,1014,1014,1014,1014,1014,1014,1014,1014,1014,1014,1014,1014,1014,1014,1014,1014,1014,1014,1014,1014,1014,1014,1014,1014,1014,1014,1014,1014,1014,1014,1014
1257,1257,1176,1176,1176,1224,1176,1257,1176,1257,1224,1257,1257,1257,1257,1257,1257,1257,1257,1257,1257,1257,1257,1224,1257,1224,1257,1224,1224,1257,1257,1257,1257,1257,1257,1257,1257,1257,1224,1257,1257,1176,1257,1257,1224,1257,1257,1257,1257,1257
1014,1014,1014,1014,1014,1014,1014,1014,1014,1014,1014,1014,1014,1014,1014,1014,1014,1014,1014,1014,1014,1014,1014,1014,1014,1014,1014,1014,1014,1014,1014,1014,1014,1014,1014,1014,1014,1014,1014,1014,1014,1014,1014,1014,1014,1014,1014,1014,1014,1014
1257,1257,1171,1257,1257,1257,1171,1171,1257,1171,1257,1257,1257,1257,1257,1257,1257,1257,1257,1171,1257,1257,1257,1257,1257,1252,1171,1171,1257,1257,1257,1257,1257,1257,1257,1257,1257,1257,1257,1171,1171,1252,1257,1171,1171,1257,1257,1171,1257,1171
1014,1014,1014,1014,1014,1014,1014,1014,1014,1014,1014,1014,1014,1014,1014,1014,1014,1014,1014,1014,1014,1014,1014,1014,1014,1014,1014,1014,1014,1014,1014,1014,1014,1014,1014,1014,1014,1014,1014,1014,1014,1014,1014,1014,1014,1014,1014,1014,1014,1014
1119,1257,1073,1257,1257,1119,1257,1073,1119,1257,1257,1257,1257,1257,1257,1257,1073,1257,1257,1257,1073,1119,1257,1257,1073,1211,1257,1073,1257,1257,1257,1257,1257,1257,1257,1119,1257,1073,1257,1211,1073,1257,1257,1073,1073,1257,1119,1073,1073,1257
1014,1014,1014,1014,1014,1014,1014,1014,1014,1014,1014,1014,1014,1014,1014,1014,1014,1014,1014,1014,1014,1014,1014,1014,1014,1014,1014,1014,1014,1014,1014,1014,1014,1014,1014,1014,1014,1014,1014,1014,1014,1014,1014,1014,1014,1014,1014,1014,1014,1014
1257,1257,1118,1257,1257,1257,1257,1200,1200,1118,1200,1200,1200,1257,1257,1257,1118,1257,1257,1257,1257,1118,1257,1257,1257,1257,1257,1257,1257,1257,1257,1118,1257,1118,1200,1257,1257,1257,1257,1257,1257,1257,1257,1257,1257,1257,1257,1257,1257,1200
1014,1014,1014,1014,1014,1014,1014,1014,1014,1014,1014,1014,1014,1014,1014,1014,1014,1014,1014,1014,1014,1014,1014,1014,1014,1014,1014,1014,1014,1014,1014,1014,1014,1014,1014,1014,1014,1014,1014,1014,1014,1014,1014,1014,1014,1014,1014,1014,1014,1014
1257,1257,1115,1115,1257,1170,1115,1257,1257,1257,1257,1257,1257,1257,1257,1257,1064,1257,1257,1115,1257,1115,1115,1257,1170,1170,1064,1064,1257,1064,1257,1257,1064,1257,1215,1257,1257,1215,1257,1257,1257,1064,1257,1257,1257,1170,1257,1257,1257,1115
1014,1014,1014,1014,1014,1014,1014,1014,1014,1014,1014,1014,1014,1014,1014,1014,1014,1014,1014,1014,1014,1014,1014,1014,1014,1014,1014,1014,1014,1014,1014,1014,1014,1014,1014,1014,1014,1014,1014,1014,1014,1014,1014,1014,1014,1014,1014,1014,1014,1014
1257,1257,1257,1189,1257,1257,1257,1257,1189,1257,1257,1257,1257,1257,1257,1257,1257,1257,1257,1257,1189,1257,1257,1257,1189,1257,1257,1189,1257,1257,1257,1257,1189,1189,1257,1257,1257,1257,1257,1257,1257,1257,1257,1257,1257,1257,1257,1257,1257,1257
1014,1014,1014,1014,1014,1014,971,1014,1014,1014,1014,1014,1014,1014,1014,1014,1014,1014,1014,971,1014,1014,1014,1014,1014,1014,1014,1014,1014,1014,971,1014,1014,1014,971,971,971,1014,1014,1014,1014,1014,1014,971,1014,1014,1014,1014,1014,1014
1111,1257,1257,1111,1216,1257,1257,1257,1257,1174,1174,1111,1257,1257,1216,1257,1216,1216,1174,1257,1257,1257,1174,1174,1257,1257,1257,1111,1111,1257,1111,1216,1257,1174,1174,1257,1257,1174,1111,1257,1111,1257,1257,1257,1111,1257,1257,1174,1257,1257
1014,1014,1014,1014,1014,1014,1014,1014,1014,1014,1014,1014,1014,1014,1014,1014,1014,1014,1014,1014,1014,1014,1014,1014,1014,1014,1014,1014,1014,1014,1014,1014,1014,1014,1014,1014,1014,1014,1014,1014,1014,1014,1014,1014,1014,1014,1312,1014,1014,1014
1174,1257,1257,1257,1257,991,1257,1257,1257,1257,1111,1257,1257,1257,1257,1257,1257,1257,1257,1257,1111,1257,1257,1257,1257,1111,1257,1257,1257,1111,1174,1257,1257,1174,1257,1257,1257,1257,1111,1257,1257,1257,1257,1257,1257,1257,1257,1257,1174,1257
1014,1014,1014,1014,1014,1014,1014,1014,1014,1014,1014,1014,1014,1014,1014,1014,1014,1014,1014,1014,1014,1014,1014,1014,1014,1014,1014,1014,1014,1014,1014,1014,1014,1014,1014,1014,1014,1014,1014,1014,1014,1014,1014,1014,1014,1014,1014,1014,1014,1014
1257,1257,1257,1257,1257,1257,1257,1257,1257,1257,1168,1257,1257,1257,1257,1168,1257,1257,1257,1257,1257,1257,1168,1257,1257,1257,1257,1257,1257,1171,1168,1168,1168,1168,1257,1168,1171,1171,1168,1257,1257,1257,1257,1257,1257,1257,1257,1257,1257,1171
1014,1014,1014,1014,1014,1014,1014,1014,1014,1014,1014,1014,1014,1014,1014,1014,1014,1014,1014,1014,1014,1014,1014,1014,1014,1014,1014,1014,1014,1014,1014,1014,1014,1014,1014,1014,1014,1014,1014,1014,1014,1014,1014,1014,1014,1014,1014,1014,1014,1014
1257,1174,1257,1257,1064,1257,1069,1257,1257,1174,1064,1064,1257,1257,1257,1064,1064,1067,1064,1257,1257,1064,1257,1257,1257,1064,1064,1211,1257,1257,1211,1257,1257,1174,1067,1257,1174,1211,1257,1257,1211,1257,1067,1067,1257,1064,1064,1067,1174,1257
1014,1014,1014,1014,1014,1014,1014,1014,1014,1014,1014,1014,1014,1014,1014,1014,1014,1014,1014,1014,1014,1081,1014,1014,1014,1014,1014,1014,1014,1014,1014,1014,1014,1014,1014,1014,1014,1014,1014,1014,1014,1014,1014,1014,1014,1014,1014,1014,1014,1014
1257,1257,992,1257,992,1257,992,992,992,1257,1257,992,1164,1257,1257,1257,992,1164,1257,1257,992,1257,1257,992,1257,992,1164,1257,1257,992,1257,1257,992,1257,1257,1257,1164,1257,1164,1257,1257,1257,1257,1164,1257,1257,1257,1257,1257,1257
1014,1014,1014,1014,1014,1014,1014,1014,1014,1014,1014,1014,1014,1014,1014,1014,1014,1014,1014,1014,1014,1014,1014,1014,1014,1014,1014,1014,1014,1014,1014,1014,1014,1014,1014,1014,1014,1014,1014,1014,1014,1014,1014,1014,1014,1014,1014,1014,1014,1014
1174,1077,1257,1220,1048,1220,1174,1257,1077,1077,1257,1048,1257,1257,1257,1174,1077,1257,1166,1257,1077,1077,1257,1077,1257,1257,1257,1048,1257,1220,1077,1048,1048,1257,1048,1220,1048,1166,1220,1257,1237,1237,1257,1077,1220,1220,1220,1257,1220,1174
1014,1197,1014,1014,1014,1014,1014,1014,1014,1014,1014,1014,1335,1014,1014,1014,1014,1014,1014,1014,1014,1294,1014,1014,1014,1014,1014,1014,1014,1014,1014,1014,1014,1014,1014,1014,1320,1014,1014,1014,1014,1014,1014,1014,1014,1014,1014,1014,1014,1014
1077,1160,1166,1257,1257,1048,1257,1160,1228,1048,1048,1166,1166,1048,1257,1228,1048,1048,1166,1077,1108,1257,1077,1228,1077,1257,1108,1077,1166,1257,1108,1077,1228,1077,1108,1257,1077,1108,1048,1166,1077,1048,1228,1048,1160,1257,1257,1257,1077,1048
1014,1014,1240,1014,1014,1014,1240,1014,1014,1014,1014,1014,1014,1240,1320,1014,1014,1014,1014,1014,1014,1240,1294,1014,1014,1014,1014,1240,1240,1014,1014,1014,1014,1014,1014,1014,1014,1014,1014,1014,1014,1014,1014,1014,1014,1014,1014,1014,1014,1014
1257,1166,1108,1108,1209,1048,1108,1048,1257,1108,1048,1108,1108,1048,1108,1108,1257,1257,1048,1108,1108,1108,1108,1108,1108,1108,1166,1257,1108,1108,1108,1108,1176,1108,1108,1108,1108,1108,1257,1108,1048,1108,1108,1108,1257,1257,1176,1257,1108,1048
1014,1014,1014,1014,1014,1071,1014,1014,1207,1014,1014,1207,1240,1014,1014,1014,1014,1014,1014,1014,1207,1014,1014,1014,1014,1014,1014,1014,1014,1014,1014,1014,1014,1014,1014,1014,1014,1240,1071,1014,1207,1240,1014,1207,1014,1014,1164,1014,1014,1071
1257,1257,1108,1108,1108,1257,1108,1066,1108,1108,1257,1108,1257,1257,1257,1078,1108,1066,1108,1108,1108,1257,1257,1257,1108,1108,1257,1257,1257,1257,1257,1257,1108,1078,1257,1257,1257,1066,1066,1108,1066,1066,1108,1066,1066,1257,1108,1108,1066,1257
1014,1014,1014,1014,1014,1014,1014,1014,1014,1240,1014,1014,1014,1014,1014,1014,1014,1014,1014,1014,1014,1014,1014,1014,1014,1014,1014,1014,1014,1014,1014,1014,1014,1014,1014,1014,1014,1014,1014,1014,1014,1014,1014,1014,1014,1014,1014,1014,1014,1014
1257,1257,1257,1257,1257,1257,1108,1019,1019,1257,1257,1108,1257,1257,1257,1257,1257,1257,1257,1257,1257,1257,1257,1257,1257,1257,1019,1108,1257,1257,1108,1257,1019,1019,1257,1257,1257,1257,1257,1257,1257,1257,1108,1108,1108,1257,1257,1257,1257,1257
1014,1014,1014,1014,1014,1014,1014,1014,1014,1014,1014,1014,1014,1014,1014,1014,1014,1014,1014,1014,1014,1014,1014,1014,1014,1014,1014,1014,1014,1014,1014,1014,1014,1014,1014,1014,1014,1014,1014,1014,1014,1014,1014,1014,1014,1014,1014,1014,1014,1014
1257,1021,1251,1197,1115,1115,1257,1257,1257,1257,1160,1257,1160,1257,1251,1257,1257,1257,1257,1197,1257,1251,1257,1160,1257,1257,1115,1197,1257,1021,1257,1257,1257,1257,1257,1021,1257,1197,1257,1160,1115,1251,1197,1257,1257,1251,1197,1257,1160,1160
1014,1210,1014,1014,1014,1014,1014,1014,1014,1014,1014,1014,1014,1014,1014,1014,1014,1014,1014,1014,1014,1014,1014,1014,1014,1014,1014,1014,1014,1014,1014,1014,1014,1014,1210,1014,1014,1014,1014,1014,1014,1014,1014,1014,1014,1014,1014,1014,1014,1014
917,1021,917,1257,917,917,1021,1257,917,1021,1184,973,1257,1257,1257,1184,1021,917,917,1021,1184,1257,1257,1165,1021,1021,1257,1257,973,973,1021,917,1021,1021,973,1126,1257,1021,1021,1021,1021,973,1257,1165,973,1021,1257,1257,1257,1021
1014,1014,1014,1014,1014,1014,1014,1014,1014,1014,1210,1014,1014,1014,1014,1210,1014,1014,1014,1210,1014,1014,1014,1014,1014,1014,1014,1014,1014,1014,1014,1014,1014,1210,1014,1014,1014,1014,1014,1070,1014,1014,1014,1014,1014,1014,1014,1014,1014,1014
1212,1064,1021,1064,1168,1257,1064,1212,1257,1021,1143,1064,1208,1154,1021,1021,1021,1021,1021,1021,1021,1154,1021,1239,1021,1257,1064,1064,1143,1021,1021,1021,1021,1168,1239,1154,1021,1257,1154,1021,1154,1064,1154,1257,1064,1021,1021,1143,1064,1257
1100,1014,1014,1141,1131,1014,1014,1141,1014,1210,1014,1014,1014,1210,1204,1014,1014,1204,1100,1100,1014,1210,1131,1210,1014,1014,1141,1014,1014,1014,1100,1014,1014,1014,1014,1141,1014,1210,1014,1131,1014,1014,1100,1204,1014,1210,1014,1014,1210,1210
1021,1021,1021,1021,1021,1257,1021,1021,1021,1021,1115,1021,1021,1021,1021,1021,1021,1021,1021,1216,1021,1021,1021,1257,1021,1257,1021,1021,1021,1021,1234,1021,1021,1021,1022,1021,1021,1021,1234,1216,1021,1021,1021,1022,1021,1021,1216,1216,1021,1021
1210,1210,1210,1014,1014,1210,1210,1014,1210,1131,1014,1210,1131,1210,1014,1210,1210,1014,1014,1014,1131,1210,1210,1210,1131,1210,1131,1131,1014,1210,1131,1014,1131,1131,1014,1131,1014,1014,1210,1014,1210,1014,1210,1131,1014,1014,1131,1131,1131,1131
1021,1021,1021,1021,1021,1021,1021,1021,1017,1021,1021,1021,1021,1021,1021,1017,1017,1021,1021,1021,1021,1021,1021,1017,1021,1021,1017,1017,1021,1021,1017,1021,1021,1017,1021,1021,1021,1021,1017,1021,1017,1021,1021,1021,1021,1021,1021,1021,1017,1021
1210,1210,1210,1210,1210,1210,1210,1210,1210,1210,1210,1210,1210,1210,1210,1210,1210,1210,1210,1210,1210,1210,1210,1210,1210,1210,1210,1210,1210,1210,1210,1210,1210,1210,1210,1210,1210,1210,1210,1210,1210,1210,1210,1210,1210,1210,1210,1210,1210,1210
1021,1021,1021,1021,1021,1021,1021,1021,1021,1021,1021,1021,1021,1021,1021,1021,1021,1021,1021,1021,1021,1021,1021,1021,1021,1021,1021,1021,1021,1021,1021,1021,1021,1021,1021,1021,1021,1021,1021,1021,1021,1021,1021,1021,1021,1021,1021,1021,1021,1021
1210,1210,1210,1210,1210,1210,1210,1210,1210,1210,1120,1120,1210,1210,1210,1210,1210,1210,1210,1210,1210,1210,1210,1120,1210,1210,1210,1210,1210,1210,1210,1120,1210,1210,1210,1210,1210,1210,1210,1210,1210,1210,1210,1210,1120,1210,1210,1210,1210,1120
1021,1021,1021,1021,1021,1021,1021,1021,1021,1021,1021,1021,1021,1021,1021,1021,1021,1021,1021,1021,1021,1021,1021,1021,1021,1021,1021,1021,1021,1021,1021,1021,1021,1021,1021,1021,1021,1021,1021,1021,1021,1021,1021,1021,1021,1021,1021,1021,1021,1021
1210,1076,1210,1210,1210,1210,1064,1210,1210,1171,1210,1210,1171,1076,1210,1210,1076,1064,1210,1210,1210,1134,1210,1134,1210,1076,1210,1064,1064,1171,1210,1134,1064,1171,1210,1171,1210,1134,1210,1210,1210,1210,1134,1210,1210,1134,1064,1064,1171,1064
1021,1021,1021,1021,1021,1021,1021,1021,1021,1021,1021,1021,1021,1021,1021,1021,1021,1021,1021,1021,1021,1021,1021,1021,1021,1021,1021,1021,1021,1021,1021,1021,1021,1312,1021,1021,1021,1021,1021,1021,1021,1021,1021,1021,1021,1021,1021,1021,1021,1021
1210,1210,1210,1210,1210,1210,1210,1210,1064,1069,1210,1210,1210,1064,1210,1210,1210,1210,1210,1210,1064,1069,1208,1064,1210,1064,1210,1210,1210,1210,1210,1069,1064,1210,1210,1210,1064,1208,1064,1210,1210,1210,1064,1210,1210,1210,1208,1069,1210,1208
1021,1021,1021,1021,1021,1021,1021,1021,1021,1021,1021,1021,1021,1021,1021,1021,1021,1021,1021,1021,1021,1021,1021,1021,1021,1021,1021,1021,1021,1021,1021,1021,1021,1021,1021,1021,1021,1021,1021,1021,1021,1021,1021,1021,1021,1021,1021,1021,1021,1021
1210,1210,1202,1210,1210,1210,1210,1210,1210,1210,1210,1210,1143,1210,1210,1210,1210,1210,1210,1210,1202,1210,1202,1210,1202,1210,1210,1210,1202,1210,1202,1202,1210,1210,1210,1210,1210,1210,1210,1143,1210,1210,1210,1202,1210,1210,1202,1210,1210,1210
1021,1021,1021,1021,1021,1021,1021,1021,1021,1021,1021,1021,1021,1021,1021,1021,1021,1021,1021,1021,1021,1021,1021,1021,1021,1021,1021,1021,1021,1021,1021,1021,1021,1021,1021,1021,1021,1021,1021,1021,1021,1021,1021,1021,1021,1021,1021,1021,1021,1021
1210,1169,1169,1210,1210,1210,1210,1210,1142,1142,1210,1210,1210,1169,1142,1169,1210,1169,1210,1169,1210,1169,1210,1210,1210,1142,1169,1210,1210,1169,1210,1210,1210,1210,1169,1210,1210,1210,1210,1210,1169,1210,1210,1210,1210,1210,1210,1169,1210,1210
1021,1021,1021,1021,1021,1021,1021,1021,1021,1021,1021,1021,1021,1021,1021,1021,1021,1021,1021,1021,1021,1021,1021,1021,1021,1021,1021,1021,1021,1021,1021,1021,1021,1021,1021,1021,1021,1021,1021,1021,1021,1021,1021,1021,1021,1021,1021,1021,1021,1021
1210,1210,1210,1210,1210,1210,1210,1210,1210,1210,1210,1210,1210,1210,1210,1210,1210,1210,1210,1210,1210,1210,1210,1210,1210,1210,1210,1210,1210,1210,1210,1210,1210,1210,1210,1210,1210,1210,1210,1210,1210,1210,1210,1210,1210,1210,1210,1210,1210,1210
1021,1021,1021,1021,1021,1021,1021,1021,1021,1021,1021,1021,1021,1021,1021,1021,1021,1021,1021,1021,1021,1021,1021,1021,1021,1021,1021,1021,1021,1021,1021,1021,1021,1021,1021,1021,1021,1021,1021,1021,1021,1021,1021,1021,1021,1021,1021,1021,1021,1021
1121,1210,1210,1210,1210,1190,1210,1210,1210,1210,1210,1210,1121,1210,1210,1210,1121,1121,1210,1210,1210,1210,1190,1121,1210,1210,1210,1121,1210,1190,1210,1210,1190,1210,1210,1190,1190,1210,1210,1121,1121,1210,1121,1210,1210,1121,1190,1210,1210,1210
1021,1021,1021,1021,1021,1021,1021,1021,1021,1021,1021,1021,1021,1021,1021,1021,1021,1021,1021,1021,1021,1021,1021,1021,1021,1021,1021,1021,1021,1021,1021,1021,1021,1021,1021,1021,1021,1021,1021,1021,1021,1021,1021,1021,1021,1021,1021,1021,1021,1021
975,975,1210,1210,1210,1210,1210,1210,1210,1210,1210,1210,1210,1210,1210,1127,1127,975,1210,1210,975,1210,975,1210,975,975,1210,1210,1210,1210,1210,1210,975,1127,1210,1210,1210,975,1210,1210,1210,1210,1210,975,1210,975,1127,975,1210,1127
1021,1021,1021,1021,1021,1021,1021,1021,1021,1021,1021,1021,1021,1021,1021,1021,1021,1021,1021,1021,1021,1021,1021,1021,1021,1021,1021,1021,1021,1021,1021,1021,1021,1021,1021,1021,1021,1021,1021,1021,1021,1021,1021,1021,1021,1021,1021,1021,1021,1021
1210,1210,1210,1167,1210,1210,1210,1210,1167,1210,1167,1210,1210,1210,1210,1210,1210,1210,1167,1210,1210,1210,1172,1210,1167,1210,1210,1210,1210,1210,1210,1210,1210,1210,1210,1172,1210,1210,1210,1210,1167,1167,1210,1210,1210,1210,1167,1172,1167,1210
1021,1021,1021,1021,1021,1021,1021,1021,1021,1021,1021,1021,1021,1021,1021,1021,1021,1021,1021,1021,1021,1021,1021,1021,1021,1021,1021,1021,1021,1021,1021,1021,1021,1021,1021,1021,1021,1021,1021,1021,1021,1021,1021,1021,1021,1021,1021,1021,1021,1021
1123,977,977,1210,1210,1210,977,1210,1210,1210,1210,1119,1208,1210,1210,1123,1210,1210,1208,977,1210,1210,1123,1210,1123,1210,1210,1208,1210,977,1210,1210,977,1210,977,1119,977,1210,1210,1208,1123,1210,977,1210,1210,1210,1210,1208,1208,1123
1021,1021,1021,1021,1021,1021,1021,1021,1021,1021,1021,1021,1021,1021,1021,1021,1021,1021,1021,1021,1021,1021,1021,1021,1021,1021,1021,1021,1021,1021,1021,1021,1021,1021,1021,1021,1021,1021,1021,1021,1021,1021,1021,1021,1021,1021,1021,1021,1021,1021
1072,1122,1210,1122,1210,1035,1210,1210,1072,1210,1122,1210,1035,1166,1122,1210,1210,1122,1035,1035,1210,1210,1210,1210,1035,1210,1210,1072,1210,1035,1035,1122,1210,1210,1210,1210,1210,1210,1210,1210,1122,1210,1210,1035,1210,1210,1210,1166,1035,1210
1021,1021,1021,1021,1021,1021,1021,1021,1021,1021,1021,1021,1021,1021,1021,1021,1021,1021,1021,1021,1021,1021,1021,1021,1021,1021,1021,1021,1021,1021,1021,1021,1021,1021,1021,1021,1021,1021,1021,1021,1021,1021,1021,1021,1021,1021,1021,1021,1021,1021
1210,1210,1210,1210,1210,1070,1210,1210,1070,1210,1210,1210,1210,1070,1073,1073,1073,1210,1073,1210,1210,1210,1210,1070,1210,1210,1210,1210,1070,1210,1210,1210,1210,1210,1210,1210,1210,1210,1210,1073,1210,1210,1073,1073,1210,1073,1210,1210,1210,1210
1021,1021,1021,1021,1021,1021,1021,1021,1021,1021,1021,1021,1021,1021,1021,1021,1021,1021,1021,1021,1021,1021,1021,1021,1021,1021,1021,1021,1021,1021,1021,1021,1021,1021,1021,1021,1021,1021,1021,1021,1021,1021,1021,1021,1021,1021,1021,1021,1021,1021
1210,1210,1121,1210,1210,1021,1210,1210,1210,1210,1121,1210,1210,1121,1210,1210,1021,1210,1121,1210,1210,1021,1210,1121,1021,1210,1210,1210,1210,1021,1210,1210,1210,1210,1210,1210,1021,1210,1210,1021,1210,1210,1021,1210,1210,1210,1210,1121,1121,1121
1021,1021,1021,1021,1021,1021,1021,1021,1021,1021,1021,1021,1021,1021,1021,1021,1021,1021,1021,1021,1021,1021,1021,1021,1021,1021,1021,1021,1021,1021,1021,1021,1021,1021,1021,1021,1021,1021,1021,1021,1021,1021,1021,1021,1021,1021,1021,1021,1021,1021
1174,1210,1210,1210,1210,1210,1210,1210,1174,1210,1210,1116,1210,1210,1210,1116,1210,1174,1174,1116,1210,1210,1210,1210,1210,1116,1210,1210,1116,1210,1210,1174,1116,1210,1210,1210,1210,1116,1210,1210,1174,1210,1210,1210,1210,1210,1174,1174,1210,1210
1021,1021,1021,1021,1021,1021,1021,1021,1021,1021,1021,1021,1021,1021,1021,1021,1021,1021,1021,1021,1021,1021,1021,1021,1021,1021,1021,1021,1021,1021,1021,1021,1021,1021,1021,1021,1021,1021,1021,1021,1021,1021,1021,1021,1021,1021,1021,1021,1021,1021
1210,1210,1210,1163,1117,1210,1210,1147,1210,1210,1210,1147,1210,1210,1147,1210,1147,1210,1210,1163,1117,1163,1210,1210,1210,1210,1210,1117,1210,1210,1210,1210,1210,1147,1147,1210,1117,1210,1163,1210,1210,1210,1163,1147,1210,1210,1210,1117,1147,1147
1021,1021,1021,1021,1021,1021,1021,1021,1021,1021,1021,1021,1021,1021,1021,1021,1021,1021,1021,1021,1021,1021,1021,1021,1021,1021,1021,1021,1021,1021,1021,1021,1021,1021,1021,1021,1021,1021,1021,1021,1021,1021,1021,1021,1021,1021,1021,1021,1021,1021
1210,1210,1210,1210,1069,1024,969,1210,1210,969,969,1210,969,1024,1210,969,1171,969,1210,1024,1210,1210,969,1210,1210,969,1024,969,1210,969,1210,1210,969,969,1024,1024,1210,1210,969,1210,1210,1069,1069,1210,1210,1069,1024,1210,969,1024
883,1021,883,1021,1140,1021,1021,1021,1021,1021,883,1021,1021,1021,1021,883,1021,1021,1021,883,1021,883,1021,1021,1021,1021,1021,1021,1021,1021,1021,1021,1021,1021,1021,883,1021,1021,1021,1021,1021,1021,1021,1021,1021,1021,1021,1021,1021,1021
1210,1210,969,969,1210,969,1210,1210,1210,969,1210,1210,1210,1210,1210,1210,1210,1210,1210,1210,1210,1210,1210,1210,969,969,1210,1210,1210,969,1210,1210,969,1210,1210,1210,1210,1210,969,1210,969,1210,1210,1210,1210,1210,1210,1210,969,1210
1021,1021,1021,1021,1021,1021,1021,1021,1021,1021,1021,1021,1021,1021,1021,1021,1021,1021,1021,1021,1021,1021,1021,1021,1021,1021,1021,1021,1021,1021,1021,1021,1021,1021,1021,1021,1021,1021,1021,1021,1021,1021,1021,1021,1021,1021,1021,1021,1021,1021
1210,1210,1210,1210,1210,1210,1170,1210,1210,1210,1170,1210,1210,1210,1210,1210,1210,1210,1210,1170,1210,1170,1210,1210,1210,1210,1170,1210,1210,1210,1210,1170,1210,1210,1210,1210,1210,1210,1210,1210,1170,1210,1210,1210,1210,1210,1210,1210,1210,1210
1012,1021,1021,1021,1018,1018,1021,1021,1021,1018,1021,1012,1021,1018,1021,1018,1012,1021,1021,1021,1018,1012,1018,1021,1012,1021,1021,1021,1021,1021,1021,1021,1021,1021,1021,1021,1021,1018,1012,1018,1021,1021,1012,1012,1021,1021,1021,1018,1012,1021
1174,1072,1210,1174,1174,1079,1079,1174,1174,1079,1072,1072,1174,1079,1174,1079,1072,1079,1174,1210,1174,1079,1079,1072,1174,1210,1079,1210,1072,1174,1174,1174,1072,1072,1174,1079,1072,1174,1079,1124,1174,1072,1210,1174,1210,1124,1174,1072,1079,1124
1021,1021,1012,1012,1012,1012,1012,1012,1012,1012,1012,976,976,1012,1012,1012,1012,1012,1012,1012,976,1012,976,1012,1012,1012,1012,1012,1021,1021,1012,1012,1012,1012,1012,1012,1012,976,1012,1012,976,1012,1012,1012,1012,1012,1012,1012,1012,1012
1174,1174,1087,1174,1087,1174,1174,1087,1174,1174,1174,1174,1174,1174,1174,1174,1174,1174,1174,1174,1174,1174,1174,1174,1174,1174,1174,1174,1174,1087,1087,1174,1087,1174,1174,1174,1174,1174,1174,1174,1087,1174,1087,1174,1174,1174,1087,1087,1087,1174
1012,1012,1012,1012,1012,1012,1012,1012,1012,1012,1012,1012,1012,1012,1012,1012,1012,1012,1012,1012,1012,1012,1012,1012,1012,1012,1012,1012,1012,1012,1012,1012,1012,1012,1012,1012,1012,1012,1012,1012,1012,1012,1012,1012,1012,1012,1012,1012,1012,1012
1174,1131,1174,1131,1174,1170,1174,1170,1170,1076,1170,1174,1174,1131,1174,1170,1170,1174,1131,1174,1174,1174,1174,1174,1170,1174,1170,1174,1076,1170,1170,1174,1174,1170,1076,1131,1174,1174,1076,1174,1174,1076,1170,1076,1131,1174,1174,1131,1174,1076
1012,1012,1012,1012,1012,1012,1012,1012,1012,1012,1012,1012,1012,1012,1012,1012,1012,1012,1012,1012,1012,1012,1012,1012,1012,1012,1012,1012,1012,1012,1012,1012,1012,1012,1012,1012,1012,1012,1012,1012,1012,1012,1012,1012,1012,1012,1012,1012,1012,1012
1174,1174,1174,1174,1174,1174,1174,1174,1174,1174,1174,1174,1174,1168,1174,1174,1174,1174,1174,1174,1174,1174,1174,1174,1174,1174,1174,1174,1174,1174,1078,1174,1174,1078,1174,1174,1174,1174,1174,1174,1078,1078,1174,1174,1174,1168,1174,1174,1168,1174
1012,931,1012,1012,1012,1012,1012,1012,1012,1012,1012,1012,1012,1012,1012,1012,1012,1012,1012,1012,1012,1012,1012,931,1012,1012,1012,1012,931,1012,931,1012,1012,1012,1012,1012,931,1012,1012,1012,1012,1012,931,1012,1012,931,1012,931,1012,1012
1119,1077,1077,1174,1174,1174,1077,1174,1174,1174,1174,1174,1174,1119,1174,1119,1174,1174,1174,1174,1174,1174,1174,1174,1174,1077,1174,1174,1077,1174,1174,1174,1174,1174,1174,1174,1174,1174,1174,1174,1119,1174,1077,1119,1174,1174,1174,1174,1077,1119
1012,1012,1012,1012,1012,1012,1012,1012,1012,1012,1012,1012,1012,1012,1012,1012,1012,1012,1012,1012,1012,1012,1012,1012,1012,1012,1012,1012,1012,1012,1012,1012,1012,1012,1012,1012,1012,1012,1012,1012,1012,1012,1012,1012,1012,1012,1012,1012,1012,1012
1174,1174,1174,1174,1174,1174,1174,1174,1174,1174,1174,1174,1174,1174,1174,1174,1174,1174,1174,1174,1174,1174,1174,1174,1174,1174,1174,1174,1174,1174,1174,1174,1174,1174,1174,1174,1174,1174,1174,1174,1174,1174,1174,1174,1174,1174,1174,1174,1174,1174
1012,1012,1012,1012,1012,1012,1012,1012,928,1012,1012,1012,1012,1012,1012,1012,1012,1012,1012,1012,1012,1012,1012,1012,1012,1012,1012,1012,1012,1012,1012,1012,1012,928,1012,1012,1012,1012,1012,1012,1012,1012,1012,1012,1012,1012,1012,1012,1012,1012
1174,1174,1174,1174,1174,1174,1174,1174,1174,1174,1174,1174,1174,1174,1174,1174,1174,1174,1174,1174,1174,1174,1174,1174,1174,1174,1174,1174,1174,1174,1174,1174,1174,1174,1174,1174,1174,1174,1174,1174,1174,1174,1174,1174,1174,1174,1174,1174,1174,1174
1012,1012,1012,980,1012,1012,1012,1012,1012,1012,980,1012,980,1012,1012,1012,1012,1012,1012,1012,1012,1012,980,1012,1012,1012,1012,980,980,1012,980,1012,1012,980,980,1012,1012,1012,1012,1012,980,1012,1012,1012,1012,980,1012,1012,1012,1012
1174,1174,1174,1174,1174,1174,1174,1174,1174,1174,1174,1174,1174,1174,1174,1174,1174,1174,1174,1174,1174,1174,1174,1174,1174,1174,1174,1174,1174,1174,1174,1174,1174,1174,1174,1174,1174,1174,1174,1174,1174,1174,1174,1174,1174,1174,1174,1174,1174,1174
1012,1012,1012,1012,1012,1012,1012,1012,1012,1012,1012,1012,1012,1012,1012,1012,1012,1012,1012,1012,1012,1012,1012,1012,1012,1012,1012,1012,1012,1012,1012,1012,1012,1012,1012,1012,1012,1012,1012,1012,1012,1012,1012,1012,1012,1012,1012,1012,1012,1012
1043,1174,1174,1174,1174,1174,1174,1174,1174,1174,1174,1174,1043,1174,1174,1174,1174,1174,1174,1174,1174,1174,1174,1174,1174,1174,1174,1174,1174,1174,1174,1174,1174,1174,1174,1174,1174,1174,1043,1174,1174,1174,1174,1174,1174,1174,1043,1174,1174,1174
1012,1012,1012,1012,1012,1012,1012,1012,1012,1012,1012,1012,1012,1012,1012,1012,1012,1012,1012,1012,1012,1012,1012,1012,1012,1012,1012,1012,1012,1012,1012,1012,1012,1012,1012,1012,1012,1012,1012,1012,1012,1012,1012,1012,1012,1012,1012,1012,1012,1012
1082,1174,1174,1174,1174,1174,987,1174,1174,1174,1174,987,1174,987,987,1174,1174,1174,1174,987,1174,987,1174,1174,1174,987,1082,1174,1082,1174,1082,987,1174,1174,1174,987,1174,987,1174,1174,1174,987,987,1174,1174,1174,1174,1174,1082,1174
1012,1012,1012,1012,1012,1012,1012,1012,1012,1012,1012,1012,1012,1012,1012,1012,1012,1012,1012,1012,1012,1012,1012,1012,1012,1012,1012,1012,1012,1012,1012,1012,1012,1012,1012,1012,1012,1012,1012,1012,1012,1012,1012,1012,1012,1012,1012,1012,1012,1012
1174,1174,1077,1174,1077,1174,1174,1174,1174,1174,1174,1174,1174,1174,1174,1174,1174,1174,1174,1174,1077,1174,1174,1174,1174,1174,1174,1174,1174,1174,1174,1174,1174,1077,1174,1174,1174,1174,1174,1174,1174,1174,1174,1174,1077,1174,1174,1174,1174,1174
1012,1012,1012,1012,1012,1012,1012,1012,1012,1012,1012,1012,1012,1012,1012,1012,1012,1012,1012,1012,1012,1012,1012,1012,1012,1012,1012,1012,1012,1012,1012,1012,1012,1012,1012,1012,1012,1012,1012,1012,1012,1012,1012,1012,1012,1012,1012,1012,1012,1012
1174,1174,1174,1174,1174,1174,1174,1174,1174,1174,1174,1174,1174,1174,1174,1174,1174,1174,1174,1174,1174,1174,1174,1174,1174,1174,1174,1174,1174,1174,1174,1174,1174,1174,1174,1174,1174,1174,1174,1174,1174,1174,1174,1174,1174,1174,1174,1174,1174,1174
1012,1012,1012,1012,1012,1012,1012,1012,1012,1012,1012,1012,1012,1012,1012,1012,1012,1012,1012,1012,1012,1012,1012,1012,1012,1012,1012,1012,1012,1012,1012,1012,1012,1012,1012,1012,1012,1012,1012,1012,1012,1012,1012,1012,1012,1012,1012,1012,1012,1012
1174,1174,1174,1174,1174,1138,1174,1174,1174,1138,1174,1167,1174,1138,1138,1167,1174,1174,1174,1174,1174,1174,1174,1174,1174,1174,1174,1174,1174,1167,1174,1167,1174,1174,1174,1174,1174,1174,1138,1174,1174,1174,1174,1174,1174,1174,1174,1174,1174,1174
1012,1012,1012,1012,1012,1012,1012,1012,1012,1012,1012,1012,1012,1012,1012,1012,1012,1012,1012,1012,1012,1012,1012,1012,1012,1012,1012,1012,1012,1012,1012,1012,1012,1012,1012,1012,1012,1012,1012,1012,1012,1012,1012,1012,1012,1012,1012,1012,1012,1012
1174,1174,1174,1174,1174,1174,1174,1174,1174,1174,1174,1174,1174,1174,1174,1174,1174,1174,1174,1174,1174,1174,1174,1174,1174,1174,1174,1174,1174,1174,1174,1174,1174,1174,1174,1174,1174,1174,1174,1174,1174,1174,1174,1174,1174,1174,1174,1174,1174,1174
1012,1012,1012,1012,1012,1012,1012,1012,1012,1012,1012,1012,1012,1012,1012,1012,1012,1012,1012,1012,1012,1012,1012,1012,1012,1012,1012,1012,1012,1012,1012,1012,1012,1012,1012,1012,1012,1012,1012,1012,1012,1012,1012,1012,1012,1012,1012,1012,1012,1012
1174,1174,1174,1174,1174,1174,1174,1174,1174,1174,1174,1174,1174,1174,1174,1174,1174,1174,1174,1174,1174,1174,1174,1174,1174,1174,1174,1174,1174,1174,1174,1174,1174,1174,1174,1174,1174,1174,1174,1174,1174,1174,1174,1174,1174,1174,1174,1174,1174,1174
1012,1012,1012,1012,1012,1012,1012,1012,1012,1012,1012,1012,1012,1012,1012,1012,1012,1012,1012,1012,1012,1012,1012,1012,1012,1012,1012,1012,1012,1012,1012,1012,1012,1012,1012,1012,1012,1012,1012,1012,1012,1012,1012,1012,1012,1012,1012,1012,1012,1012
1036,888,888,1174,1174,1036,1174,1174,1174,1087,1174,1174,1174,1174,1174,1174,1174,1174,1087,1036,1174,1174,1174,1036,1174,1174,1174,1174,1174,1087,1087,1087,1174,1174,1174,1087,888,888,1174,1174,1174,1036,1087,1174,1087,1036,1174,1087,1036,1036
1012,1012,1012,1012,1012,1012,1012,1012,1012,1012,1012,1012,1012,1012,1012,1012,1012,1012,1012,1012,1012,1012,1012,1012,1012,1012,1012,1012,1012,1012,1012,1012,1012,1012,1012,1012,1012,1012,1012,1012,1012,1012,1012,1012,1012,1012,1012,1012,1012,1012
1174,1174,1174,1174,1174,1174,1174,1174,1174,1174,1174,1174,1174,1174,1174,1174,1174,1174,1174,1174,1174,1174,1174,1174,1174,1174,1174,1174,1174,1174,1174,1174,1174,1174,1174,1174,1174,1174,1174,1174,1174,1174,1174,1174,1174,1174,1174,1174,1174,1174
1012,1012,1012,1012,1012,1012,1012,1012,1012,1012,1012,1012,1012,1012,1012,1012,1012,1012,1012,1012,1012,1012,1012,1012,1012,1012,1012,1012,1012,1012,1012,1012,1012,1012,1012,1012,1012,1012,1012,1012,1012,1012,1012,1012,1012,1012,1012,1012,1012,1012
1174,1174,1174,1174,1174,1174,1174,1174,1174,1174,1174,1174,1174,1174,1174,1174,1174,1174,1174,1174,1174,1174,1174,1174,1174,1174,1174,1174,1174,1174,1174,1174,1174,1174,1174,1174,1174,1174,1174,1174,1174,1174,1174,1174,1174,1174,1174,1174,1174,1174
1012,1012,1012,1012,1012,1012,1012,1012,1012,1012,1012,1012,1012,1012,1012,1012,1012,1012,1012,1012,1012,1012,1012,1012,1012,1012,1012,1012,1012,1012,1012,1012,1012,1012,1012,1012,1012,1012,1012,1012,1012,1012,1012,1012,1012,1012,1012,1012,1012,1012
1174,1174,1174,1174,1174,1174,1174,1174,1174,1174,1174,1174,1174,1174,1174,1174,1174,1174,1174,1174,1174,1174,1174,1174,1174,1174,1174,1174,1174,1174,1174,1174,1174,1174,1174,1174,1174,1174,1174,1174,1174,1174,1174,1174,1174,1174,1174,1174,1174,1174
1012,1012,1012,1012,1012,1012,1012,1012,1012,1012,1012,1012,1012,1012,1012,1012,1012,1012,1012,1012,1012,1012,993,1012,1012,1012,1012,1012,1012,1012,1012,1012,1012,1012,1012,1012,1012,1012,1012,1012,1012,1012,1012,1012,993,993,993,1012,1012,1012
1151,1151,1151,1174,1174,1151,1151,1151,1174,1174,1151,1174,1174,1151,1174,1174,1151,1174,1151,1151,1174,1174,1151,1151,1151,1174,1174,1151,1151,1151,1151,1174,1151,1151,1151,1174,1151,1151,1174,1174,1151,1174,1174,1174,1174,1151,1151,1174,1174,1151
993,993,993,993,993,993,993,993,993,993,993,993,993,993,993,993,993,993,993,993,993,993,993,993,993,993,993,993,993,993,993,993,993,993,993,993,993,993,993,993,993,993,993,993,993,993,993,993,993,993
1151,1023,1151,1151,1151,1151,1151,1151,1151,1151,1151,1151,1151,1151,1151,1151,1151,1151,1151,1151,1151,1023,1151,1023,1151,1151,1151,1151,1151,1151,1023,1151,1151,1151,1151,1151,1151,1151,1151,1023,1151,1151,1151,1023,1151,1151,1151,1151,1023,1151
993,993,993,993,993,993,993,892,892,892,993,993,993,993,993,892,993,892,993,993,993,993,993,993,993,993,993,993,993,993,993,993,993,892,993,993,892,993,993,993,892,993,993,993,892,993,892,892,993,993
1151,1151,1151,1151,1151,1151,1151,1151,1151,1151,1151,1151,1151,1151,1151,1151,1151,1151,1151,1151,1151,1151,1151,1151,1151,1151,1151,1151,1151,1151,1151,1151,1151,1151,1151,1151,1151,1151,1151,1151,1151,1151,1151,1151,1151,1151,1151,1151,1151,1151
993,993,993,993,993,993,993,993,993,993,993,993,993,993,993,993,993,993,993,993,993,993,993,993,993,993,993,993,993,993,993,993,993,993,993,993,993,993,993,993,993,993,993,993,993,993,993,993,993,993
1151,1151,1151,1151,1151,1151,1151,1151,1151,1151,1151,1151,1151,1151,1151,1151,1151,1151,1151,1151,1151,1151,1151,1151,1151,1151,1151,1151,1151,1151,1151,1151,1151,1151,1151,1151,1151,1151,1151,1151,1151,1151,1151,1151,1151,1151,1151,1151,1151,1151
993,993,993,993,993,993,993,993,993,993,993,993,993,993,993,993,993,993,993,993,993,993,993,993,993,993,993,993,993,993,993,993,993,993,993,993,993,993,993,993,993,993,993,993,993,993,993,993,993,993
1151,1075,1075,1151,1151,1151,1151,1151,1137,1151,1151,1151,1151,1151,1151,1151,1151,1151,1151,1137,1151,1151,1151,1151,1151,1151,1151,1151,1151,1137,1151,1151,1151,1151,1151,1151,1151,1151,1137,1137,1151,1151,1151,1151,1137,1151,1075,1137,1151,1151
993,988,993,993,993,993,993,993,993,993,993,993,993,993,988,993,993,993,993,993,993,988,993,993,988,993,993,993,993,993,988,993,993,988,988,988,988,993,993,993,993,993,993,988,993,988,993,993,993,993
1127,1151,1027,1027,1151,1151,1151,1027,1151,1151,1127,1151,1151,1027,1027,1151,1151,1027,1151,1151,1151,1151,1151,1151,1151,1027,1151,1151,1151,1127,1151,1151,1151,1151,1027,1151,1027,1151,1151,1151,1027,1127,1151,1027,1151,1151,1027,1151,1027,1151
993,993,993,993,993,978,993,978,993,993,927,927,993,993,993,993,993,927,993,927,993,993,993,993,993,993,978,993,993,978,993,993,993,993,993,927,927,978,993,993,993,927,927,978,993,993,993,993,993,927
833,833,1151,1151,1151,833,1151,1151,1151,833,833,1151,1151,1151,1151,1151,1151,1151,833,1151,1151,1151,1151,833,1151,1151,1151,1151,1151,1151,1151,1151,1151,1151,1151,1151,833,1151,1151,833,1151,833,1151,1151,1151,1151,1151,1151,1151,1151
993,993,993,993,993,993,993,993,993,993,993,993,993,993,993,993,993,993,993,993,993,993,993,993,993,993,993,993,993,993,993,993,993,993,993,993,993,993,993,993,993,993,993,993,993,993,993,993,993,993
1151,1151,1087,1151,1087,1125,1151,1151,1087,1151,1151,1087,1151,1151,1151,1151,1151,1151,1151,1151,1151,1151,1151,1125,1087,1087,1151,1151,1151,1087,1125,1151,1151,1151,1151,1151,1151,1087,1087,1151,1151,1151,1151,1151,1125,1125,1151,1151,1151,1151
976,993,993,993,993,993,993,993,993,976,993,993,993,976,993,993,993,993,993,993,993,993,993,993,993,993,993,993,993,976,993,993,993,993,993,993,976,993,993,993,993,993,976,993,993,993,993,993,993,993
1021,1151,1151,1151,1057,1151,1151,1151,1151,1151,1151,1151,1151,1151,1057,1151,1151,1151,1021,1151,1057,1151,1151,1151,1151,1151,1151,1021,1151,1151,1057,1021,1021,1151,1151,1151,1151,1021,1151,1151,1151,1151,1057,1151,1151,1151,1151,1151,1151,1021
993,993,993,993,993,993,993,993,993,993,993,993,993,993,993,993,993,993,993,993,993,993,993,993,993,993,993,993,993,993,993,993,993,993,993,993,993,993,993,993,993,993,993,993,993,993,993,993,993,993
1151,1151,1151,967,1151,1151,1151,967,1151,967,1151,1151,1151,967,1151,1151,1151,1151,967,1151,1151,967,1151,1151,1151,1151,1151,1151,1151,1151,1151,1151,1151,1151,1151,1151,1151,1151,1151,1151,1151,1151,1151,967,1151,1151,1151,1151,967,967
993,993,993,993,993,993,993,993,993,993,993,993,993,993,993,993,993,993,956,993,956,993,956,993,993,956,993,956,993,993,993,993,993,993,993,993,993,993,956,993,956,993,993,993,993,993,956,993,993,993
1151,1151,1151,1151,1151,1098,1151,1122,1151,1151,1151,1151,1151,1098,1151,1151,1151,1122,1151,1098,1151,1098,1151,1151,1098,1151,1098,1151,1151,1151,1151,1151,1151,1151,1151,1151,1151,1151,1151,1151,1098,1151,1151,1151,1151,1151,1151,1151,1151,1151
993,993,993,993,993,993,993,993,993,993,993,993,993,993,993,993,993,993,993,993,993,993,993,993,993,993,993,993,993,993,993,993,993,993,993,993,993,993,993,993,993,993,993,993,993,993,993,993,993,993
1151,1151,1151,1151,1088,1088,1088,1151,1151,1151,1088,1151,1151,1088,1151,1151,1088,1088,1151,1151,1151,1151,1088,1151,1151,1151,1151,1151,1151,1151,1151,1088,1151,1151,1151,1151,1151,1151,1151,1151,1151,1151,1088,1151,1151,1151,1151,1088,1151,1151
993,993,993,993,993,993,993,993,993,993,993,993,993,993,993,993,993,993,993,993,993,993,993,993,993,993,993,993,993,993,993,993,993,993,993,993,993,993,993,993,993,993,993,993,993,993,993,993,993,993
1151,1151,1151,1151,1102,1151,1151,1151,1151,1151,1151,1151,1151,1151,1102,1151,1151,1151,1151,1151,1151,1151,1151,1151,1151,1102,1151,1151,1151,1151,1151,1102,1151,1151,1151,1151,1151,1151,1151,1151,1151,1151,1151,1151,1102,1151,1102,1151,1102,1151
993,993,993,993,993,993,993,993,993,993,993,993,993,993,993,993,993,993,993,993,993,993,993,993,993,993,993,993,993,993,993,993,993,993,993,993,993,993,993,993,993,993,993,993,993,993,993,993,993,993
1151,1076,1151,1151,1151,936,1151,1151,936,1151,1151,1138,1151,1151,1076,1138,1151,1151,1076,1151,1151,1151,1151,1151,1076,1151,1151,1151,936,1151,936,1151,1151,1151,1151,1151,1151,1151,1151,1138,1151,1151,936,1151,1076,1151,1151,936,1151,1138
993,993,993,993,993,993,993,993,993,993,993,993,993,993,993,993,993,993,993,993,993,993,993,993,993,993,993,993,993,993,993,993,993,993,993,993,993,993,993,993,993,993,993,993,993,993,993,993,993,993
1151,1151,1151,1151,1151,1151,1151,1151,1151,1151,939,1151,1151,1151,1151,939,939,1151,1151,1151,1151,1151,1151,1151,1151,1151,1151,1151,1151,1151,1151,1151,1151,1151,1151,1151,1151,1151,939,1151,1151,1151,1151,1151,1151,1151,1151,1151,1151,1151
993,993,993,993,993,993,993,993,993,993,993,993,993,993,993,993,993,993,993,993,993,993,993,993,993,993,993,993,993,993,993,993,993,993,993,993,993,993,993,993,993,993,993,993,993,993,993,993,993,993
1151,1151,1151,1151,1151,1151,1151,1151,1151,1151,1151,1151,1151,1151,1151,1151,1099,1151,1151,1151,1099,1099,1151,1151,1099,1151,1151,1151,1151,1151,1151,1151,1151,1151,1099,1099,1151,1151,1099,1151,1151,1099,1151,1151,1151,1151,1151,1151,1151,1151
993,993,983,993,993,993,993,993,993,983,993,993,983,993,993,993,993,993,983,993,993,983,993,993,993,993,993,983,993,993,983,993,993,993,993,993,993,993,993,993,983,993,993,993,993,993,983,993,993,993
1151,1151,1151,1151,1151,1151,1151,1151,1151,1151,1151,1151,1151,1151,1151,1151,1151,1151,1151,1151,1151,1151,1151,1151,1151,1151,1151,1151,1151,1151,1151,1151,1151,1151,1151,1151,1151,1151,1151,1151,1151,1151,1151,1151,1151,1151,1151,1151,1151,1151
993,993,993,993,993,993,993,993,993,993,993,993,993,993,993,993,993,993,993,993,993,993,993,993,993,993,993,993,993,993,993,993,993,993,993,993,993,993,993,993,993,993,993,993,993,993,993,993,993,993
977,1151,993,1151,933,1151,1151,1151,1151,1151,983,1151,977,983,983,1151,1151,1151,993,933,1151,977,1151,1151,1151,1151,933,1151,1151,983,1151,1151,1151,1151,1151,933,1151,983,1151,1151,1151,977,977,977,977,977,1151,1151,993,993
993,837,837,993,993,993,993,993,993,993,993,993,993,993,993,993,993,993,993,993,993,993,837,993,837,993,993,993,993,837,993,993,993,993,993,993,993,837,993,993,993,993,837,993,993,993,993,993,993,993
1151,1151,1151,985,1140,1118,1151,1093,1140,1151,985,1151,985,1151,1151,1118,1151,1151,985,1151,1140,1151,1151,1140,1118,1151,985,1151,1140,1118,1151,1151,985,1151,1093,1151,985,1118,1151,1093,1151,985,1118,1151,1151,1151,1151,1151,1093,1140
993,993,993,993,993,993,993,993,993,993,993,993,993,993,993,993,993,993,993,993,993,993,993,993,993,993,993,993,993,993,993,993,993,993,993,993,993,993,993,993,993,993,993,993,993,993,993,993,993,993
1151,1151,1151,1151,1151,1151,1151,1151,1151,954,1151,1151,1151,1151,1151,1151,1151,1151,1151,1151,1151,1151,1151,1151,1151,1151,954,1151,1151,954,1151,1151,1151,954,1151,1151,1151,1151,1151,954,1151,1151,1151,1151,1151,1151,1151,1151,1151,1151
993,993,993,993,993,993,993,993,993,993,993,993,993,993,993,993,993,993,993,993,993,993,993,993,993,993,993,993,993,993,993,993,993,993,993,993,993,993,993,993,993,993,993,993,993,993,993,993,993,993
1151,1151,1151,1151,1151,1151,1151,1151,1151,1151,1151,1151,1151,1151,1151,1151,1151,1151,1151,1151,1151,1151,1151,1151,1151,1151,1151,1151,1151,1151,1151,1151,1151,1151,1151,1151,1151,1151,1151,1151,1151,1151,1151,1151,1151,1151,1151,1151,1151,1151
993,993,993,993,993,993,993,993,993,993,993,993,993,993,993,993,993,993,993,993,993,993,993,993,993,993,993,993,993,993,993,993,993,993,993,993,993,993,993,993,993,993,993,993,993,993,993,993,993,993
929,1108,1151,1151,1151,929,1108,929,929,929,1151,1151,1151,1151,1151,1151,1151,1108,1151,1108,1151,1151,1151,1151,1108,1151,1151,1108,1108,1151,929,1151,1151,1108,1109,929,929,1151,1151,1109,1151,1151,1151,1151,1109,1151,1151,929,929,1151
993,993,993,993,993,993,993,993,993,993,993,993,993,993,993,993,993,993,993,993,993,993,993,993,993,993,993,993,993,993,993,993,993,993,993,993,993,993,993,993,993,993,993,993,993,993,993,993,993,993
1125,1025,1151,1151,1125,1151,1146,1151,1151,1125,1025,1151,1151,1151,1151,1151,1151,1025,1151,1125,1151,1125,1151,1151,1025,1146,1151,1151,1151,1025,1151,1146,1151,1025,1125,1151,1125,1151,1151,1146,1151,1151,1125,1125,1025,1151,1151,1125,1025,1025
993,993,993,993,993,993,993,993,993,993,993,993,993,993,993,993,993,993,993,993,993,993,979,993,993,993,979,979,993,993,993,993,993,993,993,993,993,993,993,993,979,979,993,993,993,993,993,993,993,993
1151,1151,1151,1151,1151,1151,1151,1151,1151,1151,1151,1151,1151,1151,1151,1151,1151,1151,1151,1151,1151,1151,1151,1151,1151,1151,1151,1151,1151,1151,1151,1151,1151,1151,1151,1151,1151,1151,1151,1151,1151,1151,1151,1151,1151,1151,1151,1151,1151,1151
993,993,993,993,993,993,993,993,993,993,993,993,993,993,993,993,993,993,993,993,993,993,993,993,993,993,993,993,993,993,993,993,993,993,993,993,993,993,993,993,993,993,993,993,993,993,993,993,993,993
1151,1151,1151,1151,1151,1141,1151,1141,1151,1141,1151,1151,1151,1151,1151,1151,1151,1151,1151,1151,1151,1151,1151,1151,1151,1151,1151,1151,1151,1151,1151,1141,1151,1141,1141,1151,1151,1151,1151,1141,1151,1151,1151,1151,1151,1151,1151,1151,1151,1151
993,993,993,993,981,981,993,993,993,993,981,993,993,993,993,993,993,993,993,993,993,993,993,993,981,993,993,993,993,993,993,993,993,981,993,981,993,993,993,993,981,993,993,981,993,993,993,993,993,993
1123,1123,1123,1123,1094,984,1094,1094,1123,1151,1123,1123,1094,1094,1123,1123,1123,984,1094,1123,1123,1094,1151,1123,1123,984,1151,1151,1094,1123,1094,1094,1123,1151,1094,1123,1123,1123,1123,1123,1123,1123,1123,1123,1123,1151,1094,1094,1123,1123
981,981,981,981,981,981,981,981,981,981,981,981,981,981,981,981,981,981,981,981,981,981,981,981,981,981,981,981,981,981,981,981,981,981,981,981,981,981,981,981,981,981,981,981,981,981,981,981,981,981
1123,811,1123,811,1088,984,1123,1123,1123,1123,1123,1123,1123,1123,1123,1123,984,1088,984,811,811,1123,1123,1123,1088,1123,1123,1123,811,1123,1123,1123,1123,1123,1088,984,1123,1123,1088,1123,1088,1123,1123,1123,1123,811,1123,1123,1123,811
981,981,981,981,981,981,981,981,981,981,981,981,981,981,981,981,981,981,981,981,981,981,981,981,981,981,981,981,981,981,981,981,981,981,981,981,981,981,981,981,981,981,981,981,981,981,981,981,981,981
939,939,1123,1123,1123,1123,1123,939,939,1123,1123,1123,1123,1123,1123,1123,1123,939,1123,1123,1123,1123,1123,1123,1123,1123,1123,1123,939,1123,1123,1123,1123,1123,1123,1123,1123,1123,1123,1123,1123,1123,1123,1123,1123,1123,1123,1123,1123,1123
981,981,981,844,981,981,981,981,981,981,981,981,844,981,981,981,981,981,981,981,981,844,844,844,844,981,981,981,844,981,981,981,981,981,981,981,981,981,981,844,981,981,844,981,981,844,981,981,844,981
1123,1123,1123,1123,1123,1123,1123,1123,1123,1123,1123,1123,1123,1123,1123,1123,1123,1123,1123,1123,1123,1123,1123,1123,1123,1123,1123,1123,1123,1123,1123,1123,1123,1123,1123,1123,1123,1123,1123,1123,1123,1123,1123,1123,1123,1123,1123,1123,1123,1123
981,981,981,981,981,931,981,981,981,931,981,931,981,981,981,981,981,931,981,981,981,981,981,981,981,981,981,931,981,981,981,981,981,931,981,981,981,981,981,981,981,981,981,931,981,981,981,981,981,981
1074,1123,1123,1123,941,1123,1123,1123,1123,941,1123,1123,1123,1123,1123,1074,1123,1123,941,1123,1123,1123,1074,1123,1123,1123,1123,1123,1123,1123,1123,1123,1123,941,1123,1074,1123,1123,1123,1123,941,1123,941,1123,1123,1123,941,1074,1123,1074
981,981,981,981,981,981,981,981,981,981,981,981,981,981,981,981,981,981,981,981,981,981,981,981,981,981,981,981,981,981,981,981,981,981,981,981,981,981,981,981,981,981,981,981,981,981,981,981,981,981
1045,1123,1123,1123,1123,1123,1123,1045,1045,1123,1045,1045,1123,1045,1123,1123,1123,1123,1123,1045,1123,1045,1123,1123,1123,1123,1123,1045,1123,1123,1123,1123,1123,1123,1123,1045,1123,1123,1123,1123,1123,1123,1045,1123,1123,1123,1123,1123,1123,1123
981,981,981,981,981,981,981,981,981,981,981,981,981,981,981,981,981,981,981,981,981,981,981,981,981,981,981,981,981,981,981,981,981,981,981,981,981,981,981,981,981,981,981,981,981,981,981,981,981,981
1123,1123,1123,1123,1123,1123,1123,1123,1123,1123,1123,1123,1123,1123,1123,1123,1123,1123,1123,1123,1123,1123,1123,1123,1123,1123,1123,1123,1123,1123,1123,1123,1123,1123,1123,1123,1123,1123,1123,1123,1123,1123,1123,1123,1123,1123,1123,1123,1123,1123
981,891,891,981,981,981,981,981,981,981,981,981,981,981,981,981,981,981,891,981,981,981,981,981,891,981,981,981,981,891,981,981,981,981,981,981,981,981,891,981,891,981,981,891,891,981,981,981,891,981
1123,1123,1123,1123,1088,1123,1123,1123,1088,1123,1123,1123,1123,1123,1123,1088,1088,1123,1123,1088,1123,1123,1123,1088,1123,1088,1123,1123,1123,1123,1123,1123,1088,1088,1088,1123,1088,1123,1123,1123,1123,1123,1123,1123,1123,1088,1123,1123,1123,1123
981,887,981,981,981,981,981,981,981,981,981,981,981,981,981,981,887,981,981,981,981,981,981,981,981,981,981,981,981,981,887,981,981,981,981,981,981,981,981,981,981,981,981,981,887,981,981,981,981,981
1123,1123,1123,1123,1123,1123,1123,1123,1123,1123,1123,1123,1123,1123,1123,1123,1123,1123,1123,1123,1123,1123,1123,1123,1123,1123,1123,1123,1123,1123,1123,1123,1123,1123,1123,1123,1123,1123,1123,1123,1123,1123,1123,1123,1123,1123,1123,1123,1123,1123
981,981,981,981,981,981,981,981,981,981,981,981,981,981,981,981,981,981,981,981,981,981,981,981,981,981,981,981,981,981,981,981,981,981,981,981,981,981,981,981,981,981,981,981,981,981,981,981,981,981
1123,1123,1123,1123,1123,1123,1123,1123,1123,1123,1123,1123,1123,1123,1123,1123,1123,1005,1123,1005,1123,1123,1123,1005,1123,1123,1123,1123,1123,1123,1123,1123,1123,1123,1123,1005,1123,1123,1123,1123,1123,1123,1123,1005,1123,1123,1123,1123,1123,1005
981,981,981,981,981,981,929,981,981,887,981,981,929,887,981,981,887,981,981,887,981,981,981,887,981,981,981,887,981,981,887,981,981,887,929,981,981,887,981,981,981,929,981,981,981,929,981,887,981,981
1123,1123,1123,1123,1123,1122,1122,1123,1123,1123,1122,1122,1122,1084,1123,1123,1123,1123,1084,1084,1123,1123,1123,1123,1122,1084,1123,1123,1123,1123,1123,1123,1123,1122,1123,1123,1123,1123,1123,1123,1084,1122,1123,1123,1123,1122,1084,1123,1123,1122
975,975,981,975,981,981,981,981,981,981,981,981,975,981,981,981,981,981,981,981,981,981,981,981,981,981,981,975,981,981,981,981,981,981,975,981,981,981,975,975,981,975,981,981,981,981,981,981,975,981
1123,1123,1123,1123,847,1123,1123,847,1123,1123,1123,1123,1123,1123,1123,847,1123,1123,1123,847,1123,1123,1123,1123,1123,1123,847,1123,1123,1123,1123,1123,847,1123,1123,1123,1123,1123,847,1123,1123,1123,1123,1123,1123,1123,847,1123,1123,847
981,981,981,981,981,981,981,981,981,981,981,981,981,981,981,981,981,981,981,981,981,981,981,981,981,981,981,981,981,981,981,981,981,981,981,981,981,981,981,981,981,981,981,981,981,981,981,981,981,981
1123,1075,1123,955,1123,1123,1075,1123,841,955,841,1123,1123,841,1123,955,1123,1123,955,1123,841,1123,1052,1123,1123,1123,1075,1123,1075,955,1075,841,1075,841,955,1123,1052,1052,1052,1123,1123,1123,1123,1123,1052,841,1052,955,955,1123
981,981,981,981,981,981,981,981,981,981,981,950,981,981,950,981,981,981,981,981,981,950,981,950,981,950,981,981,981,981,981,981,981,981,981,981,981,981,981,981,981,981,981,981,981,981,981,981,981,950
1123,1123,1123,1123,1123,1123,1123,1123,980,1123,1123,1123,1123,1123,1123,1123,1123,1123,1123,1123,1123,1123,980,980,1123,1123,1123,980,1123,1123,1123,1123,1123,1123,1123,1123,1123,980,1123,1123,1123,1123,1123,1123,1123,1123,980,1123,1123,1123
981,981,981,981,981,981,981,981,981,981,981,981,981,981,981,981,981,981,981,981,981,981,981,981,981,981,981,981,981,981,981,981,981,981,981,981,981,981,981,981,981,981,981,981,981,981,981,981,981,981
1084,994,994,994,994,1123,1123,994,1084,1084,1123,1084,1084,1123,1084,1084,1123,1123,1123,1123,1123,1123,1123,1123,1123,1123,1123,1123,1123,1123,1123,1123,1123,1123,1123,1123,994,1123,1123,1123,1123,994,1084,994,994,1123,1123,1123,1123,994
981,981,981,981,981,981,981,981,981,981,981,981,981,981,981,981,981,981,981,981,981,981,981,981,981,981,981,981,981,981,981,981,981,981,981,981,981,981,981,981,981,981,981,981,981,981,981,981,981,981
1123,1123,1123,1123,1123,1123,1123,1123,1016,1123,1016,1123,1073,1123,1123,1073,1123,1123,1123,1016,1123,1123,1073,1016,1016,1016,1016,1123,1123,1073,1123,1123,1123,1123,1123,1016,1123,1123,1123,1123,1016,1123,1123,1123,1123,1123,1016,1123,1123,1123
981,981,981,981,981,981,981,981,981,981,981,981,981,981,981,981,981,981,981,981,981,981,981,981,981,981,981,981,981,981,981,981,981,981,981,981,981,981,981,981,981,981,981,981,981,981,981,981,981,981
1123,1123,1123,1123,1123,1123,1123,1123,1123,935,1123,1123,1123,1123,935,1123,1044,935,1123,935,1044,1123,1123,1123,1123,1123,1123,1044,1123,1123,1123,1123,935,935,935,1044,1044,1123,1123,935,1123,1123,1123,1044,935,1123,1044,1123,1044,1123
981,981,981,981,981,981,981,981,981,981,981,981,981,981,981,981,981,981,981,981,981,981,981,981,981,981,981,981,981,981,981,981,981,981,981,981,981,981,981,981,981,981,981,981,981,981,981,981,981,981
1037,990,1123,1123,1123,990,1123,1123,1123,1123,1123,1037,1123,1123,1123,1123,990,1123,1123,1123,1123,990,1123,1123,990,1037,1123,1123,1037,1123,1123,1123,1037,1123,1123,1123,990,1123,1123,1123,1123,1123,1123,1123,1037,1123,1123,1123,1037,1123
981,981,981,981,981,981,981,981,981,981,981,981,981,981,981,981,981,981,981,981,981,981,981,981,981,981,981,981,981,981,981,981,981,981,981,981,981,981,981,981,981,981,981,981,981,981,981,981,981,981
1123,1123,1123,1123,1123,1123,1123,1123,1123,1123,1123,1123,1123,1123,1123,1123,1123,1123,1123,1123,1123,1123,1123,1123,1123,1123,1123,1123,1123,1123,1123,1123,1123,1123,1123,1123,1123,1123,1123,1123,1123,1123,1123,1123,1123,1123,1123,1123,1123,1123
981,981,981,956,981,981,981,867,956,956,867,956,867,981,981,981,867,981,981,981,867,867,981,867,981,981,981,981,981,981,981,981,981,981,981,956,981,981,981,981,981,867,981,981,981,981,981,981,981,867
1123,1123,1123,1123,1123,1123,1123,1123,1123,1123,1123,1123,1123,1123,1123,1123,1123,1123,1123,1123,1123,1123,1123,1123,1123,1123,1123,1123,1123,1123,1123,1123,1123,1123,1123,1123,1123,1123,1123,1123,1123,1123,1123,1123,1123,1123,1123,1123,1123,1123
981,981,981,981,981,981,981,981,981,981,981,981,981,981,981,981,981,981,981,981,981,981,981,981,981,981,981,981,981,981,981,981,981,981,981,981,981,981,981,981,981,981,981,981,981,981,981,981,981,981
1123,1123,1123,1123,1123,1123,1123,1123,1123,1123,1123,1123,1123,1123,1123,1123,1123,1123,1123,1123,1123,1123,1123,1123,1123,1123,1123,1123,1123,1123,1123,1123,1123,1123,1123,1123,1123,1123,1123,1123,1123,1123,1123,1123,1123,1123,1123,1123,1123,1123
981,981,981,854,981,981,981,981,854,981,981,932,854,981,981,932,854,981,981,981,854,981,981,854,981,981,981,932,854,981,981,981,981,932,981,932,981,932,981,981,981,981,981,932,854,932,981,981,981,854
1123,1076,1123,1123,1076,1123,1123,1123,1123,1123,1123,1076,1123,1123,1123,1123,1123,1123,1123,1123,1123,1123,1123,1123,1123,1123,1123,1123,1076,1123,1123,1123,1123,1123,1123,1123,1076,1123,1123,1123,1123,1123,1123,1123,1123,1123,1123,1123,1123,1123
981,981,981,981,981,981,981,981,981,981,981,981,981,981,981,981,981,981,981,981,981,981,981,981,981,981,981,981,981,981,981,981,981,981,981,981,981,981,981,981,981,981,981,981,981,981,981,981,981,981
1123,1123,1123,1123,1123,1123,1123,1123,1123,1123,1123,1123,1123,1123,1123,1123,1123,1123,1123,1123,1123,1123,844,1123,1123,1123,1123,1123,1123,1123,844,1123,1123,1123,1123,1123,1123,1123,1123,1123,1123,1123,1123,1123,1123,1123,1123,1123,844,844
981,981,981,981,981,981,981,981,981,981,981,981,981,981,981,981,981,981,981,981,981,981,981,981,981,981,981,981,981,981,981,981,981,981,981,981,981,981,981,981,981,981,981,981,981,981,981,981,981,981
1123,1123,1123,1123,1123,1123,1123,1123,1123,1123,1123,1123,1123,1123,1123,1123,1123,1123,1123,1123,1123,1123,1123,1123,1123,1123,1123,1123,1123,1123,1123,1123,1123,1123,1123,1123,1123,1123,1123,1123,1123,1123,1123,1123,1123,1123,1123,1123,1123,1123
981,981,981,981,981,981,981,981,981,981,981,981,981,981,981,981,981,981,981,981,981,981,981,981,981,981,981,981,981,981,981,981,981,981,981,981,981,981,981,981,981,981,981,981,981,981,981,981,981,981
1123,1123,1123,1123,1123,956,1123,1123,1123,1123,1015,1015,1123,1123,1123,956,1123,1123,1123,1123,1123,1123,956,1123,1123,956,1123,1123,1123,1123,1123,1015,956,1123,956,1123,1015,1015,1123,1123,1015,1123,1123,1123,1123,1123,1123,1123,1123,1123
981,930,930,930,981,981,981,981,981,981,981,981,930,981,930,981,981,981,930,981,930,981,981,981,981,930,981,981,981,981,930,981,981,981,981,981,981,981,981,981,930,981,981,981,981,981,981,981,981,981
1123,1123,1123,1123,1123,1123,933,933,1123,1123,933,1123,1123,1123,1123,1123,1123,933,1123,1123,1123,1123,1123,1123,933,933,933,1123,1123,1123,933,1123,1123,1123,1123,1123,933,1123,1123,1123,1123,933,1123,1123,933,1123,1123,1123,1123,1123
981,981,981,981,981,981,981,981,981,981,981,981,981,981,981,981,981,981,981,981,981,981,981,981,981,981,981,981,981,981,981,981,981,981,981,981,981,981,981,981,981,981,981,981,981,981,981,981,981,981
1123,1123,1123,1123,1123,1123,1123,1123,1123,1123,1123,1123,1123,1123,1123,1123,1123,1123,1123,1123,1123,1123,1123,1123,1123,1123,1123,1123,1123,1123,1123,1123,1123,1123,1123,1123,1123,1123,1123,1123,1123,1123,1123,1123,1123,1123,1123,1123,1123,1123
981,981,981,981,981,981,981,981,981,981,981,981,981,981,981,981,981,981,981,981,981,981,981,981,981,981,981,981,981,981,981,981,981,981,981,981,981,981,981,981,981,981,981,981,981,981,981,981,981,981
1123,1123,936,936,1123,1123,1123,1123,1123,1123,1123,936,1123,1123,936,1123,936,1123,1123,1123,1123,1123,1123,1123,1123,1123,1123,1123,1123,1123,1123,1123,1123,1123,936,1123,1123,936,1123,1123,1123,1123,1123,1123,1123,1123,1123,936,1123,1123
981,981,981,981,981,981,981,981,981,981,981,981,981,981,981,981,981,981,981,981,981,981,981,981,981,981,981,981,981,981,981,981,981,981,981,981,981,981,981,981,981,981,981,981,981,981,981,981,981,981
983,983,1024,1123,983,1123,1076,1123,1123,1123,1123,1123,1123,1123,1123,983,1024,1076,1123,1123,983,1123,1123,1123,1123,1123,1076,1076,1123,1123,1024,1123,983,1076,1123,1123,1123,1123,1024,983,1024,1076,983,1123,1123,983,1076,1123,1123,1076
981,981,981,981,981,981,981,981,981,981,981,981,981,981,981,981,981,981,981,981,981,981,981,981,981,981,981,981,981,981,981,981,981,981,981,981,981,981,981,981,981,981,981,981,981,981,981,981,981,981
1123,1123,1123,1123,1123,1123,1123,1123,1123,1123,1123,1123,1123,1123,1123,1123,1123,1123,1123,1123,1123,1123,1123,1123,1123,1123,1123,1123,1123,1123,1123,1123,1123,1123,1123,1123,1123,1123,1123,1123,1123,1123,1123,1123,1123,1123,1123,1123,1123,1123
981,981,981,981,981,981,981,981,981,981,981,981,981,981,981,981,981,981,981,981,981,981,981,981,981,981,981,981,981,981,981,981,981,981,981,981,981,981,981,981,981,981,981,981,981,981,981,981,981,981
1123,1123,1123,1123,1123,1086,834,1123,1123,1123,1123,1123,1123,1123,1123,1123,1123,1123,1123,1123,1123,1123,834,834,1123,1123,1123,1123,1086,1123,1123,1123,1123,1123,1086,834,1123,1086,1123,1123,834,1123,834,1123,1123,1123,1123,1123,1123,1123
981,981,981,981,981,981,981,981,876,981,981,981,981,981,981,876,981,981,876,876,981,981,981,876,981,981,981,981,981,981,981,981,981,981,981,981,981,876,876,981,981,981,981,876,981,981,981,981,981,876
1123,1123,1123,1123,1123,1123,1123,1079,1123,1079,1123,1123,1079,1123,1123,1123,1123,1072,1079,1123,1123,1031,1123,1123,1031,1123,1079,1031,1123,1079,1072,1031,1123,1123,1123,1123,1123,1123,1079,1079,1072,1072,1123,1072,1123,1123,1072,1031,1072,1123
981,981,981,981,981,981,981,981,981,981,981,981,981,981,981,981,981,981,981,981,981,981,981,981,981,981,981,981,981,981,981,981,981,981,981,981,981,981,981,981,981,981,981,981,981,981,981,981,981,981
987,987,987,1115,1123,1123,1115,1123,1123,1123,1123,1123,987,1123,1123,1123,987,987,1123,1123,1123,1123,1123,1123,1123,987,1115,1123,1115,1123,1123,1115,1115,1123,987,987,1123,1123,1123,1123,1123,987,1123,1123,987,1115,1123,1115,1123,1123
981,981,981,981,981,981,981,981,981,981,981,981,981,981,981,981,981,981,981,981,981,981,981,981,981,981,981,981,981,981,981,981,981,981,981,981,981,981,981,981,981,981,981,981,981,981,981,981,981,981
1123,1123,1123,1123,1123,1123,1036,1123,1036,1123,1036,1123,1123,1123,1123,1123,1123,1123,1123,1123,1123,1123,1123,1123,1123,1123,1123,1123,1123,1123,1123,1123,1123,1123,1123,1123,1123,1123,1123,1123,1036,1123,1123,1123,1123,1123,1123,1123,1123,1123
981,981,981,981,981,981,981,981,981,981,981,981,981,981,981,981,981,981,981,981,981,981,981,981,981,981,981,981,981,981,981,981,981,981,981,981,981,981,981,981,981,981,981,981,981,981,981,981,981,981
1123,1123,1123,1123,1123,1123,1123,1123,1123,1123,1123,1123,1123,1123,1123,1123,1123,1123,1123,1123,1123,1123,1123,1123,1123,1123,1123,1123,1123,1123,1123,1123,1123,1123,1123,1123,1123,1123,1123,1123,1123,1123,1123,1123,1123,1123,1123,1123,1123,1123
981,981,981,981,981,981,981,981,981,981,981,981,981,981,981,981,981,981,981,981,981,981,981,981,981,981,981,981,981,981,981,981,981,981,981,981,981,981,981,981,981,981,981,981,981,981,981,981,981,981
961,961,1123,1123,1123,961,1123,1094,1094,961,1094,961,1123,1123,1123,1123,1094,1094,1123,1094,1123,1123,1123,1123,1123,1123,1094,1123,1123,961,1123,1094,1123,1123,1123,961,1123,1123,1094,1123,1123,1123,1123,1123,1123,1123,1123,1123,1123,1123
981,981,981,981,981,981,981,981,981,981,981,981,981,981,981,981,981,981,981,981,981,981,981,981,981,981,981,981,981,981,981,981,981,981,981,981,981,981,981,981,981,981,981,981,981,981,981,981,981,981
1123,1123,1123,1123,1123,840,1123,983,840,1123,983,1123,1123,840,1123,983,840,1123,1123,1123,1123,1123,1123,983,1123,1123,1123,1123,1123,1123,1123,1123,983,1123,1123,1123,1123,983,1123,1123,1123,1123,1123,983,1123,983,983,1123,1123,1123
981,981,981,981,981,981,981,981,981,981,981,981,981,981,981,981,981,981,981,981,981,981,981,981,981,981,981,981,981,981,981,981,981,981,981,981,981,981,981,981,981,981,981,981,981,981,981,981,981,981
1123,1123,1123,1123,1123,1123,1123,1123,1123,1123,1123,1123,1123,1123,1123,1123,1123,1123,1123,1123,1123,1123,1123,1123,1123,1123,1123,1123,1123,1123,1123,1123,1123,1123,1123,1123,1123,1123,1123,1123,1123,1123,1123,1123,1123,1123,1123,1123,1123,1123
981,981,981,981,981,981,981,981,981,981,981,981,981,981,981,981,981,981,981,981,981,981,981,981,981,981,981,981,981,981,981,981,981,981,981,981,981,981,981,981,981,981,981,981,981,981,981,981,981,981
1123,1123,1090,1123,1090,1123,945,1123,1123,1090,1123,1123,1123,1123,945,1123,1123,1123,1123,945,1123,1123,1123,1123,945,1123,1090,1123,945,1123,1123,945,945,1123,1123,1123,1123,1123,1123,1123,945,1123,1123,1090,1123,1123,1090,1123,1090,1123
981,981,981,981,981,981,981,981,981,981,981,981,981,981,981,981,981,981,981,981,981,981,981,981,981,981,981,981,981,981,981,981,981,981,981,981,981,981,981,981,981,981,981,981,981,981,981,981,981,981
1123,1123,1123,1123,1123,990,1100,1123,1123,1123,1123,1123,1123,990,1100,990,990,1123,1058,1100,990,990,1123,1100,1058,1123,990,990,1100,1123,1123,1123,990,1123,1123,1123,990,1123,1123,990,1123,1123,990,1123,1123,1123,1123,1123,1123,1100
981,981,981,981,981,981,981,981,981,981,981,981,981,981,981,981,981,981,981,981,981,981,981,981,981,981,981,981,981,981,981,981,981,981,981,981,981,981,981,981,981,981,981,981,981,981,981,981,981,981
1123,1123,1123,1123,1123,1027,1027,1051,1051,1123,1123,1027,1027,1123,1051,1123,1123,1123,1027,1123,1123,1123,1123,1123,1123,1123,1123,1123,1123,1123,1027,1027,1123,1123,1123,1123,1123,1051,1123,1051,1123,1123,1123,1123,1123,1123,1123,1123,1123,1123
981,981,931,981,981,935,981,981,981,931,981,931,981,931,981,981,981,935,935,981,981,981,935,981,981,935,931,931,981,981,981,935,981,935,981,931,981,981,981,981,981,935,981,935,981,931,981,981,981,935
1123,1123,1123,1123,1075,1076,1075,1123,1123,1076,1123,1123,1123,1088,1123,1088,1123,1123,1075,1123,1123,1123,1076,1123,1075,1088,1123,1123,1123,1075,1075,1123,1123,1076,1076,1123,1123,1088,1123,1123,1123,1123,1123,1123,1123,1123,1123,1123,1123,1123
981,981,981,981,981,981,981,981,981,981,981,981,981,981,981,981,981,981,981,981,981,981,981,981,981,981,981,981,981,981,981,981,981,981,981,981,981,981,981,981,981,981,981,981,981,981,981,981,981,981
1098,1123,1123,1123,1123,1123,1123,937,1123,1123,937,1123,1123,1123,1123,1098,1123,1123,1123,937,1123,1123,937,1123,1123,1123,1123,1123,1098,1123,1123,1123,1098,937,1098,1123,1123,1123,1123,937,1098,937,937,1123,1123,937,1123,1123,1123,1123
981,981,981,981,981,981,981,981,981,981,981,981,981,981,981,981,981,981,981,981,981,981,981,981,981,981,981,981,981,981,981,981,981,981,981,981,981,981,981,981,981,981,981,981,981,981,981,981,981,981
1031,1000,1000,945,1031,945,1123,1123,1123,945,1123,1123,1123,945,1123,1123,1123,1123,1031,1123,1031,1123,945,1000,1123,1123,1031,1031,1123,1123,1123,945,945,1123,1123,1031,1123,1123,1123,1123,1123,1123,1123,1123,1123,1123,1123,1123,1123,1123
981,981,981,981,981,981,981,981,981,981,981,981,981,981,981,981,981,981,981,981,981,981,981,981,981,981,981,981,981,981,981,981,981,981,981,981,981,981,981,981,981,981,981,981,981,981,981,981,981,981
1123,1123,1123,1123,1123,1123,1123,1123,1123,1123,1123,1123,1123,1123,1123,1123,1123,1123,1123,1123,1123,1123,1123,1123,1123,1123,1123,1123,1123,1123,1123,1123,1123,1123,1123,1123,1123,1123,1123,1123,1123,1123,1123,1123,1123,1123,1123,1123,1123,1123
981,981,981,981,981,981,981,981,981,981,981,981,981,981,981,981,981,981,981,981,981,981,981,981,981,981,981,981,981,981,981,981,981,981,981,981,981,981,981,981,981,981,981,981,981,981,981,981,981,981
1123,1123,788,1123,1123,1030,1123,788,1030,1112,1123,1123,1030,788,1109,1112,1123,788,1123,1030,1112,1030,1030,1109,788,1123,1112,1112,1123,788,1123,1112,1123,1123,1123,1123,1030,1030,1123,1030,1123,1123,1123,1123,788,1123,1112,1123,1030,1123
938,938,981,938,981,981,981,981,981,981,981,981,981,981,981,981,981,981,981,981,1091,981,981,981,981,981,981,981,1030,981,981,981,981,981,981,981,981,981,981,938,981,938,981,981,981,938,938,981,981,1197
1123,1095,1123,1123,1123,1123,1123,890,1095,1123,1123,1074,890,1123,1123,1123,1123,1123,890,1123,890,1123,1123,1095,1123,1123,1123,1123,1123,1123,1123,1123,1123,1123,1074,890,1123,890,1123,1095,1074,1123,890,1095,1074,890,1123,1074,890,890
981,981,981,981,981,981,981,981,981,981,981,981,981,981,981,981,981,981,981,981,981,981,981,981,981,981,981,981,981,981,981,981,981,981,981,981,981,981,981,981,981,981,981,981,981,981,981,981,981,981
1123,1030,1123,1123,1077,1123,1030,1123,1123,1039,1077,1123,1030,1039,1077,1123,1123,1077,1077,1030,1030,1123,1123,1123,1123,1123,1123,1123,1123,1123,1030,1077,1123,1077,1123,1039,1123,1123,1123,1123,1123,1123,1039,1030,1039,1123,1077,1039,1123,1123
981,981,981,981,981,981,981,981,981,981,981,981,981,981,981,981,981,981,981,981,981,981,981,981,981,981,981,981,981,981,981,981,981,981,981,981,981,981,981,981,981,981,981,981,981,981,981,981,981,981
1098,1123,1123,1123,1123,1123,1123,1123,1123,1123,1123,1123,1123,1123,1123,1123,1098,1098,1123,1123,1123,1098,1123,1123,1123,1123,1123,1123,1123,1098,1123,1098,1123,1123,1123,1123,1123,1123,1098,1098,1123,1123,1098,1123,1123,1098,1123,1123,1123,1123
981,981,981,981,981,981,981,981,981,981,981,981,981,981,981,981,981,981,981,981,981,981,981,981,981,981,981,981,981,981,981,981,981,981,981,981,981,981,981,981,981,981,981,981,981,981,981,981,981,981
1123,1123,1123,1123,1123,1123,1123,1123,1123,1123,1123,1123,1123,1123,883,993,1123,1123,1123,1123,1123,993,1123,1123,1123,1123,883,1123,1123,1123,883,993,993,993,1123,1123,883,1123,1123,1123,1123,883,1123,993,1123,883,1123,1123,1123,993
981,981,981,981,981,981,981,981,981,981,981,981,981,981,981,981,981,981,981,981,981,981,981,981,981,981,981,981,981,981,981,981,981,981,981,981,981,981,981,981,981,981,981,981,981,981,981,981,981,981
879,1123,1123,1123,1123,1123,1123,1123,879,1123,1123,879,1123,1123,1123,1123,1123,1123,1123,1123,1123,879,1123,1123,1123,1123,1123,1123,1123,1123,1123,1123,1123,1123,1123,879,1123,1123,1123,879,1123,1123,1123,1123,1123,879,1123,1123,1123,1123
981,981,981,981,981,981,981,981,981,981,981,981,981,981,981,981,981,981,981,981,981,981,981,981,981,981,981,981,981,981,981,981,981,981,981,981,981,981,981,981,981,981,981,981,981,981,981,981,981,981
1123,1123,1123,1123,1097,1123,1123,1123,1097,1123,1123,1123,1123,1123,1123,1123,1123,1123,1123,1123,1123,1123,1123,1123,1123,1123,1123,1097,1123,1123,1123,1123,1123,1097,1123,1123,1123,1123,1123,1123,1123,1123,1123,1123,1123,1123,1123,1123,1123,1097
981,981,981,981,981,981,981,981,981,981,981,981,981,981,981,981,981,981,981,981,981,981,981,981,981,981,981,981,981,981,981,981,981,981,981,981,981,981,981,981,981,981,981,981,981,981,981,981,981,981
1123,1123,1123,1123,1123,1123,1123,1123,1123,1123,1123,1123,1123,1123,1123,1123,1123,1123,1123,1123,1123,1123,1123,1123,1123,1123,1123,1123,1123,1123,1123,1123,1123,1123,1123,1123,1123,1123,1123,1123,1123,1123,1123,1123,1123,1123,1123,1123,1123,1123
981,981,981,981,981,981,976,981,981,981,981,981,981,981,981,981,981,981,981,981,976,981,981,981,981,981,981,981,981,981,981,981,981,976,976,981,981,981,981,976,981,981,981,976,981,981,981,981,981,981
1123,1123,1123,1123,1123,1123,1123,1123,1123,1123,1123,1123,1123,1123,1123,1123,1123,1123,1123,1123,1123,1123,1123,1123,1123,1123,1123,1123,1123,1123,1123,1123,1123,1123,1123,1123,1123,1123,1123,1123,1123,1123,1123,1123,1123,1123,1123,1123,1123,1123
981,981,981,981,981,981,981,981,981,981,981,981,981,981,981,981,981,981,981,981,981,981,981,981,981,981,981,981,981,981,981,981,981,981,981,981,981,981,981,981,981,981,981,981,981,981,981,981,981,981
1123,1123,1123,1123,1123,1123,1123,1123,1123,1123,1123,1123,1123,1123,1123,1123,1123,1123,1123,1123,1123,1123,1123,1123,1123,1123,1123,1123,1123,1123,1123,1123,1123,1123,1123,1123,1123,1123,1123,1123,1123,1123,1123,1123,1123,1123,1123,1123,1123,1123
981,981,981,981,981,981,981,981,981,981,981,981,981,981,981,981,981,981,981,981,981,981,865,981,981,865,981,981,981,981,981,865,981,981,981,981,865,981,865,981,981,981,981,981,981,981,865,981,981,981
1092,1092,1123,1092,1123,980,1123,1123,1092,1123,980,980,1039,1092,1039,1039,1039,1039,1092,1092,1123,1123,1092,980,1092,1092,1039,1039,980,1092,1092,1039,1123,1092,1039,1092,1123,980,1092,1039,1092,1039,1123,1092,1092,1092,1039,980,980,1092
865,865,865,865,865,865,865,865,865,865,865,865,865,865,865,865,865,865,865,865,865,865,865,865,865,865,865,865,865,865,865,865,865,865,865,865,865,865,865,865,865,865,865,865,865,865,865,865,865,981
899,1092,899,1092,1092,1092,1092,1092,1092,1092,1092,862,1092,1092,862,899,862,1092,1092,1092,1092,1092,862,1092,1092,862,862,1092,1092,1092,1092,1092,1092,899,1092,1092,1092,1092,1092,1092,1092,1092,899,1092,862,1092,862,1092,1092,1092
865,865,865,865,865,865,865,865,865,865,865,865,865,865,865,865,865,865,865,865,865,865,865,865,865,865,865,865,865,865,865,865,865,865,865,865,865,865,865,865,865,865,865,865,865,865,865,865,865,865
1092,1092,1092,1092,1092,1092,1092,1092,992,1092,1092,1092,1092,1092,1092,1092,1092,1092,1092,1092,1092,1092,1092,1092,1092,1092,1092,1092,1092,1092,1092,1092,1092,1092,992,1092,1092,1092,1092,992,1092,1092,1092,1092,992,1092,1092,1092,1092,1092
865,865,865,865,849,865,865,865,849,865,865,865,865,865,865,865,865,865,865,865,865,849,865,865,865,865,849,849,865,865,865,865,865,865,865,865,865,865,865,865,849,865,865,865,865,865,865,865,865,865
1092,1092,1092,1092,1085,1092,1092,1092,1092,1092,1092,1092,1092,1092,1092,1092,1092,1092,1092,1092,1092,1092,1092,1092,1092,1092,1085,1085,1085,1092,1092,1092,1092,1085,1092,1092,1092,1092,1092,1092,1092,1092,1092,1092,1092,1092,1092,1092,1092,1092
865,865,865,865,865,865,865,865,865,865,865,865,865,865,865,865,865,865,865,865,865,865,865,865,865,865,865,865,865,865,865,865,865,865,865,865,865,865,865,865,865,865,865,865,865,865,865,865,865,865
1092,1092,1092,1092,1092,1092,1092,1092,1092,1092,1092,1092,1092,1092,1092,1092,1092,1092,1092,1092,1092,1092,1092,1092,1092,1092,1092,1092,1092,1092,1092,1092,1092,1092,1092,1092,1092,1092,1092,1092,1092,1092,1092,1092,1092,1092,1092,1092,1092,1092
865,865,865,865,865,865,865,865,865,865,865,865,865,865,865,865,865,865,865,865,865,865,865,865,865,865,865,865,865,865,865,865,865,865,865,865,865,865,865,865,865,865,865,865,865,865,865,865,865,865
1092,1092,1092,1092,1092,1092,1092,1092,1092,1092,1092,1092,1092,1092,1092,1092,1092,1092,1092,1092,1092,1092,1092,1092,1092,1092,1092,1092,1092,1092,1092,1092,1092,1092,1092,1092,1092,1092,1092,1092,1092,1092,1092,1092,1092,1092,1092,1092,1092,1092
